0	1.000000	1.000000
1	1.349076	1.349076
2	1.820005	1.820005
3	2.455325	2.455325
4	3.312419	3.312419
5	4.468703	4.468703
6	6.028619	6.028619
7	8.133063	8.133063
8	10.972118	10.972118
9	14.802217	14.802217
10	19.969311	19.969311
11	26.940111	26.940111
12	36.344249	36.344249
13	49.031141	49.031141
14	66.146719	66.146719
15	89.236929	89.236929
16	120.387369	120.387369
17	162.411670	162.411670
18	219.105632	219.105632
19	295.590075	295.590075
20	398.773377	398.773377
21	537.975458	537.975458
22	725.769597	725.769597
23	979.118101	979.118101
24	1320.904401	1320.904401
25	1781.999980	1781.999980
26	2404.052805	2404.052805
27	3243.249131	3243.249131
28	4375.388472	4375.388472
29	5902.730104	5902.730104
30	7963.229528	7963.229528
31	10742.999156	10742.999156
32	14493.118709	14493.118709
33	19552.313731	19552.313731
34	26377.550610	26377.550610
35	35585.311578	35585.311578
36	48007.277811	48007.277811
37	64765.450142	64765.450142
38	87373.492590	87373.492590
39	117873.452445	117873.452445
40	159020.206009	159020.206009
41	214530.289854	214530.289854
42	289417.593020	289417.593020
43	390446.231190	390446.231190
44	526741.508212	526741.508212
45	710614.149427	710614.149427
46	958672.254782	958672.254782
47	1293321.407729	1293321.407729
48	1744788.435617	1744788.435617
49	2353851.615593	2353851.615593
50	3175523.928933	3175523.928933
51	4284022.049829	4284022.049829
52	5779469.887223	5779469.887223
53	7796942.169952	7796942.169952
54	10518664.927378	10518664.927378
55	14190474.860883	14190474.860883
56	19144024.281372	19144024.281372
57	25826737.250072	25826737.250072
58	34842222.679026	34842222.679026
59	47004794.661449	47004794.661449
60	63413024.522543	63413024.522543
61	85548968.101219	85548968.101219
62	115412030.860973	115412030.860974
63	155699562.053098	155699562.053099
64	210050489.907150	210050489.907149
65	283374003.937064	283374003.937065
66	382292972.241193	382292972.241193
67	515742144.990351	515742144.990353
68	695775176.195057	695775176.195055
69	938653357.131246	938653357.131245
70	1266314400.108399	1266314400.108400
71	1708353938.905346	1708353938.905348
72	2304698722.784475	2304698722.784486
73	3109212957.478766	3109212957.478760
74	4194563532.049953	4194563532.049962
75	5658783578.037852	5658783578.037823
76	7634127207.371523	7634127207.371468
77	10299015223.787422	10299015223.787476
78	13894150791.381109	13894150791.381067
79	18744260690.843353	18744260690.843357
80	25287425919.131767	25287425919.131783
81	34114650887.668926	34114650887.668976
82	46023245264.636711	46023245264.636787
83	62088840119.261703	62088840119.261932
84	83762543149.414856	83762543149.414291
85	113002008434.700516	113002008434.700439
86	152448259450.504944	152448259450.504791
87	205664236692.910767	205664236692.910400
88	277456616473.934814	277456616473.932861
89	374309968826.083923	374309968826.082520
90	504972469365.301697	504972469365.297974
91	681246068910.791382	681246068910.789429
92	919052492088.780518	919052492088.788818
93	1239871350105.665527	1239871350105.668701
94	1672680263690.906494	1672680263690.897949
95	2256572235742.550781	2256572235742.572754
96	3044286685064.338379	3044286685064.342285
97	4106973078045.678711	4106973078045.679688
98	5540617428228.708984	5540617428228.676758
99	7474712130472.402344	7474712130472.440430
100	10083952223225.949219	10083952223225.876953
101	13604014531309.712891	13604014531309.701172
102	18352844923424.308594	18352844923424.328125
103	24759376433188.375000	24759376433188.292969
104	33402272177317.792969	33402272177317.773438
105	45062192483655.437500	45062192483655.343750
106	60792307201571.773438	60792307201571.718750
107	82013422143868.031250	82013422143868.468750
108	110642311854457.703125	110642311854457.703125
109	149264850222011.687500	149264850222012.593750
110	201369576777349.062500	201369576777347.437500
111	271662795300944.750000	271662795300944.812500
112	366493665685772.062500	366493665685772.187500
113	494427685023998.812500	494427685023998.937500
114	667020356984250.625000	667020356984253.875000
115	899860930339694.875000	899860930339698.750000
116	1213980481214820.000000	1213980481214817.000000
117	1637751522576079.750000	1637751522576085.000000
118	2209450721164965.000000	2209450721164957.000000
119	2980716196543544.000000	2980716196543512.500000
120	4021211679096629.500000	4021211679096587.000000
121	5424918812080844.000000	5424918812080800.000000
122	7318625943183391.000000	7318625943183309.000000
123	9873380146622302.000000	9873380146622232.000000
124	13319936867454268.000000	13319936867454352.000000
125	17969602660712182.000000	17969602660712000.000000
126	24242353623526564.000000	24242353623526424.000000
127	32704769287582048.000000	32704769287581932.000000
128	44121208310233768.000000	44121208310233864.000000
129	59522848353930968.000000	59522848353930680.000000
130	80300826107323040.000000	80300826107322544.000000
131	108331890220987680.000000	108331890220987632.000000
132	146147916625005280.000000	146147916625004064.000000
133	197164597518409216.000000	197164597518408544.000000
134	265989960119248064.000000	265989960119248160.000000
135	358840581801877312.000000	358840581801874176.000000
136	484103095809261376.000000	484103095809262016.000000
137	653091704944073728.000000	653091704944068480.000000
138	881070124853756288.000000	881070124853757696.000000
139	1188630262845386752.000000	1188630262845401600.000000
140	1603552159921893120.000000	1603552159921871872.000000
141	2163313193317746176.000000	2163313193317748480.000000
142	2918473180573412352.000000	2918473180573417984.000000
143	3937241141058981376.000000	3937241141058969088.000000
144	5311636202804389888.000000	5311636202804404224.000000
145	7165799131966254080.000000	7165799131966253056.000000
146	9667205214953881600.000000	9667205214953930752.000000
147	13041791284817606656.000000	13041791284817551360.000000
148	17594363224403339264.000000	17594363224403613696.000000
149	23736127232200720384.000000	23736127232200626176.000000
150	32021831583070916608.000000	32021831583071191040.000000
151	43199873673725902848.000000	43199873673725952000.000000
152	58279898218330046464.000000	58279898218329899008.000000
153	78623992329048965120.000000	78623992329049374720.000000
154	106069714579804864512.000000	106069714579804667904.000000
155	143096070522031767552.000000	143096070522030686208.000000
156	193047426213636112384.000000	193047426213635719168.000000
157	260435584511534628864.000000	260435584511533580288.000000
158	351347308846295285760.000000	351347308846293843968.000000
159	473994103628595920896.000000	473994103628593233920.000000
160	639453909615578578944.000000	639453909615581593600.000000
161	862671707078971228160.000000	862671707078981320704.000000
162	1163809405187533438976.000000	1163809405187545366528.000000
163	1570066944920645009408.000000	1570066944920645795840.000000
164	2118139104688900669440.000000	2118139104688932651008.000000
165	2857529917005593313280.000000	2857529917005581778944.000000
166	3855024067355233746944.000000	3855024067355266252800.000000
167	5200719149586770296832.000000	5200719149586818531328.000000
168	7016163634857563389952.000000	7016163634857526689792.000000
169	9465335607482128531456.000000	9465335607482159988736.000000
170	12769453910276102422528.000000	12769453910276003856384.000000
171	17226959500281372475392.000000	17226959500281255034880.000000
172	23240471809488561635328.000000	23240471809488649715712.000000
173	31353154915050874470400.000000	31353154915050429874176.000000
174	42297778254477617266688.000000	42297778254478036697088.000000
175	57062903242509271433216.000000	57062903242508717785088.000000
176	76982174025163961532416.000000	76982174025163256889344.000000
177	103854777462949031182336.000000	103854777462950239141888.000000
178	140107952762583968120832.000000	140107952762584270110720.000000
179	189016229266156741984256.000000	189016229266155768905728.000000
180	254997194816890236567552.000000	254997194816891612299264.000000
181	344010509663286637625344.000000	344010509663287241605120.000000
182	464096206406407199653888.000000	464096206406403844210688.000000
183	626100897358148836261888.000000	626100897358148433608704.000000
184	844657483214601502851072.000000	844657483214615461494784.000000
185	1139506854184094181359616.000000	1139506854184077941014528.000000
186	1537280964812846460305408.000000	1537280964812857734594560.000000
187	2073908336837543707279360.000000	2073908336837565987422208.000000
188	2797859264541075896795136.000000	2797859264541100055986176.000000
189	3774523842319421399891968.000000	3774523842319469181403136.000000
190	5092118255124132334141440.000000	5092118255124120522981376.000000
191	6869652811156900278173696.000000	6869652811156922826752000.000000
192	9267681420860034039939072.000000	9267681420860112423092224.000000
193	12502803457412169509896192.000000	12502803457412128707706880.000000
194	16867227863792045946568704.000000	16867227863792082453790720.000000
195	22755166613486063562260480.000000	22755166613485784389386240.000000
196	30698441485991710539382784.000000	30698441485991925287747584.000000
197	41414520301087864020533248.000000	41414520301088439546150912.000000
198	55871321433431310791081984.000000	55871321433430718085595136.000000
199	75374640006051119784525824.000000	75374640006050870676422656.000000
200	101686092440303489052049408.000000	101686092440303351613095936.000000
