0.00000000000000000
0.00000000000000000
0.00000000000000000
0.00000001300889600
0.00000010800180756
0.00000007149450321
0.00000021162612484
0.00000004091847879
0.00000022358693046
0.00000021337600410
0.00000001914282921
0.00000016921792417
0.00000020581392515
0.00000025807202319
0.00000005879161883
0.00000049857368478
0.00000003962449535
0.00000002835812556
0.00000013879748185
0.00000010114855891
0.00000039899469920
0.00000058839868306
0.00000029053887935
0.00000027242902492
0.00000032376260108
0.00000017127435434
0.00000104662478495
0.00000040964183030
0.00000017849686525
0.00000098357977828
0.00000024902407858
0.00000058698018315
0.00000065615127628
0.00000056698935351
0.00000020268277952
0.00000006177561040
0.00000089979982374
0.00000062480413035
0.00000048088616204
0.00000060912797403
0.00000034173063641
0.00000058240813544
0.00000066331625525
0.00000018692295872
0.00000014397246538
0.00000024264028529
0.00000006195987221
0.00000002424786664
0.00000039272453177
0.00000048019414614
0.00000014009789644
0.00000118429736896
0.00000094833440988
0.00000039203887612
0.00000010411923940
0.00000151771984028
0.00000023850746255
0.00000050070221916
0.00000055320705812
0.00000025613082011
