0.00000000000000000
0.00000000000000000
0.00000000000000000
0.00000008011776000
0.00000010800180756
0.00000018678665367
0.00000013606826111
0.00000005811672435
0.00000028849064120
0.00000004323482064
0.00000009236089678
0.00000031536808790
0.00000020581392515
0.00000038361405790
0.00000005879161883
0.00000025630482190
0.00000010172326983
0.00000006427554583
0.00000074588151067
0.00000037628174804
0.00000039899469920
0.00000036852350903
0.00000046971845872
0.00000043213374991
0.00000009289147102
0.00000047388176193
0.00000005504083176
0.00000045681744911
0.00000029206541593
0.00000072827078518
0.00000033630377460
0.00000058698018315
0.00000023715727847
0.00000053137827211
0.00000037317818618
0.00000078736593519
0.00000033685218362
0.00000034773858111
0.00000090579655629
0.00000012180674107
0.00000034173063641
0.00000034320484878
0.00000019888720743
0.00000022402515859
0.00000048062116308
0.00000068389246633
0.00000006195987221
0.00000002424786664
0.00000049208568968
0.00000049656578055
0.00000056685082014
0.00000015815125222
0.00000028849406360
0.00000124159678583
0.00000027374645498
0.00000085735167636
0.00000056309162248
0.00000056289515609
0.00000000442428256
0.00000001249796983
