0.00000000000000000
0.00000000000000000
0.00000000000000000
0.00000005409996800
0.00000002004087734
0.00000007149450321
0.00000013606826111
0.00000043705929136
0.00000003602791246
0.00000004183577109
0.00000009236089678
0.00000034230764890
0.00000008152898876
0.00000005578306358
0.00000002348360904
0.00000057982418191
0.00000039299390831
0.00000043481023139
0.00000019950588473
0.00000065815058369
0.00000019040221522
0.00000004158600186
0.00000015741006909
0.00000019727949164
0.00000016984851437
0.00000027214349020
0.00000005504083176
0.00000006305811853
0.00000038934588810
0.00000023929692460
0.00000063924264737
0.00000001157949036
0.00000076842831628
0.00000053137827211
0.00000049061326237
0.00000053352091350
0.00000040513902080
0.00000067191948493
0.00000005597576779
0.00000060912797403
0.00000034173063641
0.00000001560008120
0.00000066918000525
0.00000070060810536
0.00000019267623232
0.00000006613941287
0.00000006195987221
0.00000010005441411
0.00000060088704730
0.00000095238707967
0.00000037200561200
0.00000073681449524
0.00000043512525166
0.00000019984644531
0.00000027374645498
0.00000071102271295
0.00000034670218253
0.00000007526326906
0.00000093380985036
0.00000086521294583
