0.00000000000000000
0.00000000000000000
0.00000000000000000
0.00000005409996800
0.00000002004087734
0.00000004379764725
0.00000006051039739
0.00000023898888508
0.00000002887579827
0.00000021337600410
0.00000009236089678
0.00000038844316977
0.00000036887190267
0.00000032084304055
0.00000030561730242
0.00000036414460857
0.00000017239715242
0.00000021362546834
0.00000007808907896
0.00000021713831239
0.00000008610597323
0.00000057357826448
0.00000011135929997
0.00000090184226647
0.00000032376260108
0.00000017127435434
0.00000031946321928
0.00000019687966529
0.00000017849686525
0.00000050498592908
0.00000033630377460
0.00000007551290067
0.00000009803791978
0.00000042154150955
0.00000022921294476
0.00000003257345022
0.00000015780861932
0.00000083400993684
0.00000005597576779
0.00000001742789692
0.00000029701105006
0.00000031460418951
0.00000035565147337
0.00000080334513468
0.00000061528064216
0.00000019861189576
0.00000063206979828
0.00000032747405654
0.00000079016916340
0.00000041507681770
0.00000099360374385
0.00000073681449524
0.00000043512525166
0.00000008844220092
0.00000058863453363
0.00000044462157391
0.00000084343973721
0.00000078432818590
0.00000000442428256
0.00000080430473326
