0.00000000000000000
0.00000033074346814
0.00000024868756369
0.00000042765343993
0.00000064708516092
0.00000113901087760
0.00000113277619618
0.00000101144951476
0.00000188083024143
0.00000119653313810
0.00000195405106492
0.00000187955449344
0.00000242887945846
0.00000203774853688
0.00000224504788260
0.00000258303264150
0.00000312366821136
0.00000332937044612
0.00000371967232311
0.00000367274655090
0.00000373955337553
0.00000401310160176
0.00000383790996282
0.00000371033569067
0.00000487044529971
0.00000468518438092
0.00000533150928934
0.00000437515210374
0.00000555612516581
0.00000519268457422
0.00000559207389175
0.00000553801640545
0.00000587269287610
0.00000569199015342
0.00000597825620319
0.00000742065711684
0.00000682517620713
0.00000628844130319
0.00000724762512095
0.00000698765383138
0.00000708210054958
0.00000803760787253
0.00000686904855693
0.00000788986242962
0.00000696575965394
0.00000754504186103
0.00000756908877787
0.00000830881584550
0.00000903115839374
0.00000989904039201
0.00000867635019739
0.00000899508200820
0.00000996765802710
0.00001003442967764
0.00001065180843438
0.00000930626006270
0.00001026079183931
0.00001001296570548
0.00001086200707569
0.00001035514092570
