0.00000000000000000
0.00000013810430249
0.00000031786533458
0.00000065123245991
0.00000064708516092
0.00000096601878638
0.00000057367459860
0.00000111183772525
0.00000134008096529
0.00000142955634129
0.00000207957091215
0.00000215000364757
0.00000213752017710
0.00000243010616463
0.00000249866384266
0.00000303840698658
0.00000302555177069
0.00000280085824325
0.00000269479766598
0.00000404078460786
0.00000373955337553
0.00000365714426993
0.00000414469287062
0.00000470184236965
0.00000460340372365
0.00000458928830027
0.00000502157805772
0.00000470904607063
0.00000537627045974
0.00000512809777221
0.00000614871720687
0.00000538809617665
0.00000627647164058
0.00000577898964212
0.00000579080426910
0.00000671384953437
0.00000606372087944
0.00000734314903293
0.00000718449990838
0.00000691964801111
0.00000664251787859
0.00000827439266028
0.00000780438629657
0.00000816467731793
0.00000736050973118
0.00000797031255263
0.00000928715520359
0.00000911087292834
0.00000936349268865
0.00000961261707035
0.00000967919786261
0.00000907818848001
0.00000907233846212
0.00000974506697003
0.00000898922091032
0.00001020182638044
0.00001050199388668
0.00001053266749866
0.00000988221145545
0.00001073212299348
