0.00000000000000000
0.00000020231735770
0.00000059457641813
0.00000050217977992
0.00000088795048289
0.00000096601878638
0.00000103959259658
0.00000171416698821
0.00000112378125484
0.00000142955634129
0.00000201681098854
0.00000221761593610
0.00000242887945846
0.00000274399226682
0.00000275227980272
0.00000276518237953
0.00000282931888935
0.00000332937044612
0.00000315029751360
0.00000422480363634
0.00000406996453954
0.00000451144186632
0.00000445147577842
0.00000404083791700
0.00000424734828891
0.00000478108046157
0.00000440171559447
0.00000504294003752
0.00000507651261630
0.00000525727137622
0.00000496585016224
0.00000516321583345
0.00000571118137030
0.00000508299373251
0.00000588453023615
0.00000630995948725
0.00000704273487219
0.00000617125155544
0.00000667949820784
0.00000705565965166
0.00000730189188507
0.00000724832524670
0.00000788941700017
0.00000862270213177
0.00000755788476981
0.00000828926557133
0.00000837085310987
0.00000861729933890
0.00000923055897068
0.00000839531795327
0.00000944777147833
0.00000965993378268
0.00000925140237511
0.00000974506697003
0.00001075572015464
0.00000930626006270
0.00001080349644590
0.00001131222018844
0.00001037210926557
0.00001088291582059
