0.00000000000000000
0.00000013810430249
0.00000052539864724
0.00000050217977992
0.00000064708516092
0.00000087952274077
0.00000094640899699
0.00000121222593575
0.00000177268038620
0.00000142955634129
0.00000120093198154
0.00000201477907050
0.00000250171927880
0.00000274399226682
0.00000283681845607
0.00000230980803446
0.00000322178465203
0.00000269515580267
0.00000394742224692
0.00000324336881778
0.00000354130667712
0.00000372833573630
0.00000383790996282
0.00000387558680383
0.00000371326513681
0.00000487697654222
0.00000440171559447
0.00000392996014788
0.00000495660947893
0.00000577396579222
0.00000621829762127
0.00000538809617665
0.00000587269287610
0.00000551799117602
0.00000625943410431
0.00000630995948725
0.00000628127954449
0.00000570249256444
0.00000655324778270
0.00000678363637056
0.00000781473833455
0.00000811653613511
0.00000729420207495
0.00000807307235516
0.00000903819755947
0.00000807663022553
0.00000779816430130
0.00000818542244814
0.00000836648980392
0.00000789407714036
0.00000906206083786
0.00000816401729010
0.00000907233846212
0.00000897343308306
0.00000846966230904
0.00001042571795987
0.00001007989030379
0.00001040274205037
0.00001030212386412
0.00001163687995615
