0.00000000000000000
0.00000026653041292
0.00000024868756369
0.00000065123245991
0.00000072737360157
0.00000113901087760
0.00000131914339537
0.00000141300235673
0.00000112378125484
0.00000212862595085
0.00000170301137046
0.00000215000364757
0.00000191900071609
0.00000250857769017
0.00000190689326919
0.00000285625724855
0.00000263308600800
0.00000332937044612
0.00000326417247550
0.00000361140687474
0.00000360738890992
0.00000415548453449
0.00000360782278198
0.00000486709348281
0.00000380227899549
0.00000439749613896
0.00000471164682610
0.00000459774808166
0.00000537627045974
0.00000564479218822
0.00000593997596370
0.00000628761754946
0.00000538815835872
0.00000612698759693
0.00000644688603840
0.00000701676706972
0.00000682517620713
0.00000664001054643
0.00000699512427067
0.00000814375277605
0.00000788800211305
0.00000709046872154
0.00000822953981458
0.00000743183761578
0.00000854475996292
0.00000828926557133
0.00000871446639502
0.00000849390594154
0.00000856589038086
0.00000839531795327
0.00000859920806929
0.00000899508200820
0.00000978859411410
0.00001080606356461
0.00001013224983311
0.00000908236848326
0.00001026079183931
0.00001046770477452
0.00001093199247714
0.00001156148354259
