0.00000000000000000
0.00000020231735770
0.00000052539864724
0.00000042765343993
0.00000064708516092
0.00000079302669516
0.00000131914339537
0.00000121222593575
0.00000123193111007
0.00000154606794288
0.00000151473159962
0.00000167671762784
0.00000206468035677
0.00000203774853688
0.00000258320249601
0.00000294733211756
0.00000263308600800
0.00000364647776785
0.00000337804743740
0.00000373408622706
0.00000446645793636
0.00000330118693810
0.00000429808432452
0.00000412346347358
0.00000513748687576
0.00000574004126810
0.00000429840518393
0.00000526553601545
0.00000447699692942
0.00000525727137622
0.00000531375223419
0.00000576289674866
0.00000603420438189
0.00000621398708563
0.00000550962636798
0.00000641093199903
0.00000595494154691
0.00000652282079868
0.00000661637299527
0.00000698765383138
0.00000854737611953
0.00000740618177187
0.00000822953981458
0.00000807307235516
0.00000745919725049
0.00000913980695454
0.00000848539087159
0.00000855560264022
0.00000869882409883
0.00000982743456160
0.00000890777658167
0.00000941061436725
0.00001023625389659
0.00000935925002654
0.00001075572015464
0.00001008988059072
0.00001026079183931
0.00001001296570548
0.00001002218225834
0.00001020434809859
