0.00000000000000000
0.00000020231735770
0.00000017950979280
0.00000050217977992
0.00000064708516092
0.00000105251483199
0.00000066685819820
0.00000151339056722
0.00000123193111007
0.00000166257954448
0.00000245613045385
0.00000194716678197
0.00000191900071609
0.00000235163463908
0.00000190689326919
0.00000267410751052
0.00000253496956733
0.00000301226312440
0.00000360579736121
0.00000324336881778
0.00000334305997871
0.00000372833573630
0.00000414469287062
0.00000412346347358
0.00000433636214760
0.00000468518438092
0.00000502157805772
0.00000448645009270
0.00000573597987187
0.00000467599015821
0.00000545291306297
0.00000583785686306
0.00000554966986451
0.00000612698759693
0.00000625943410431
0.00000620898697547
0.00000649883820955
0.00000640563105094
0.00000617449650729
0.00000725967711248
0.00000722862810657
0.00000677475567121
0.00000805947840738
0.00000807307235516
0.00000854475996292
0.00000828926557133
0.00000814177758644
0.00000935765972306
0.00000876529095781
0.00000796568297077
0.00001052776127165
0.00000965993378268
0.00000898280650562
0.00000984152120590
0.00000919704435082
0.00000975404322157
0.00000971808723273
0.00001007792842963
0.00001016215306123
0.00001141069071548
