0.00000000000000000
0.00000020231735770
0.00000045622087635
0.00000020407441995
0.00000064708516092
0.00000079302669516
0.00000122595979577
0.00000111183772525
0.00000198898009666
0.00000154606794288
0.00000164025144685
0.00000187955449344
0.00000206468035677
0.00000321482142011
0.00000275227980272
0.00000285625724855
0.00000263308600800
0.00000301226312440
0.00000383354728502
0.00000299801011313
0.00000426821123795
0.00000472501626542
0.00000376121423587
0.00000404083791700
0.00000495945915839
0.00000468518438092
0.00000543481969989
0.00000493164204856
0.00000453694849811
0.00000519268457422
0.00000552249347736
0.00000493833549025
0.00000643798314637
0.00000525699270991
0.00000635316007135
0.00000671384953437
0.00000584616221438
0.00000722595928518
0.00000705824948324
0.00000732768293275
0.00000796126589155
0.00000764296655962
0.00000746426348215
0.00000807307235516
0.00000824869740498
0.00000850190091713
0.00000734001325444
0.00000855560264022
0.00000869882409883
0.00000982743456160
0.00000867635019739
0.00000833023023372
0.00000817701889714
0.00000955215849829
0.00000961269123184
0.00001020182638044
0.00001020049132747
0.00001079251839526
0.00001037210926557
0.00001043053733925
