0.00000000000000000
0.00000033074346814
0.00000038704310546
0.00000042765343993
0.00000064708516092
0.00000087952274077
0.00000169187779375
0.00000141300235673
0.00000144823082052
0.00000154606794288
0.00000176577129408
0.00000160910533931
0.00000257455909914
0.00000195927701134
0.00000241412518931
0.00000322055672461
0.00000282931888935
0.00000322366800555
0.00000326417247550
0.00000379542590322
0.00000340914221151
0.00000379952720266
0.00000445147577842
0.00000437134014332
0.00000495945915839
0.00000468518438092
0.00000429840518393
0.00000515423802649
0.00000477675477286
0.00000519268457422
0.00000503543057663
0.00000583785686306
0.00000595344862899
0.00000638798606304
0.00000588453023615
0.00000590606944013
0.00000682517620713
0.00000675720029418
0.00000781575203406
0.00000705565965166
0.00000810779344854
0.00000819546439769
0.00000822953981458
0.00000807307235516
0.00000844607244361
0.00000818294789843
0.00000882900415673
0.00000960444651778
0.00000843295666290
0.00000810889463161
0.00000921634509405
0.00000874576259277
0.00000916187041861
0.00000984152120590
0.00001023616155336
0.00001132128427762
0.00001026079183931
0.00000994800298133
0.00001079202167424
0.00000990276244436
