0.00000000000000000
0.00000026653041292
0.00000052539864724
0.00000042765343993
0.00000080766204223
0.00000096601878638
0.00000094640899699
0.00000111183772525
0.00000123193111007
0.00000201211434926
0.00000189129114131
0.00000208239135904
0.00000264739891948
0.00000266552074127
0.00000224504788260
0.00000249195777249
0.00000243685312666
0.00000364647776785
0.00000337804743740
0.00000348872752242
0.00000380563560833
0.00000315880400537
0.00000368451850893
0.00000387558680383
0.00000469241758234
0.00000506876870353
0.00000440171559447
0.00000493164204856
0.00000519641575368
0.00000499892416821
0.00000524417181980
0.00000673737823586
0.00000668025040506
0.00000577898964212
0.00000597825620319
0.00000681482204616
0.00000736907286977
0.00000593687205994
0.00000712137469581
0.00000725967711248
0.00000862063989803
0.00000709046872154
0.00000831457051819
0.00000889751702008
0.00000795263484705
0.00000860821859004
0.00000837085310987
0.00000818542244814
0.00000956289326559
0.00000846692378369
0.00000967919786261
0.00000816401729010
0.00001023625389659
0.00000955215849829
0.00000961269123184
0.00000863458532439
0.00001038139286300
0.00001007792842963
0.00001100197787858
0.00001178767278326
