0.00000000000000000
0.00000013810430249
0.00000045622087635
0.00000050217977992
0.00000064708516092
0.00000096601878638
0.00000103959259658
0.00000131261414624
0.00000112378125484
0.00000166257954448
0.00000182853121769
0.00000174432991637
0.00000206468035677
0.00000227316311353
0.00000266774114937
0.00000258303264150
0.00000322178465203
0.00000280085824325
0.00000315029751360
0.00000293667043697
0.00000367347114272
0.00000301642107264
0.00000368451850893
0.00000371033569067
0.00000389129285418
0.00000401391181635
0.00000533150928934
0.00000437515210374
0.00000471680320418
0.00000480516376221
0.00000573123472053
0.00000538809617665
0.00000595344862899
0.00000630098657433
0.00000682178990656
0.00000671384953437
0.00000617250021197
0.00000722595928518
0.00000737387554608
0.00000759970621385
0.00000774147455606
0.00000716939698412
0.00000754929418576
0.00000788986242962
0.00000726182221187
0.00000786399487973
0.00000905807968016
0.00000898747953098
0.00000843295666290
0.00000810889463161
0.00000929348722214
0.00001015857261354
0.00000978859411410
0.00000906988731893
0.00001054789671413
0.00000919431427298
0.00001032109235116
0.00001033777932622
0.00001114194868147
0.00001224005126460
