0.00000000000000000
0.00000020231735770
0.00000038704310546
0.00000050217977992
0.00000064708516092
0.00000079302669516
0.00000094640899699
0.00000111183772525
0.00000134008096529
0.00000154606794288
0.00000170301137046
0.00000181194220491
0.00000206468035677
0.00000227316311353
0.00000249866384266
0.00000267410751052
0.00000292743533002
0.00000311796556497
0.00000326417247550
0.00000355006719858
0.00000373955337553
0.00000394191013539
0.00000414469287062
0.00000437134014332
0.00000460340372365
0.00000468518438092
0.00000481495723664
0.00000493164204856
0.00000501656104762
0.00000525727137622
0.00000559207389175
0.00000561297651985
0.00000579193712320
0.00000595298861953
0.00000616570813727
0.00000630995948725
0.00000649883820955
0.00000664001054643
0.00000693199905811
0.00000719167129221
0.00000744841944207
0.00000764296655962
0.00000780438629657
0.00000798146739239
0.00000815000988567
0.00000839558324423
0.00000859992863330
0.00000874069273626
0.00000896469153476
0.00000911137625743
0.00000929348722214
0.00000941061436725
0.00000951999824461
0.00000964861273416
0.00000992442639260
0.00001008988059072
0.00001032109235116
0.00001053266749866
0.00001079202167424
0.00001088291582059
