           7.098
           9.264
           7.336
           8.844
           7.683
           8.211
           8.170
           8.594
           8.545
           7.644
           8.042
           7.575
           7.350
           9.127
           9.082
           8.529
           9.637
           8.186
           8.028
           7.425
          10.373
           9.598
          11.374
          11.579
           7.629
           8.379
           8.200
           9.210
           7.346
           7.398
           7.587
           7.718
           8.168
           8.499
          13.541
          10.380
           7.982
           7.834
          10.539
           7.955
           7.984
           7.346
           7.347
           7.346
          11.267
           7.446
           7.346
           7.659
           7.745
           7.684
           8.203
           9.695
           8.499
           8.787
           7.361
           7.542
           7.761
           8.462
           9.234
           8.329
           7.849
           7.345
           7.810
           7.349
           7.400
           7.744
          10.710
           7.418
           7.651
           7.843
           7.737
           7.538
           7.883
           9.319
           7.345
           7.351
           7.484
           7.767
           7.413
           8.051
           9.798
           9.016
           7.348
           7.347
           7.345
           7.514
           9.992
           7.678
           8.012
          13.726
           7.733
           7.336
           8.269
          10.625
           8.603
           7.382
           7.651
           7.335
           7.335
           8.952
          10.218
