0.00000000000000000
0.00000019369597408
0.00000003200289073
0.00000015818125928
0.00000013351830622
0.00000038491023728
0.00000043997361735
0.00000040105060863
0.00000065600143187
0.00000135644470323
0.00000030988734316
0.00000091638530621
0.00000131691871138
0.00000120231263703
0.00000130027726338
0.00000085663643600
0.00000100072969118
0.00000059147478434
0.00000157471680132
0.00000075329956596
0.00000122802253208
0.00000150120263510
0.00000217360179571
0.00000120049473933
0.00000233473275107
0.00000202544703336
0.00000249019827208
0.00000172975827174
0.00000214280667948
0.00000216009657708
0.00000245637627586
0.00000279469476219
0.00000294999852526
0.00000327024010272
0.00000282186321565
0.00000315652425523
0.00000336594638564
0.00000279369357679
0.00000426884095078
0.00000258912347010
0.00000325076033188
0.00000317725794017
0.00000330664434746
0.00000298183494264
0.00000411562894679
0.00000412515722108
0.00000379688330763
0.00000329064349902
0.00000369543602275
0.00000419246602661
0.00000372383148382
0.00000408427148140
0.00000499402902288
0.00000423124421981
0.00000448323054373
0.00000403993410613
0.00000564851089546
0.00000457753692871
0.00000458377372189
0.00000464945531971
