0.00000000000000000
0.00000012427272885
0.00000011286214251
0.00000025236035702
0.00000019556101084
0.00000032102887866
0.00000058878253124
0.00000040105060863
0.00000075693800720
0.00000065106229729
0.00000092607173539
0.00000123535761550
0.00000122403965415
0.00000098595481487
0.00000136327680898
0.00000137027812357
0.00000100072969118
0.00000148736408068
0.00000180659858973
0.00000149601789587
0.00000146394946340
0.00000214238137160
0.00000217360179571
0.00000182179378990
0.00000197291030824
0.00000067688699275
0.00000160667575789
0.00000275882237246
0.00000234257010871
0.00000200498310017
0.00000173371575248
0.00000332075945612
0.00000258236491152
0.00000327024010272
0.00000323747091213
0.00000247882591140
0.00000257661161990
0.00000266235630261
0.00000243317331196
0.00000312363720281
0.00000335452091992
0.00000414408148571
0.00000316588344629
0.00000437539526151
0.00000335180785920
0.00000379154056956
0.00000256640240768
0.00000404494692974
0.00000395900369730
0.00000296452660167
0.00000288953859009
0.00000387604470749
0.00000483234387854
0.00000536116026599
0.00000459290102196
0.00000442314319333
0.00000468145248080
0.00000466418006473
0.00000428102645937
0.00000441437635307
