0.00000000000000000
0.00000012427272885
0.00000003200289073
0.00000015818125928
0.00000030525411652
0.00000044879159591
0.00000058878253124
0.00000031438959622
0.00000126162088387
0.00000053349856297
0.00000113146653280
0.00000075689915157
0.00000038812813915
0.00000120231263703
0.00000104827908097
0.00000173716504326
0.00000100072969118
0.00000148736408068
0.00000122689411871
0.00000230625607395
0.00000162123408428
0.00000095162086096
0.00000185354494085
0.00000200818350507
0.00000175581684254
0.00000194116203082
0.00000199935243087
0.00000253014146119
0.00000207621886974
0.00000216009657708
0.00000263704140670
0.00000237384300704
0.00000307254306318
0.00000284204665202
0.00000248937705847
0.00000286608210787
0.00000291489794807
0.00000259668766551
0.00000380992404107
0.00000321272282493
0.00000356204209599
0.00000287512558219
0.00000351778569923
0.00000339170562466
0.00000392467367489
0.00000390274612007
0.00000360259684975
0.00000434666830202
0.00000492541850401
0.00000439712259743
0.00000384301618293
0.00000429249825531
0.00000410476072904
0.00000507868125444
0.00000382520767431
0.00000480635228054
0.00000468145248080
0.00000405767811260
0.00000407919495101
0.00000441437635307
