0.00000000000000000
0.00000012427272885
0.00000012971561284
0.00000034653945476
0.00000041494722221
0.00000076819838902
0.00000066318698818
0.00000040105060863
0.00000045412828120
0.00000112131723458
0.00000044681720810
0.00000091638530621
0.00000085252342526
0.00000109413372595
0.00000155227544579
0.00000063650428419
0.00000117165919304
0.00000118873431523
0.00000192253948393
0.00000176609728856
0.00000099209560076
0.00000232557529631
0.00000164017370427
0.00000169753397979
0.00000175581684254
0.00000286829705874
0.00000239202910384
0.00000241580100556
0.00000280868477691
0.00000216009657708
0.00000218537857959
0.00000268948182340
0.00000331763213901
0.00000227112205108
0.00000248937705847
0.00000122024327285
0.00000235108740111
0.00000272802493970
0.00000319803482813
0.00000347997969129
0.00000418460562419
0.00000329811088336
0.00000330664434746
0.00000437539526151
0.00000382919603894
0.00000356912946854
0.00000405593191815
0.00000479925036045
0.00000316830067364
0.00000368082459955
0.00000503486317398
0.00000304313761184
0.00000418560330120
0.00000357212652621
0.00000492191245667
0.00000327351593172
0.00000460706337198
0.00000397103497658
0.00000407919495101
0.00000406175790310
