0.00000000000000000
0.00000005484948361
0.00000011286214251
0.00000015818125928
0.00000041494722221
0.00000051267295453
0.00000029116470347
0.00000083435567072
0.00000085787458254
0.00000100375350026
0.00000065221200551
0.00000091638530621
0.00000094540248248
0.00000120231263703
0.00000085928044416
0.00000070988166812
0.00000100072969118
0.00000098964780494
0.00000145877590712
0.00000196865683309
0.00000177851870516
0.00000168439655982
0.00000206691617742
0.00000194605360001
0.00000168345235398
0.00000135116701305
0.00000219569076735
0.00000253014146119
0.00000274209696717
0.00000254788026936
0.00000173371575248
0.00000237384300704
0.00000215345902882
0.00000234248762620
0.00000282186321565
0.00000286608210787
0.00000268937372929
0.00000299069948808
0.00000342749328299
0.00000312363720281
0.00000356204209599
0.00000269384616740
0.00000408082930394
0.00000371960217027
0.00000306537495136
0.00000379154056956
0.00000366735900237
0.00000449752898817
0.00000395900369730
0.00000327151145790
0.00000324709268740
0.00000450072502923
0.00000467065873421
0.00000366628619673
0.00000514125341314
0.00000391219774373
0.00000460706337198
0.00000405767811260
0.00000397827919684
0.00000488453428636
