0.00000000000000000
0.00000016437695130
0.00000000564998320
0.00000040873180757
0.00000007579982711
0.00000067382878649
0.00000031113682990
0.00000074249233443
0.00000086618577810
0.00000181261996093
0.00000088837844808
0.00000078497141421
0.00000007131883351
0.00000323225508059
0.00000053075950047
0.00000078498104737
0.00000429750614167
0.00000083493471303
0.00000546477850867
0.00000198215035082
0.00000127310023579
0.00000559370120749
0.00000392352768285
0.00000173204636025
0.00000107767721469
0.00000181561438280
0.00000005196132287
0.00000656344649042
0.00000081832647743
0.00000212428231022
0.00000356528124165
