0.00000000000000000
0.00000004903490714
0.00000010116397690
0.00000001874785819
0.00000107067194935
0.00000083321212544
0.00000104694068675
0.00000030340667501
0.00000204528121952
0.00000110900323672
0.00000080965128192
0.00000120779024577
0.00000032363293019
0.00000117181862646
0.00000325993955220
0.00000111507394709
0.00000096677027878
0.00000032497387457
0.00000059797853621
0.00000254844514179
0.00000080659228315
0.00000438368569349
0.00000057551173760
0.00000035610762960
0.00000374787194625
0.00000205462730797
0.00000240839313665
0.00000206309790892
0.00000364672556411
0.00000109793251301
0.00000185985619117
