0.00000000000000000
0.00000005767102208
0.00000008986401049
0.00000070271532339
0.00000007579982711
0.00000033131948832
0.00000011808208659
0.00000134316454783
0.00000017838010393
0.00000065003857382
0.00000041601545112
0.00000092591102473
0.00000119025164987
0.00000007035600886
0.00000164264766969
0.00000024210819181
0.00000194882896947
0.00000047246327940
0.00000121896012017
0.00000209831946602
0.00000101456153504
0.00000103287350088
0.00000324160917194
0.00000150831557562
0.00000372867330211
0.00000163635468893
0.00000005501061015
0.00000656344649042
0.00000296105305825
0.00000746564275892
0.00000392003496312
