0.00000000000000000
0.00000027108288052
0.00000008986401049
0.00000018973972449
0.00000000072879767
0.00000055920468691
0.00000017939907466
0.00000052294950472
0.00000070594147714
0.00000040538651250
0.00000044998337665
0.00000170107888259
0.00000005483821482
0.00000309154306286
0.00000351247020580
0.00000220081965821
0.00000146289576143
0.00000148738329356
0.00000037538145828
0.00000360851796355
0.00000054520785416
0.00000380718855512
0.00000259047896568
0.00000188120021667
0.00000308032326336
0.00000408623717187
0.00000005196132287
0.00000043531225178
0.00000218149073572
0.00000754236215947
0.00000275260032568
