0.00000000000000000
0.00000026244676558
0.00000019667797059
0.00000061721939024
0.00000023031467204
0.00000021669538874
0.00000048598401502
0.00000030340667501
0.00000165224940571
0.00000075719487461
0.00000080965128192
0.00000048348508048
0.00000177443898609
0.00000063498084310
0.00000022751727250
0.00000292465013229
0.00000064281480675
0.00000286477474134
0.00000020863453842
0.00000174981212043
0.00000361417718372
0.00000120100129420
0.00000474128897876
0.00000165746943204
0.00000468244010229
0.00000223388700184
0.00000080381414131
0.00000388238776102
0.00000226719979896
0.00000455030553790
0.00000268392769995
