0.00000000000000000
0.00000005767102208
0.00000010116397690
0.00000001874785819
0.00000061295779598
0.00000039982134795
0.00000024981984183
0.00000002590756956
0.00000165224940571
0.00000065003857382
0.00000112455994656
0.00000154053215939
0.00000371339261665
0.00000210300541212
0.00000138977461001
0.00000057220109153
0.00000583629463381
0.00000148738329356
0.00000323057077546
0.00000174981212043
0.00000278230017614
0.00000196365466549
0.00000174192936512
0.00000319003090154
0.00000114443208298
0.00000229364023313
0.00000251536506967
0.00000483990873580
0.00000330388931118
0.00000048417730859
0.00000131047518532
