0
0
0
0
0
0
0
0
1e-07
0
1e-07
0
1e-07
1e-07
2e-07
2e-07
3e-07
2e-07
2e-07
3e-07
4e-07
3e-07
4e-07
2e-07
5e-07
3e-07
4e-07
9e-07
5e-07
8e-07
5e-07
9e-07
6e-07
1e-06
7e-07
1.2e-06
8e-07
9e-07
8e-07
1.2e-06
7e-07
1.3e-06
6e-07
7e-07
1.1e-06
9e-07
1.2e-06
1e-06
7e-07
1.3e-06
1.4e-06
1e-06
1.1e-06
1e-06
1.1e-06
1.3e-06
1.6e-06
1e-06
1.5e-06
1.1e-06
9e-07
1.3e-06
1.3e-06
2.2e-06
1.4e-06
1.2e-06
1.7e-06
1.4e-06
1.1e-06
1.8e-06
1.1e-06
1.6e-06
1.4e-06
1.4e-06
1.2e-06
1.4e-06
1.5e-06
1.7e-06
1.7e-06
1.4e-06
1.9e-06
1.9e-06
1.5e-06
2e-06
1.7e-06
1.5e-06
1.9e-06
1.9e-06
1.2e-06
1.3e-06
2.1e-06
2.7e-06
2.4e-06
2.3e-06
1.7e-06
1.8e-06
1.4e-06
1.9e-06
2.6e-06
2e-06
1.6e-06
2.3e-06
1.8e-06
2.3e-06
2.2e-06
1.7e-06
2e-06
1.7e-06
2.7e-06
1.9e-06
2.6e-06
2.8e-06
2.6e-06
2e-06
3.5e-06
2.5e-06
2.1e-06
2.5e-06
3.3e-06
4.2e-06
3.4e-06
2.4e-06
3.1e-06
2.1e-06
2.9e-06
2.7e-06
2.2e-06
2.1e-06
2.6e-06
2.6e-06
2.1e-06
3.7e-06
3.8e-06
3.5e-06
2.9e-06
3.3e-06
1.9e-06
3.8e-06
3.7e-06
2.7e-06
4e-06
2.8e-06
2.7e-06
3.4e-06
2.9e-06
2.9e-06
4.2e-06
3.6e-06
3.1e-06
3.9e-06
3.5e-06
