0.00000000000000000
0.00000001457376163
0.00000019372139429
0.00000034653945476
0.00000041494722221
0.00000050942878343
0.00000060168877984
0.00000072554255280
0.00000005055459546
0.00000018080736000
0.00000105941130624
0.00000131510069282
0.00000168843494027
0.00000185138610349
0.00000115670501511
0.00000159041027538
0.00000159898294769
0.00000158690733583
0.00000190351002480
0.00000439937136734
0.00000295815336178
0.00000225427282151
0.00000473405663460
0.00000300226198597
0.00000363729354525
0.00000227830204097
0.00000386456662748
0.00000287316282810
0.00000027834800668
0.00000293566396164
0.00000326936936466
0.00000384682415006
0.00000785178004186
0.00000498301390555
0.00000315434937283
0.00000265231869191
0.00000528290224529
0.00000337915831006
0.00000246194039155
0.00000517260651154
0.00000086426680710
0.00000607772857680
0.00000492539471100
0.00000585092971677
0.00000659804748144
0.00000668288488277
0.00000352123993945
0.00000502554138967
0.00000526586491213
0.00000439712259743
0.00000527323257219
0.00000762412663791
0.00000774267647657
0.00000790347136988
0.00000492191245667
0.00000831910224659
0.00000735946039832
0.00000838983491351
0.00000529018400113
0.00000653008705286
