0.00000000000000000
0.00000005484948361
0.00000027458064607
0.00000053489765024
0.00000063433343358
0.00000057655431315
0.00000088640035900
0.00000014106757138
0.00000085787458254
0.00000100375350026
0.00000105941130624
0.00000139484377014
0.00000122403965415
0.00000044506025948
0.00000155227544579
0.00000217742934689
0.00000236816570607
0.00000218416686673
0.00000215442127234
0.00000194749436098
0.00000223223912732
0.00000133830319795
0.00000313377236029
0.00000343717132137
0.00000219000377394
0.00000261022810623
0.00000258836744032
0.00000401656738447
0.00000054469924565
0.00000303620489946
0.00000426302758430
0.00000289990770097
0.00000288872625631
0.00000215354360621
0.00000307976607433
0.00000412466474642
0.00001001891083974
0.00000863820227817
0.00000564559167989
0.00000275601385703
0.00000411624141855
0.00000420450795731
0.00000450311200747
0.00000462131767072
0.00000457283592448
0.00000668288488277
0.00000541593712336
0.00000698673030952
0.00000641896865982
0.00000521574888072
0.00000539241727130
0.00000535534226929
0.00000087105784234
0.00000790347136988
0.00000568960580432
0.00000761655225338
0.00000683873663658
0.00000527068201686
0.00000781307785553
0.00001546308778532
