0.00000000000000000
0.00000008399700686
0.00000019372139429
0.00000034653945476
0.00000096341275064
0.00000057655431315
0.00000014235578958
0.00000031438959622
0.00000105974773320
0.00000135644470323
0.00000099453666786
0.00000147458684746
0.00000178131399749
0.00000141867045918
0.00000140870319752
0.00000171157200184
0.00000236816570607
0.00000100121729806
0.00000109192376537
0.00000271137516300
0.00000287951105133
0.00000250876922102
0.00000313377236029
0.00000312652179609
0.00000349256456812
0.00000640826716533
0.00000396273579573
0.00000390222692883
0.00000420702878151
0.00000386634482311
0.00000074005753284
0.00000332075945612
0.00000478816659399
0.00000208217803110
0.00000381932168720
0.00000509280523761
0.00000373806650603
0.00000555177633475
0.00000572207783150
0.00000597437711061
0.00000428836621223
0.00000511090503125
0.00000394006840276
0.00000019471430491
0.00000390449247285
0.00000679409043328
0.00000496260205495
0.00000502554138967
0.00000597968920223
0.00000736464287436
0.00000062502930709
0.00000457013395386
0.00000782351904873
0.00000556136151370
0.00000547026484785
0.00000819136588418
0.00000594606733074
0.00000518403888084
0.00000195996411331
0.00000052228194645
