0.00000000000000000
0.00000012427272885
0.00000027458064607
0.00000034653945476
0.00000052464032790
0.00000051267295453
0.00000066318698818
0.00000074769465830
0.00000105974773320
0.00000088618976593
0.00000147379119515
0.00000099744854950
0.00000128369489087
0.00000195956501457
0.00000027471137668
0.00000141806246609
0.00000228270095514
0.00000169802008410
0.00000053124875348
0.00000181245466464
0.00000295815336178
0.00000223397833395
0.00000206691617742
0.00000343717132137
0.00000226236826250
0.00000261022810623
0.00000710414917950
0.00000284385995373
0.00000374091411331
0.00000270299374628
0.00000281770653755
0.00000374161121127
0.00000011361492261
0.00000008394192780
0.00000539863093381
0.00000489917713937
0.00000517014013590
0.00000351604858483
0.00000391517727228
0.00000579620586637
0.00000480716915240
0.00000039764024673
0.00000626262327218
0.00000455978560651
0.00000468849476248
0.00000477128681958
0.00000319742917630
0.00000297007497590
0.00000720967168348
0.00000685300144730
0.00000741855715608
0.00000699944631617
0.00000062853012584
0.00000564363927753
0.00000799268584727
0.00000506182500534
0.00000505339802490
0.00000607956880151
0.00000518926824695
0.00000841071878601
