0.00000000000000000
0.00000012427272885
0.00000019372139429
0.00000044071855250
0.00000041494722221
0.00000044554742481
0.00000066318698818
0.00000057437263347
0.00000065617404746
0.00000123888096890
0.00000105941130624
0.00000027844068764
0.00000140979776860
0.00000022870243732
0.00000331626272265
0.00000166378765932
0.00000164867758766
0.00000238325337703
0.00000192253948393
0.00000183361713674
0.00000225037256781
0.00000250876922102
0.00000324045797858
0.00000629514695397
0.00000052562053693
0.00000269972705366
0.00000386456662748
0.00000401656738447
0.00000260892134768
0.00000262543700782
0.00000317903679924
0.00000332075945612
0.00000294999852526
0.00000027288594778
0.00000406868630508
0.00000344696640259
0.00000122346630720
0.00000088930310106
0.00000120939488608
0.00000570712024426
0.00000563725385667
0.00000426493442890
0.00000612186237101
0.00000560500730756
0.00000352258192905
0.00000468118497362
0.00000599879649702
0.00000485583355269
0.00000289375584113
0.00000726231458895
0.00000527323257219
0.00000741589986400
0.00000774267647657
0.00000046485739923
0.00000733466297786
0.00000812749770298
0.00000431962968640
0.00000544396828889
0.00000872131964312
0.00000888087671930
