0.00000000000000000
0.00000016437695130
0.00000010116397690
0.00000027523565764
0.00000030538570148
0.00000007969166948
0.00000011808208659
0.00000024545039927
0.00000037489601084
0.00000022948233145
0.00000049474261728
0.00000050309219317
0.00000011791673899
0.00000049426882537
0.00000058112866876
0.00000075315871005
0.00000130091802542
0.00000090742899976
0.00000098732253401
0.00000116896654446
0.00000049463840531
0.00000121902973380
0.00000074214282725
0.00000113543093458
0.00000007635419035
0.00000157660145763
0.00000101470872007
0.00000100982483666
0.00000072443666076
0.00000163496831688
0.00000219182872701
0.00000106047532875
0.00000235423635819
0.00000141610450403
0.00000234584597454
0.00000056774682597
0.00000128256673634
0.00000156015817853
0.00000180229077509
0.00000198297556207
0.00000143008723323
0.00000112867924871
0.00000196985401723
0.00000176431011592
0.00000228940641926
0.00000276997889206
0.00000261588252462
0.00000127860035463
0.00000193663430595
0.00000333918314147
0.00000233786914083
0.00000359054416001
0.00000243933619152
0.00000355375678063
0.00000298654955316
0.00000140460785508
0.00000238684462756
0.00000234096077688
0.00000256801157199
0.00000241275231078
