0.00000000000000000
0.00000005767102208
0.00000008986401049
0.00000027523565764
0.00000022885707669
0.00000042220096764
0.00000030203305081
0.00000024545039927
0.00000027663805738
0.00000022948233145
0.00000033728828496
0.00000029168277738
0.00000049638788401
0.00000038134385853
0.00000128869386735
0.00000093411632857
0.00000121992915741
0.00000039996899268
0.00000137666653181
0.00000070429008368
0.00000143050003883
0.00000056748291857
0.00000099208946172
0.00000135916171920
0.00000067714800495
0.00000097906914472
0.00000101470872007
0.00000129708112909
0.00000192436354603
0.00000109793251301
0.00000088704883810
0.00000130635470169
0.00000059351539002
0.00000190861899187
0.00000172864657014
0.00000190944501016
0.00000205966698541
0.00000124397932549
0.00000123625840563
0.00000238830645652
0.00000179290467721
0.00000267130373755
0.00000276927907683
0.00000254493927796
0.00000159065416242
0.00000204027197075
0.00000186940134121
0.00000253144894690
0.00000238521133786
0.00000287073418588
0.00000233786914083
0.00000241091956068
0.00000282329937082
0.00000226491591132
0.00000206362173039
0.00000209304603036
0.00000263333694533
0.00000112744750526
0.00000345674764266
0.00000188240545271
