0.00000000000000000
0.00000004903490714
0.00000018537800418
0.00000010424379134
0.00000022885707669
0.00000021669538874
0.00000048598401502
0.00000024545039927
0.00000037489601084
0.00000005357815039
0.00000033728828496
0.00000057356199843
0.00000049638788401
0.00000007035600886
0.00000098545163938
0.00000039124347301
0.00000065300708136
0.00000126990043338
0.00000007885320582
0.00000093662831407
0.00000111854616099
0.00000121902973380
0.00000090877391689
0.00000143373864741
0.00000127794181955
0.00000085956268214
0.00000090773678705
0.00000129708112909
0.00000063872759753
0.00000109793251301
0.00000164244772115
0.00000075312611259
0.00000191405611615
0.00000161311029917
0.00000128778985272
0.00000190944501016
0.00000156514864509
0.00000111750778427
0.00000191549724898
0.00000137497922039
0.00000179290467721
0.00000112867924871
0.00000196985401723
0.00000208957226677
0.00000240586512873
0.00000151905274125
0.00000196271148914
0.00000269849542587
0.00000201139714460
0.00000307149802399
0.00000113982537655
0.00000273263536050
0.00000205537301222
0.00000269452953443
0.00000275581759746
0.00000333223474587
0.00000355768313696
0.00000201000261190
0.00000325925073807
0.00000250114345379
