0.00000000000000000
0.00000004903490714
0.00000018537800418
0.00000018973972449
0.00000030538570148
0.00000021669538874
0.00000042466702695
0.00000035522181413
0.00000001813580297
0.00000049333860303
0.00000080965128192
0.00000036215258265
0.00000037023083567
0.00000004256895798
0.00000078329015407
0.00000030076466375
0.00000032905160933
0.00000112491185993
0.00000079265053511
0.00000058812096848
0.00000091057690909
0.00000066056103503
0.00000157529827548
0.00000068796936532
0.00000161171616100
0.00000151684822634
0.00000154956838518
0.00000139283322657
0.00000158152729309
0.00000040745790804
0.00000026899520652
0.00000161370391785
0.00000059351539002
0.00000131760160646
0.00000146413253969
0.00000175159816496
0.00000107063030477
0.00000187633703157
0.00000191549724898
0.00000046298470787
0.00000079515670627
0.00000177820534928
0.00000117042895763
0.00000143904796507
0.00000205648900031
0.00000183178427895
0.00000252257237670
0.00000269849542587
0.00000223568566056
0.00000260304906841
0.00000167894507048
0.00000262539676056
0.00000215136380704
0.00000226491591132
0.00000160215781900
0.00000326339092834
0.00000275658310421
0.00000311319649519
0.00000296300538118
0.00000400379288501
