0.00000000000000000
0.00000016437695130
0.00000000564998320
0.00000027523565764
0.00000038191432626
0.00000028519724838
0.00000042466702695
0.00000019363526015
0.00000027663805738
0.00000021027812119
0.00000049474261728
0.00000092591102473
0.00000093793755320
0.00000083304372592
0.00000068220941141
0.00000066267990079
0.00000016707387332
0.00000018248613250
0.00000092243186771
0.00000093662831407
0.00000080659228315
0.00000084671726795
0.00000115872055136
0.00000031508472428
0.00000161171616100
0.00000085956268214
0.00000144259645216
0.00000148858532405
0.00000149581822986
0.00000155824891633
0.00000136775721823
0.00000204399282048
0.00000125378575308
0.00000112059581133
0.00000146413253969
0.00000183052158756
0.00000220095793978
0.00000193957280218
0.00000191549724898
0.00000127364649677
0.00000324417445313
0.00000202177763699
0.00000189717901181
0.00000228472955728
0.00000240586512873
0.00000183178427895
0.00000121623030573
0.00000152917007309
0.00000260949985382
0.00000159922987788
0.00000221806476440
0.00000251815816062
0.00000263131778117
0.00000166345683898
0.00000267890694557
0.00000223073366542
0.00000281820618365
0.00000167904444691
0.00000237051466740
0.00000276631688283
