0.00000000000000000
0.00000005767102208
0.00000018537800418
0.00000006674807497
0.00000007579982711
0.00000049070282727
0.00000054730100309
0.00000046499322898
0.00000057141191774
0.00000066924278408
0.00000041601545112
0.00000078497141421
0.00000068562345652
0.00000060719379222
0.00000058112866876
0.00000075315871005
0.00000032905160933
0.00000090742899976
0.00000079265053511
0.00000128513565965
0.00000101456153504
0.00000121902973380
0.00000074214282725
0.00000076254629353
0.00000101092234640
0.00000229364023313
0.00000058682098798
0.00000129708112909
0.00000201007260926
0.00000132809071467
0.00000095572146384
0.00000173664360431
0.00000136383081359
0.00000161311029917
0.00000155230388317
0.00000159375131976
0.00000191837603103
0.00000130721509610
0.00000146267135341
0.00000167897739123
0.00000188360903821
0.00000242773144984
0.00000204252902265
0.00000247988684779
0.00000205648900031
0.00000183178427895
0.00000140285060158
0.00000127860035463
0.00000133853159673
0.00000139846603977
0.00000221806476440
0.00000262539676056
0.00000109546506396
0.00000252268408519
0.00000252508564177
0.00000346992238092
0.00000201710615090
0.00000377511282516
0.00000306175383347
0.00000197079659572
