0.00000000000000000
0.00000005767102208
0.00000008986401049
0.00000010424379134
0.00000015232845190
0.00000014819352911
0.00000000455188955
0.00000046499322898
0.00000076792782464
0.00000058129069355
0.00000033728828496
0.00000022121297212
0.00000055946640818
0.00000026841889168
0.00000068220941141
0.00000039124347301
0.00000041004047734
0.00000061745185285
0.00000020863453842
0.00000082045919887
0.00000080659228315
0.00000093979538442
0.00000099208946172
0.00000046423858070
0.00000134469668784
0.00000199487407667
0.00000101470872007
0.00000110557693414
0.00000141010916663
0.00000086777431135
0.00000164244772115
0.00000149076423138
0.00000136383081359
0.00000102209291376
0.00000146413253969
0.00000167267474236
0.00000128256673634
0.00000143368663731
0.00000168908430120
0.00000198297556207
0.00000188360903821
0.00000194058687442
0.00000167915399556
0.00000182936254609
0.00000298815867610
0.00000235300350846
0.00000121623030573
0.00000253144894690
0.00000193663430595
0.00000113078092229
0.00000119972756477
0.00000187472656099
0.00000330325334495
0.00000260860680981
0.00000175597912280
0.00000278148420564
0.00000232522154811
0.00000156872505858
0.00000217301776281
0.00000241275231078
