0.00000000000000000
0.00000005767102208
0.00000000564998320
0.00000001874785819
0.00000007579982711
0.00000021669538874
0.00000011808208659
0.00000046499322898
0.00000047315396429
0.00000075719487461
0.00000017983395264
0.00000071450160895
0.00000030715231150
0.00000026841889168
0.00000048004792610
0.00000030076466375
0.00000049102934535
0.00000112491185993
0.00000079265053511
0.00000035578273809
0.00000111854616099
0.00000093979538442
0.00000165861382030
0.00000106085400637
0.00000114443208298
0.00000109857560730
0.00000154956838518
0.00000139283322657
0.00000132440010340
0.00000125137131412
0.00000129908459249
0.00000142929438815
0.00000158392093462
0.00000141610450403
0.00000058241910483
0.00000167267474236
0.00000198902150822
0.00000181310126096
0.00000191549724898
0.00000188164283845
0.00000143008723323
0.00000202177763699
0.00000175182900098
0.00000267504413830
0.00000205648900031
0.00000204027197075
0.00000214933178499
0.00000186326303102
0.00000253473701517
0.00000233536395093
0.00000257747789369
0.00000133853356129
0.00000253532698634
0.00000295229770829
0.00000175597912280
0.00000167998312519
0.00000195548307146
0.00000366479343683
0.00000306175383347
0.00000320827259789
