0	0.00000000000000000
1	0.00000000889548410
2	0.00000001864042365
3	0.00000000113139440
4	0.00000000810166615
5	0.00000004903490714
6	0.00000005138257213
7	0.00000000284552524
8	0.00000003581905919
9	0.00000003977625919
10	0.00000000564998320
11	0.00000000541959472
12	0.00000003310716751
13	0.00000004113594381
14	0.00000002422048958
15	0.00000001874785819
16	0.00000004558048237
17	0.00000007357988557
18	0.00000009232356248
19	0.00000014598587960
20	0.00000015232845190
21	0.00000012503399938
22	0.00000016142941555
23	0.00000018956302896
24	0.00000019869018342
25	0.00000021669538874
26	0.00000027545732244
27	0.00000026786293715
28	0.00000026886406376
29	0.00000030998077319
30	0.00000030203305081
31	0.00000035129044151
32	0.00000036670126978
33	0.00000033660226916
34	0.00000037670853938
35	0.00000035522181413
36	0.00000039711471302
37	0.00000040794674574
38	0.00000044246850521
39	0.00000046971706059
40	0.00000047315396429
41	0.00000046973076277
42	0.00000043442462920
43	0.00000044835869123
44	0.00000045902504157
45	0.00000049333860303
46	0.00000051656654174
47	0.00000055459585894
48	0.00000053839339193
49	0.00000058814549641
50	0.00000057346978344
51	0.00000057193230822
52	0.00000053859212512
53	0.00000055535210651
54	0.00000057731867755
55	0.00000057356199843
56	0.00000061212979669
57	0.00000064854990977
58	0.00000061192922155
59	0.00000062416082061
60	0.00000062254493235
61	0.00000065341268548
62	0.00000063372099136
63	0.00000065476678543
64	0.00000063838389465
65	0.00000060719379222
66	0.00000063762303998
67	0.00000061854485280
68	0.00000063210783870
69	0.00000063374700485
70	0.00000068220941141
71	0.00000066326691802
72	0.00000062360234250
73	0.00000064920648982
74	0.00000068373026745
75	0.00000066267990079
76	0.00000069066552482
77	0.00000069057210085
78	0.00000069040699545
79	0.00000065114099878
80	0.00000065300708136
81	0.00000063762431786
82	0.00000063514346045
83	0.00000064437889749
84	0.00000060459703449
85	0.00000061745185285
86	0.00000060876716544
87	0.00000065152352848
88	0.00000071220527463
89	0.00000072514744046
90	0.00000072775986881
91	0.00000076333241703
92	0.00000077625078414
93	0.00000077193035646
94	0.00000081053451947
95	0.00000082045919887
96	0.00000085306803476
97	0.00000083163980994
98	0.00000084438157852
99	0.00000084431339718
100	0.00000080659228315
101	0.00000082793577273
102	0.00000086635765378
103	0.00000087265378689
104	0.00000090770621934
105	0.00000093979538442
106	0.00000093119091596
107	0.00000094229576005
108	0.00000095602462051
109	0.00000096944846654
110	0.00000099208946172
111	0.00000102439625763
112	0.00000106407240292
113	0.00000106775794556
114	0.00000112089509345
115	0.00000113543093458
116	0.00000116990393398
117	0.00000117055223843
118	0.00000117406099688
119	0.00000115908768302
120	0.00000114443208298
121	0.00000111727288241
122	0.00000109212809810
123	0.00000110727092603
124	0.00000113685669945
125	0.00000115832883860
126	0.00000118740588241
127	0.00000118405893316
128	0.00000123339105605
129	0.00000121985395578
130	0.00000122865258612
131	0.00000120015964162
132	0.00000124908562924
133	0.00000121670546544
134	0.00000120102101448
135	0.00000120132903161
136	0.00000117649854379
137	0.00000114410851192
138	0.00000118809572239
139	0.00000122433890551
140	0.00000123869104016
141	0.00000126423093584
142	0.00000126397043345
143	0.00000126856502815
144	0.00000124527477661
145	0.00000125137131412
146	0.00000125974809829
147	0.00000125826458933
148	0.00000124149239750
149	0.00000120631127040
150	0.00000123041196676
151	0.00000121599435121
152	0.00000123290716649
153	0.00000122425975700
154	0.00000120836829991
155	0.00000124488485845
156	0.00000121126047256
157	0.00000121475897878
158	0.00000118955995260
159	0.00000121105100154
160	0.00000125378575308
161	0.00000128096893578
162	0.00000130763964561
163	0.00000128866082530
164	0.00000129288852941
165	0.00000131760160646
166	0.00000133353336623
167	0.00000129556183495
168	0.00000134322290056
169	0.00000132964661500
170	0.00000137596119620
171	0.00000139437557769
172	0.00000137949796451
173	0.00000137949032276
174	0.00000144147011964
175	0.00000143590447456
176	0.00000149661261879
177	0.00000151639490259
178	0.00000151017847592
179	0.00000147839234945
180	0.00000149450316790
181	0.00000149624589671
182	0.00000152548465776
183	0.00000156523709488
184	0.00000159338861187
185	0.00000162339394914
186	0.00000163913182077
187	0.00000167360676528
188	0.00000172067590109
189	0.00000173801464862
190	0.00000180229077509
191	0.00000184583133489
192	0.00000183315347224
193	0.00000181322662681
194	0.00000184039896309
195	0.00000188164283845
196	0.00000189431145839
197	0.00000194017354446
198	0.00000193018040626
199	0.00000191571883583
200	0.00000188360903821
201	0.00000191895686913
202	0.00000188871134813
203	0.00000190283672625
204	0.00000187594089136
205	0.00000185939611185
206	0.00000189109923907
207	0.00000193685919313
208	0.00000196509593739
209	0.00000197798851441
210	0.00000196985401723
211	0.00000198059240442
212	0.00000197351795126
213	0.00000194333627773
214	0.00000198240440935
215	0.00000195946740643
216	0.00000200940390370
217	0.00000200225472632
218	0.00000199963158265
219	0.00000204759473363
220	0.00000205648900031
221	0.00000204375587886
222	0.00000206834165990
223	0.00000206485780611
224	0.00000205222845489
225	0.00000204027197075
226	0.00000203126248613
227	0.00000208660972048
228	0.00000207124731131
229	0.00000206083375108
230	0.00000205602163706
231	0.00000209695349471
232	0.00000213119610822
233	0.00000210989070395
234	0.00000216545962565
235	0.00000219735598896
236	0.00000220653760199
237	0.00000219579195330
238	0.00000217949133942
239	0.00000222752414829
240	0.00000223568566056
241	0.00000223382247599
242	0.00000222782228488
243	0.00000225964902856
244	0.00000225045720716
245	0.00000226844267156
246	0.00000231479213300
247	0.00000229217888763
248	0.00000227365054110
249	0.00000231335330182
250	0.00000233786914083
251	0.00000237373580018
252	0.00000239440403003
253	0.00000240540951223
254	0.00000238814253390
255	0.00000241091956068
256	0.00000244380407446
257	0.00000242077004210
258	0.00000246306652144
259	0.00000244955815888
260	0.00000243933619152
261	0.00000248253615052
262	0.00000248078717442
263	0.00000245976438569
264	0.00000247552727322
265	0.00000252268408519
266	0.00000251619269081
267	0.00000257206500850
268	0.00000260526820332
269	0.00000256866619704
270	0.00000260199629367
271	0.00000257083498185
272	0.00000256946509230
273	0.00000259967130460
274	0.00000259872545515
275	0.00000257495275306
276	0.00000258077457898
277	0.00000257012291488
278	0.00000258713087124
279	0.00000263071172672
280	0.00000263333694533
281	0.00000262146881384
282	0.00000262439919737
283	0.00000265895997886
284	0.00000268130299042
285	0.00000267191894187
286	0.00000266030868369
287	0.00000266506089979
288	0.00000266427897363
289	0.00000269994578299
290	0.00000266676002429
291	0.00000264818636863
292	0.00000267449602308
293	0.00000270435654995
294	0.00000272763299439
295	0.00000276631688283
296	0.00000274518443377
297	inf
298	inf
299	inf
