sum	1000.5	1712931754.62017846107482910	1712931754.76945066452026367
sum	1000.5	1712931754.76956462860107422	1712931754.91531157493591309
sum	1000.5	1712931754.91541862487792969	1712931755.04912924766540527
sum	1000.5	1712931755.04924416542053223	1712931755.18383574485778809
sum	1000.5	1712931755.18394923210144043	1712931755.31796026229858398
sum	1000.5	1712931755.31807374954223633	1712931755.45748329162597656
sum	1000.5	1712931755.45759534835815430	1712931755.60159158706665039
sum	1000.5	1712931755.60171079635620117	1712931755.74388694763183594
sum	1000.5	1712931755.74400496482849121	1712931755.87591218948364258
sum	1000.5	1712931755.87601542472839355	1712931756.00834012031555176
sum	1000.5	1712931756.00846242904663086	1712931756.14179658889770508
sum	1000.5	1712931756.14190459251403809	1712931756.28324675559997559
sum	1000.5	1712931756.28336644172668457	1712931756.42830133438110352
sum	1000.5	1712931756.42841148376464844	1712931756.57357645034790039
sum	1000.5	1712931756.57368373870849609	1712931756.71415495872497559
sum	1000.5	1712931756.71427392959594727	1712931756.84888648986816406
sum	1000.5	1712931756.84899687767028809	1712931756.98770117759704590
sum	1000.5	1712931756.98781585693359375	1712931757.13178801536560059
sum	1000.5	1712931757.13191556930541992	1712931757.26873803138732910
sum	1000.5	1712931757.26884889602661133	1712931757.40142607688903809
sum	1000.5	1712931787.13213014602661133	1712931787.27870750427246094
sum	1000.5	1712931787.27882862091064453	1712931787.41337370872497559
sum	1000.5	1712931787.41349077224731445	1712931787.54251003265380859
sum	1000.5	1712931787.54262137413024902	1712931787.67222738265991211
sum	1000.5	1712931787.67234253883361816	1712931787.80332016944885254
sum	1000.5	1712931787.80342793464660645	1712931787.93858122825622559
sum	1000.5	1712931787.93868994712829590	1712931788.07248044013977051
sum	1000.5	1712931788.07259654998779297	1712931788.20194172859191895
sum	1000.5	1712931788.20206379890441895	1712931788.33449816703796387
sum	1000.5	1712931788.33460164070129395	1712931788.47287034988403320
sum	1000.5	1712931788.47298979759216309	1712931788.61291003227233887
sum	1000.5	1712931788.61302328109741211	1712931788.74952316284179688
sum	1000.5	1712931788.74963402748107910	1712931788.88682007789611816
sum	1000.5	1712931788.88692355155944824	1712931789.02949857711791992
sum	1000.5	1712931789.02960228919982910	1712931789.17176151275634766
sum	1000.5	1712931789.17186999320983887	1712931789.31632208824157715
sum	1000.5	1712931789.31644034385681152	1712931789.45490455627441406
sum	1000.5	1712931789.45501613616943359	1712931789.59299921989440918
sum	1000.5	1712931789.59310317039489746	1712931789.73666501045227051
sum	1000.5	1712931789.73678588867187500	1712931789.87740421295166016
sum	1000.5	1712931819.38844466209411621	1712931819.53136634826660156
sum	1000.5	1712931819.53148078918457031	1712931819.66876101493835449
sum	1000.5	1712931819.66886663436889648	1712931819.80021810531616211
sum	1000.5	1712931819.80032920837402344	1712931819.93163633346557617
sum	1000.5	1712931819.93173217773437500	1712931820.06384778022766113
sum	1000.5	1712931820.06396913528442383	1712931820.19463443756103516
sum	1000.5	1712931820.19475483894348145	1712931820.32626485824584961
sum	1000.5	1712931820.32637214660644531	1712931820.46985101699829102
sum	1000.5	1712931820.46997308731079102	1712931820.61364603042602539
sum	1000.5	1712931820.61375689506530762	1712931820.75597834587097168
sum	1000.5	1712931820.75609135627746582	1712931820.89441585540771484
sum	1000.5	1712931820.89452433586120605	1712931821.03017544746398926
sum	1000.5	1712931821.03027820587158203	1712931821.16578507423400879
sum	1000.5	1712931821.16590142250061035	1712931821.29574108123779297
sum	1000.5	1712931821.29585647583007812	1712931821.42542099952697754
sum	1000.5	1712931821.42553567886352539	1712931821.55510616302490234
sum	1000.5	1712931821.55521583557128906	1712931821.68477296829223633
sum	1000.5	1712931821.68488168716430664	1712931821.81447196006774902
sum	1000.5	1712931821.81458210945129395	1712931821.94734597206115723
sum	1000.5	1712931821.94745731353759766	1712931822.08333659172058105
sum	1000.5	1712931851.89989447593688965	1712931852.04488086700439453
sum	1000.5	1712931852.04499793052673340	1712931852.18182492256164551
sum	1000.5	1712931852.18194699287414551	1712931852.31613326072692871
sum	1000.5	1712931852.31624221801757812	1712931852.44574952125549316
sum	1000.5	1712931852.44585895538330078	1712931852.57534813880920410
sum	1000.5	1712931852.57545924186706543	1712931852.70903468132019043
sum	1000.5	1712931852.70915889739990234	1712931852.84367227554321289
sum	1000.5	1712931852.84372973442077637	1712931852.98516654968261719
sum	1000.5	1712931852.98528909683227539	1712931853.12988281250000000
sum	1000.5	1712931853.13000226020812988	1712931853.27150225639343262
sum	1000.5	1712931853.27161216735839844	1712931853.41083264350891113
sum	1000.5	1712931853.41095399856567383	1712931853.54856109619140625
sum	1000.5	1712931853.54867291450500488	1712931853.68463301658630371
sum	1000.5	1712931853.68474388122558594	1712931853.82054567337036133
sum	1000.5	1712931853.82065606117248535	1712931853.95707774162292480
sum	1000.5	1712931853.95718622207641602	1712931854.09339094161987305
sum	1000.5	1712931854.09349989891052246	1712931854.22945737838745117
sum	1000.5	1712931854.22956705093383789	1712931854.36606025695800781
sum	1000.5	1712931854.36618089675903320	1712931854.50412321090698242
sum	1000.5	1712931854.50423192977905273	1712931854.64071607589721680
sum	1000.5	1712931884.15612959861755371	1712931884.30272793769836426
sum	1000.5	1712931884.30285596847534180	1712931884.44153475761413574
sum	1000.5	1712931884.44164419174194336	1712931884.57559990882873535
sum	1000.5	1712931884.57572269439697266	1712931884.70987963676452637
sum	1000.5	1712931884.70999455451965332	1712931884.84359097480773926
sum	1000.5	1712931884.84371376037597656	1712931884.97745060920715332
sum	1000.5	1712931884.97757244110107422	1712931885.11115169525146484
sum	1000.5	1712931885.11127161979675293	1712931885.24573969841003418
sum	1000.5	1712931885.24586248397827148	1712931885.38038587570190430
sum	1000.5	1712931885.38049864768981934	1712931885.51546025276184082
sum	1000.5	1712931885.51558279991149902	1712931885.65119957923889160
sum	1000.5	1712931885.65132212638854980	1712931885.78582835197448730
sum	1000.5	1712931885.78594374656677246	1712931885.92079210281372070
sum	1000.5	1712931885.92090559005737305	1712931886.05573821067810059
sum	1000.5	1712931886.05585408210754395	1712931886.19136500358581543
sum	1000.5	1712931886.19147443771362305	1712931886.32604241371154785
sum	1000.5	1712931886.32616901397705078	1712931886.46078729629516602
sum	1000.5	1712931886.46089816093444824	1712931886.59572458267211914
sum	1000.5	1712931886.59585070610046387	1712931886.72587156295776367
sum	1000.5	1712931886.72598385810852051	1712931886.85464787483215332
sum	1000.5	1712931916.66860771179199219	1712931916.80755639076232910
sum	1000.5	1712931916.80768680572509766	1712931916.94265913963317871
sum	1000.5	1712931916.94277548789978027	1712931917.07040691375732422
sum	1000.5	1712931917.07051706314086914	1712931917.20009493827819824
sum	1000.5	1712931917.20021200180053711	1712931917.33425378799438477
sum	1000.5	1712931917.33437275886535645	1712931917.46919822692871094
sum	1000.5	1712931917.46930837631225586	1712931917.60276317596435547
sum	1000.5	1712931917.60287332534790039	1712931917.73620986938476562
sum	1000.5	1712931917.73632836341857910	1712931917.87327432632446289
sum	1000.5	1712931917.87339115142822266	1712931918.01837348937988281
sum	1000.5	1712931918.01849269866943359	1712931918.15711569786071777
sum	1000.5	1712931918.15721750259399414	1712931918.29184532165527344
sum	1000.5	1712931918.29195499420166016	1712931918.42754101753234863
sum	1000.5	1712931918.42767572402954102	1712931918.57217288017272949
sum	1000.5	1712931918.57228565216064453	1712931918.71092963218688965
sum	1000.5	1712931918.71105146408081055	1712931918.84828257560729980
sum	1000.5	1712931918.84838914871215820	1712931918.98545479774475098
sum	1000.5	1712931918.98556303977966309	1712931919.12163043022155762
sum	1000.5	1712931919.12173962593078613	1712931919.25792956352233887
sum	1000.5	1712931919.25803875923156738	1712931919.39373159408569336
sum	1000.5	1712931949.18050122261047363	1712931949.32611608505249023
sum	1000.5	1712931949.32622551918029785	1712931949.46586298942565918
sum	1000.5	1712931949.46597170829772949	1712931949.60026621818542480
sum	1000.5	1712931949.60037636756896973	1712931949.73599791526794434
sum	1000.5	1712931949.73610734939575195	1712931949.87126588821411133
sum	1000.5	1712931949.87137341499328613	1712931950.00669169425964355
sum	1000.5	1712931950.00681161880493164	1712931950.14535236358642578
sum	1000.5	1712931950.14547371864318848	1712931950.27613377571105957
sum	1000.5	1712931950.27625226974487305	1712931950.40580725669860840
sum	1000.5	1712931950.40591669082641602	1712931950.54012727737426758
sum	1000.5	1712931950.54023766517639160	1712931950.67656946182250977
sum	1000.5	1712931950.67667984962463379	1712931950.81296539306640625
sum	1000.5	1712931950.81307625770568848	1712931950.95176601409912109
sum	1000.5	1712931950.95187640190124512	1712931951.08771944046020508
sum	1000.5	1712931951.08783078193664551	1712931951.22471714019775391
sum	1000.5	1712931951.22482633590698242	1712931951.36012029647827148
sum	1000.5	1712931951.36023020744323730	1712931951.49636507034301758
sum	1000.5	1712931951.49647951126098633	1712931951.63282203674316406
sum	1000.5	1712931951.63294100761413574	1712931951.77705788612365723
sum	1000.5	1712931951.77717614173889160	1712931951.92102599143981934
sum	1000.5	1712931981.43643283843994141	1712931981.59064531326293945
sum	1000.5	1712931981.59075784683227539	1712931981.73528814315795898
sum	1000.5	1712931981.73541045188903809	1712931981.87020778656005859
sum	1000.5	1712931981.87031793594360352	1712931982.00530910491943359
sum	1000.5	1712931982.00541877746582031	1712931982.13844299316406250
sum	1000.5	1712931982.13855981826782227	1712931982.27050089836120605
sum	1000.5	1712931982.27061009407043457	1712931982.40495371818542480
sum	1000.5	1712931982.40507483482360840	1712931982.54585218429565430
sum	1000.5	1712931982.54597520828247070	1712931982.68887591361999512
sum	1000.5	1712931982.68899297714233398	1712931982.82836961746215820
sum	1000.5	1712931982.82848238945007324	1712931982.96372175216674805
sum	1000.5	1712931982.96383047103881836	1712931983.09990096092224121
sum	1000.5	1712931983.10002160072326660	1712931983.24055480957031250
sum	1000.5	1712931983.24066543579101562	1712931983.37730789184570312
sum	1000.5	1712931983.37741780281066895	1712931983.51273727416992188
sum	1000.5	1712931983.51284193992614746	1712931983.65500640869140625
sum	1000.5	1712931983.65513134002685547	1712931983.79047465324401855
sum	1000.5	1712931983.79059743881225586	1712931983.92509579658508301
sum	1000.5	1712931983.92521667480468750	1712931984.05929756164550781
sum	1000.5	1712931984.05940747261047363	1712931984.19755101203918457
sum	1000.5	1712932013.69241738319396973	1712932013.83689832687377930
sum	1000.5	1712932013.83701276779174805	1712932013.97601461410522461
sum	1000.5	1712932013.97612500190734863	1712932014.11002087593078613
sum	1000.5	1712932014.11014199256896973	1712932014.24432992935180664
sum	1000.5	1712932014.24443960189819336	1712932014.37262129783630371
sum	1000.5	1712932014.37273168563842773	1712932014.50102090835571289
sum	1000.5	1712932014.50113105773925781	1712932014.62925219535827637
sum	1000.5	1712932014.62936305999755859	1712932014.75818133354187012
sum	1000.5	1712932014.75829720497131348	1712932014.88759660720825195
sum	1000.5	1712932014.88772439956665039	1712932015.01747155189514160
sum	1000.5	1712932015.01758289337158203	1712932015.15266132354736328
sum	1000.5	1712932015.15277385711669922	1712932015.28776001930236816
sum	1000.5	1712932015.28788995742797852	1712932015.42250466346740723
sum	1000.5	1712932015.42261433601379395	1712932015.55211281776428223
sum	1000.5	1712932015.55222392082214355	1712932015.68289351463317871
sum	1000.5	1712932015.68300414085388184	1712932015.81417274475097656
sum	1000.5	1712932015.81429171562194824	1712932015.94489645957946777
sum	1000.5	1712932015.94500494003295898	1712932016.07550072669982910
sum	1000.5	1712932016.07561111450195312	1712932016.20690178871154785
sum	1000.5	1712932016.20700669288635254	1712932016.33904719352722168
sum	1000.5	1712932046.20430254936218262	1712932046.34630870819091797
sum	1000.5	1712932046.34642314910888672	1712932046.48338437080383301
sum	1000.5	1712932046.48350763320922852	1712932046.61998391151428223
sum	1000.5	1712932046.62009882926940918	1712932046.75426506996154785
sum	1000.5	1712932046.75438475608825684	1712932046.88876724243164062
sum	1000.5	1712932046.88887405395507812	1712932047.02291464805603027
sum	1000.5	1712932047.02302718162536621	1712932047.15389943122863770
sum	1000.5	1712932047.15400862693786621	1712932047.28950452804565430
sum	1000.5	1712932047.28962135314941406	1712932047.42712330818176270
sum	1000.5	1712932047.42724418640136719	1712932047.57246112823486328
sum	1000.5	1712932047.57257509231567383	1712932047.71778416633605957
sum	1000.5	1712932047.71789383888244629	1712932047.86356425285339355
sum	1000.5	1712932047.86369848251342773	1712932048.00873637199401855
sum	1000.5	1712932048.00885224342346191	1712932048.15510725975036621
sum	1000.5	1712932048.15522360801696777	1712932048.29832839965820312
sum	1000.5	1712932048.29844975471496582	1712932048.43303918838500977
sum	1000.5	1712932048.43315339088439941	1712932048.56734728813171387
sum	1000.5	1712932048.56745600700378418	1712932048.70330762863159180
sum	1000.5	1712932048.70343017578125000	1712932048.84029316902160645
sum	1000.5	1712932048.84040260314941406	1712932048.97808742523193359
sum	1000.5	1712932078.71635317802429199	1712932078.86115550994873047
sum	1000.5	1712932078.86127233505249023	1712932078.99968051910400391
sum	1000.5	1712932078.99974203109741211	1712932079.13000941276550293
sum	1000.5	1712932079.13012266159057617	1712932079.25945591926574707
sum	1000.5	1712932079.25956463813781738	1712932079.40078234672546387
sum	1000.5	1712932079.40090131759643555	1712932079.53557038307189941
sum	1000.5	1712932079.53570032119750977	1712932079.67064237594604492
sum	1000.5	1712932079.67075872421264648	1712932079.80347943305969238
sum	1000.5	1712932079.80360221862792969	1712932079.93315887451171875
sum	1000.5	1712932079.93327164649963379	1712932080.06820535659790039
sum	1000.5	1712932080.06831979751586914	1712932080.20519900321960449
sum	1000.5	1712932080.20530462265014648	1712932080.34091138839721680
sum	1000.5	1712932080.34102034568786621	1712932080.47568273544311523
sum	1000.5	1712932080.47574019432067871	1712932080.61529660224914551
sum	1000.5	1712932080.61541914939880371	1712932080.75740313529968262
sum	1000.5	1712932080.75752043724060059	1712932080.89602160453796387
sum	1000.5	1712932080.89614701271057129	1712932081.03738903999328613
sum	1000.5	1712932081.03750443458557129	1712932081.17950105667114258
sum	1000.5	1712932081.17960524559020996	1712932081.31429648399353027
sum	1000.5	1712932081.31440615653991699	1712932081.44882750511169434
sum	1000.5	1712932110.97223997116088867	1712932111.12318110466003418
sum	1000.5	1712932111.12329411506652832	1712932111.26778101921081543
sum	1000.5	1712932111.26789999008178711	1712932111.40335083007812500
sum	1000.5	1712932111.40345978736877441	1712932111.54560017585754395
sum	1000.5	1712932111.54571294784545898	1712932111.68705224990844727
sum	1000.5	1712932111.68716669082641602	1712932111.82682180404663086
sum	1000.5	1712932111.82693052291870117	1712932111.96666598320007324
sum	1000.5	1712932111.96677255630493164	1712932112.10609698295593262
sum	1000.5	1712932112.10621285438537598	1712932112.24652957916259766
sum	1000.5	1712932112.24665021896362305	1712932112.38013362884521484
sum	1000.5	1712932112.38024473190307617	1712932112.50973486900329590
sum	1000.5	1712932112.50984954833984375	1712932112.64592099189758301
sum	1000.5	1712932112.64602971076965332	1712932112.78165936470031738
sum	1000.5	1712932112.78177213668823242	1712932112.91602253913879395
sum	1000.5	1712932112.91613030433654785	1712932113.05296421051025391
sum	1000.5	1712932113.05307316780090332	1712932113.19440865516662598
sum	1000.5	1712932113.19452404975891113	1712932113.33862185478210449
sum	1000.5	1712932113.33873438835144043	1712932113.48164200782775879
sum	1000.5	1712932113.48175120353698730	1712932113.61869430541992188
sum	1000.5	1712932113.61879801750183105	1712932113.75313162803649902
sum	1000.5	1712932143.74018716812133789	1712932143.89397931098937988
sum	1000.5	1712932143.89409756660461426	1712932144.04219603538513184
sum	1000.5	1712932144.04229998588562012	1712932144.18412780761718750
sum	1000.5	1712932144.18423604965209961	1712932144.32180738449096680
sum	1000.5	1712932144.32191658020019531	1712932144.45956158638000488
sum	1000.5	1712932144.45968389511108398	1712932144.59755730628967285
sum	1000.5	1712932144.59765934944152832	1712932144.73956847190856934
sum	1000.5	1712932144.73969507217407227	1712932144.87768650054931641
sum	1000.5	1712932144.87780261039733887	1712932145.01948046684265137
sum	1000.5	1712932145.01960062980651855	1712932145.16266942024230957
sum	1000.5	1712932145.16278195381164551	1712932145.30494213104248047
sum	1000.5	1712932145.30505776405334473	1712932145.44788002967834473
sum	1000.5	1712932145.44799685478210449	1712932145.58706331253051758
sum	1000.5	1712932145.58717203140258789	1712932145.72038340568542480
sum	1000.5	1712932145.72049736976623535	1712932145.85004854202270508
sum	1000.5	1712932145.85017085075378418	1712932145.98244166374206543
sum	1000.5	1712932145.98256587982177734	1712932146.11686801910400391
sum	1000.5	1712932146.11698222160339355	1712932146.25205206871032715
sum	1000.5	1712932146.25215196609497070	1712932146.38632702827453613
sum	1000.5	1712932146.38643169403076172	1712932146.52187585830688477
sum	1000.5	1712932176.50774931907653809	1712932176.65761280059814453
sum	1000.5	1712932176.65773677825927734	1712932176.79933762550354004
sum	1000.5	1712932176.79944133758544922	1712932176.93556642532348633
sum	1000.5	1712932176.93569350242614746	1712932177.07129526138305664
sum	1000.5	1712932177.07140254974365234	1712932177.21094512939453125
sum	1000.5	1712932177.21105718612670898	1712932177.35199999809265137
sum	1000.5	1712932177.35210919380187988	1712932177.48980879783630371
sum	1000.5	1712932177.48991727828979492	1712932177.62885642051696777
sum	1000.5	1712932177.62897253036499023	1712932177.76554036140441895
sum	1000.5	1712932177.76565051078796387	1712932177.90146899223327637
sum	1000.5	1712932177.90157961845397949	1712932178.03763461112976074
sum	1000.5	1712932178.03775572776794434	1712932178.17312622070312500
sum	1000.5	1712932178.17323541641235352	1712932178.30916094779968262
sum	1000.5	1712932178.30927133560180664	1712932178.44535684585571289
sum	1000.5	1712932178.44546651840209961	1712932178.58477330207824707
sum	1000.5	1712932178.58488464355468750	1712932178.72777962684631348
sum	1000.5	1712932178.72790956497192383	1712932178.86668395996093750
sum	1000.5	1712932178.86678671836853027	1712932179.00415086746215820
sum	1000.5	1712932179.00426054000854492	1712932179.14001679420471191
sum	1000.5	1712932179.14012646675109863	1712932179.27920746803283691
sum	1000.5	1712932209.02054667472839355	1712932209.16217231750488281
sum	1000.5	1712932209.16228556632995605	1712932209.29650592803955078
sum	1000.5	1712932209.29662203788757324	1712932209.43087911605834961
sum	1000.5	1712932209.43098855018615723	1712932209.56584811210632324
sum	1000.5	1712932209.56595396995544434	1712932209.70225453376770020
sum	1000.5	1712932209.70236921310424805	1712932209.83745551109313965
sum	1000.5	1712932209.83756589889526367	1712932209.97243714332580566
sum	1000.5	1712932209.97254776954650879	1712932210.10751771926879883
sum	1000.5	1712932210.10765433311462402	1712932210.24658679962158203
sum	1000.5	1712932210.24669075012207031	1712932210.38685393333435059
sum	1000.5	1712932210.38696432113647461	1712932210.52625012397766113
sum	1000.5	1712932210.52637314796447754	1712932210.66472411155700684
sum	1000.5	1712932210.66482758522033691	1712932210.80781030654907227
sum	1000.5	1712932210.80793213844299316	1712932210.94294834136962891
sum	1000.5	1712932210.94306421279907227	1712932211.08298921585083008
sum	1000.5	1712932211.08309817314147949	1712932211.22587537765502930
sum	1000.5	1712932211.22599887847900391	1712932211.36918997764587402
sum	1000.5	1712932211.36931037902832031	1712932211.51198530197143555
sum	1000.5	1712932211.51209640502929688	1712932211.65560317039489746
sum	1000.5	1712932211.65572810173034668	1712932211.79978632926940918
sum	1000.5	1712932241.53241181373596191	1712932241.68167471885681152
sum	1000.5	1712932241.68178939819335938	1712932241.82875704765319824
sum	1000.5	1712932241.82887887954711914	1712932241.97234344482421875
sum	1000.5	1712932241.97245883941650391	1712932242.11110186576843262
sum	1000.5	1712932242.11120676994323730	1712932242.25130057334899902
sum	1000.5	1712932242.25141024589538574	1712932242.38317012786865234
sum	1000.5	1712932242.38328075408935547	1712932242.51569485664367676
sum	1000.5	1712932242.51581525802612305	1712932242.65263319015502930
sum	1000.5	1712932242.65275740623474121	1712932242.78898835182189941
sum	1000.5	1712932242.78910779953002930	1712932242.92501759529113770
sum	1000.5	1712932242.92514109611511230	1712932243.06173276901245117
sum	1000.5	1712932243.06185293197631836	1712932243.19095730781555176
sum	1000.5	1712932243.19106531143188477	1712932243.32049417495727539
sum	1000.5	1712932243.32060813903808594	1712932243.44987463951110840
sum	1000.5	1712932243.44998931884765625	1712932243.58190727233886719
sum	1000.5	1712932243.58201551437377930	1712932243.71873474121093750
sum	1000.5	1712932243.71885824203491211	1712932243.85501074790954590
sum	1000.5	1712932243.85513448715209961	1712932243.99043250083923340
sum	1000.5	1712932243.99054312705993652	1712932244.11985254287719727
sum	1000.5	1712932244.11996221542358398	1712932244.25222778320312500
sum	1000.5	1712932273.78863334655761719	1712932273.92954730987548828
sum	1000.5	1712932273.92966580390930176	1712932274.06413578987121582
sum	1000.5	1712932274.06425118446350098	1712932274.19394278526306152
sum	1000.5	1712932274.19405150413513184	1712932274.32374858856201172
sum	1000.5	1712932274.32385516166687012	1712932274.45354008674621582
sum	1000.5	1712932274.45364832878112793	1712932274.58936357498168945
sum	1000.5	1712932274.58947134017944336	1712932274.72538328170776367
sum	1000.5	1712932274.72549796104431152	1712932274.86148643493652344
sum	1000.5	1712932274.86161208152770996	1712932274.99868488311767578
sum	1000.5	1712932274.99879479408264160	1712932275.13642454147338867
sum	1000.5	1712932275.13653421401977539	1712932275.27393269538879395
sum	1000.5	1712932275.27404737472534180	1712932275.41137099266052246
sum	1000.5	1712932275.41147971153259277	1712932275.54843640327453613
sum	1000.5	1712932275.54854726791381836	1712932275.68577861785888672
sum	1000.5	1712932275.68588376045227051	1712932275.82258415222167969
sum	1000.5	1712932275.82269358634948730	1712932275.96121907234191895
sum	1000.5	1712932275.96133732795715332	1712932276.09803080558776855
sum	1000.5	1712932276.09813904762268066	1712932276.23489379882812500
sum	1000.5	1712932276.23500394821166992	1712932276.37152361869812012
sum	1000.5	1712932276.37163162231445312	1712932276.50866317749023438
sum	1000.5	1712932306.30044484138488770	1712932306.44413757324218750
sum	1000.5	1712932306.44425392150878906	1712932306.58065080642700195
sum	1000.5	1712932306.58076214790344238	1712932306.71125435829162598
sum	1000.5	1712932306.71137475967407227	1712932306.84452533721923828
sum	1000.5	1712932306.84463548660278320	1712932306.97585177421569824
sum	1000.5	1712932306.97596025466918945	1712932307.10923767089843750
sum	1000.5	1712932307.10934376716613770	1712932307.24589037895202637
sum	1000.5	1712932307.24600434303283691	1712932307.38440299034118652
sum	1000.5	1712932307.38452506065368652	1712932307.51497793197631836
sum	1000.5	1712932307.51510167121887207	1712932307.64892292022705078
sum	1000.5	1712932307.64903354644775391	1712932307.78315520286560059
sum	1000.5	1712932307.78326535224914551	1712932307.91856884956359863
sum	1000.5	1712932307.91869306564331055	1712932308.05299472808837891
sum	1000.5	1712932308.05310750007629395	1712932308.18392157554626465
sum	1000.5	1712932308.18404245376586914	1712932308.32399106025695801
sum	1000.5	1712932308.32410383224487305	1712932308.45896625518798828
sum	1000.5	1712932308.45908331871032715	1712932308.59599971771240234
sum	1000.5	1712932308.59611177444458008	1712932308.73459076881408691
sum	1000.5	1712932308.73470139503479004	1712932308.87043595314025879
sum	1000.5	1712932308.87054634094238281	1712932309.00715517997741699
sum	1000.5	1712932338.55642056465148926	1712932338.70276451110839844
sum	1000.5	1712932338.70287823677062988	1712932338.84400200843811035
sum	1000.5	1712932338.84411168098449707	1712932338.97884488105773926
sum	1000.5	1712932338.97895026206970215	1712932339.11932945251464844
sum	1000.5	1712932339.11944913864135742	1712932339.26257610321044922
sum	1000.5	1712932339.26269483566284180	1712932339.40226268768310547
sum	1000.5	1712932339.40236973762512207	1712932339.54520750045776367
sum	1000.5	1712932339.54532814025878906	1712932339.68387198448181152
sum	1000.5	1712932339.68398857116699219	1712932339.81966447830200195
sum	1000.5	1712932339.81973195075988770	1712932339.95250248908996582
sum	1000.5	1712932339.95261240005493164	1712932340.09758090972900391
sum	1000.5	1712932340.09769415855407715	1712932340.23723554611206055
sum	1000.5	1712932340.23734211921691895	1712932340.37320470809936523
sum	1000.5	1712932340.37330985069274902	1712932340.50998830795288086
sum	1000.5	1712932340.51010799407958984	1712932340.65640258789062500
sum	1000.5	1712932340.65652251243591309	1712932340.80262136459350586
sum	1000.5	1712932340.80272674560546875	1712932340.94338154792785645
sum	1000.5	1712932340.94348931312561035	1712932341.08528733253479004
sum	1000.5	1712932341.08539390563964844	1712932341.22179484367370605
sum	1000.5	1712932341.22191452980041504	1712932341.35774588584899902
sum	1000.5	1712932371.32432198524475098	1712932371.46949315071105957
sum	1000.5	1712932371.46960711479187012	1712932371.61206817626953125
sum	1000.5	1712932371.61217880249023438	1712932371.74865531921386719
sum	1000.5	1712932371.74876570701599121	1712932371.89017057418823242
sum	1000.5	1712932371.89027523994445801	1712932372.02927517890930176
sum	1000.5	1712932372.02938485145568848	1712932372.16597318649291992
sum	1000.5	1712932372.16608142852783203	1712932372.30225920677185059
sum	1000.5	1712932372.30237841606140137	1712932372.43955111503601074
sum	1000.5	1712932372.43968343734741211	1712932372.57638859748840332
sum	1000.5	1712932372.57650017738342285	1712932372.71495723724365234
sum	1000.5	1712932372.71506834030151367	1712932372.85214042663574219
sum	1000.5	1712932372.85225439071655273	1712932372.98814940452575684
sum	1000.5	1712932372.98826599121093750	1712932373.12385630607604980
sum	1000.5	1712932373.12398362159729004	1712932373.26056718826293945
sum	1000.5	1712932373.26068854331970215	1712932373.39906334877014160
sum	1000.5	1712932373.39917898178100586	1712932373.54046893119812012
sum	1000.5	1712932373.54057955741882324	1712932373.68247151374816895
sum	1000.5	1712932373.68258786201477051	1712932373.82612323760986328
sum	1000.5	1712932373.82624721527099609	1712932373.97135758399963379
sum	1000.5	1712932373.97146630287170410	1712932374.11546134948730469
sum	1000.5	1712932403.83571195602416992	1712932403.98374843597412109
sum	1000.5	1712932403.98386549949645996	1712932404.12399339675903320
sum	1000.5	1712932404.12410736083984375	1712932404.25862932205200195
sum	1000.5	1712932404.25873923301696777	1712932404.38884997367858887
sum	1000.5	1712932404.38895964622497559	1712932404.52263712882995605
sum	1000.5	1712932404.52275037765502930	1712932404.65696644783020020
sum	1000.5	1712932404.65708112716674805	1712932404.79159665107727051
sum	1000.5	1712932404.79172015190124512	1712932404.92760348320007324
sum	1000.5	1712932404.92773580551147461	1712932405.06324839591979980
sum	1000.5	1712932405.06336236000061035	1712932405.19883227348327637
sum	1000.5	1712932405.19893908500671387	1712932405.33448266983032227
sum	1000.5	1712932405.33458662033081055	1712932405.46953630447387695
sum	1000.5	1712932405.46965789794921875	1712932405.60589718818664551
sum	1000.5	1712932405.60601830482482910	1712932405.75109910964965820
sum	1000.5	1712932405.75122117996215820	1712932405.89635229110717773
sum	1000.5	1712932405.89645791053771973	1712932406.04169058799743652
sum	1000.5	1712932406.04180431365966797	1712932406.18677139282226562
sum	1000.5	1712932406.18689250946044922	1712932406.33153247833251953
sum	1000.5	1712932406.33163666725158691	1712932406.47523665428161621
sum	1000.5	1712932406.47536110877990723	1712932406.61020708084106445
sum	1000.5	1712932436.34830045700073242	1712932436.49550580978393555
sum	1000.5	1712932436.49562621116638184	1712932436.63591575622558594
sum	1000.5	1712932436.63603115081787109	1712932436.77204298973083496
sum	1000.5	1712932436.77216672897338867	1712932436.91244316101074219
sum	1000.5	1712932436.91255044937133789	1712932437.05251717567443848
sum	1000.5	1712932437.05263710021972656	1712932437.19236183166503906
sum	1000.5	1712932437.19247007369995117	1712932437.33190894126892090
sum	1000.5	1712932437.33202862739562988	1712932437.47201991081237793
sum	1000.5	1712932437.47213506698608398	1712932437.61243104934692383
sum	1000.5	1712932437.61253595352172852	1712932437.75163817405700684
sum	1000.5	1712932437.75172758102416992	1712932437.89117598533630371
sum	1000.5	1712932437.89129710197448730	1712932438.03135156631469727
sum	1000.5	1712932438.03145933151245117	1712932438.17149543762207031
sum	1000.5	1712932438.17160296440124512	1712932438.30824589729309082
sum	1000.5	1712932438.30836176872253418	1712932438.44338321685791016
sum	1000.5	1712932438.44349479675292969	1712932438.58592176437377930
sum	1000.5	1712932438.58604431152343750	1712932438.72633671760559082
sum	1000.5	1712932438.72645592689514160	1712932438.86512970924377441
sum	1000.5	1712932438.86525321006774902	1712932439.00027704238891602
sum	1000.5	1712932439.00039339065551758	1712932439.13586902618408203
sum	1000.5	1712932468.86024379730224609	1712932469.01294350624084473
sum	1000.5	1712932469.01306414604187012	1712932469.16075801849365234
sum	1000.5	1712932469.16088080406188965	1712932469.29531359672546387
sum	1000.5	1712932469.29542708396911621	1712932469.42424917221069336
sum	1000.5	1712932469.42436337471008301	1712932469.55325055122375488
sum	1000.5	1712932469.55336284637451172	1712932469.68226218223571777
sum	1000.5	1712932469.68237638473510742	1712932469.81136155128479004
sum	1000.5	1712932469.81147313117980957	1712932469.94078421592712402
sum	1000.5	1712932469.94090318679809570	1712932470.07317996025085449
sum	1000.5	1712932470.07329916954040527	1712932470.21338081359863281
sum	1000.5	1712932470.21350479125976562	1712932470.35674595832824707
sum	1000.5	1712932470.35686588287353516	1712932470.49737811088562012
sum	1000.5	1712932470.49749135971069336	1712932470.63254165649414062
sum	1000.5	1712932470.63265323638916016	1712932470.77040362358093262
sum	1000.5	1712932470.77052640914916992	1712932470.91268420219421387
sum	1000.5	1712932470.91278934478759766	1712932471.04638981819152832
sum	1000.5	1712932471.04650473594665527	1712932471.17557740211486816
sum	1000.5	1712932471.17570590972900391	1712932471.31035780906677246
sum	1000.5	1712932471.31048226356506348	1712932471.44963741302490234
sum	1000.5	1712932471.44975090026855469	1712932471.59250783920288086
sum	1000.5	1712932501.62858390808105469	1712932501.77462506294250488
sum	1000.5	1712932501.77475214004516602	1712932501.91434621810913086
sum	1000.5	1712932501.91446161270141602	1712932502.05082702636718750
sum	1000.5	1712932502.05093002319335938	1712932502.18707108497619629
sum	1000.5	1712932502.18717908859252930	1712932502.32072210311889648
sum	1000.5	1712932502.32083272933959961	1712932502.45690822601318359
sum	1000.5	1712932502.45701527595520020	1712932502.59311175346374512
sum	1000.5	1712932502.59321665763854980	1712932502.73057937622070312
sum	1000.5	1712932502.73070812225341797	1712932502.86772179603576660
sum	1000.5	1712932502.86782979965209961	1712932503.00481605529785156
sum	1000.5	1712932503.00492501258850098	1712932503.14369201660156250
sum	1000.5	1712932503.14379286766052246	1712932503.28691768646240234
sum	1000.5	1712932503.28703570365905762	1712932503.42985796928405762
sum	1000.5	1712932503.42996788024902344	1712932503.56618690490722656
sum	1000.5	1712932503.56630444526672363	1712932503.70657253265380859
sum	1000.5	1712932503.70668554306030273	1712932503.84758710861206055
sum	1000.5	1712932503.84771323204040527	1712932503.98603010177612305
sum	1000.5	1712932503.98614358901977539	1712932504.12703108787536621
sum	1000.5	1712932504.12713980674743652	1712932504.26550602912902832
sum	1000.5	1712932504.26561355590820312	1712932504.40360188484191895
sum	1000.5	1712932534.14054250717163086	1712932534.28713321685791016
sum	1000.5	1712932534.28724908828735352	1712932534.42739582061767578
sum	1000.5	1712932534.42751765251159668	1712932534.56221365928649902
sum	1000.5	1712932534.56232261657714844	1712932534.69807100296020508
sum	1000.5	1712932534.69818711280822754	1712932534.83338832855224609
sum	1000.5	1712932534.83349847793579102	1712932534.97407269477844238
sum	1000.5	1712932534.97417569160461426	1712932535.11768913269042969
sum	1000.5	1712932535.11780977249145508	1712932535.26178455352783203
sum	1000.5	1712932535.26191234588623047	1712932535.39802503585815430
sum	1000.5	1712932535.39813637733459473	1712932535.53389906883239746
sum	1000.5	1712932535.53400826454162598	1712932535.67036175727844238
sum	1000.5	1712932535.67048406600952148	1712932535.80683279037475586
sum	1000.5	1712932535.80694866180419922	1712932535.94309711456298828
sum	1000.5	1712932535.94321227073669434	1712932536.07968330383300781
sum	1000.5	1712932536.07978510856628418	1712932536.21553325653076172
sum	1000.5	1712932536.21566820144653320	1712932536.35187983512878418
sum	1000.5	1712932536.35199546813964844	1712932536.48868942260742188
sum	1000.5	1712932536.48881220817565918	1712932536.62504529953002930
sum	1000.5	1712932536.62516856193542480	1712932536.75963044166564941
sum	1000.5	1712932536.75972938537597656	1712932536.88930487632751465
sum	1000.5	1712932566.39657354354858398	1712932566.54863691329956055
sum	1000.5	1712932566.54875802993774414	1712932566.68972539901733398
sum	1000.5	1712932566.68984651565551758	1712932566.82375907897949219
sum	1000.5	1712932566.82388329505920410	1712932566.96056008338928223
sum	1000.5	1712932566.96068072319030762	1712932567.09809923171997070
sum	1000.5	1712932567.09822583198547363	1712932567.23621392250061035
sum	1000.5	1712932567.23633337020874023	1712932567.37351441383361816
sum	1000.5	1712932567.37363696098327637	1712932567.51004290580749512
sum	1000.5	1712932567.51015830039978027	1712932567.64413070678710938
sum	1000.5	1712932567.64424324035644531	1712932567.77827286720275879
sum	1000.5	1712932567.77837824821472168	1712932567.91821646690368652
sum	1000.5	1712932567.91832184791564941	1712932568.05576825141906738
sum	1000.5	1712932568.05588865280151367	1712932568.19277858734130859
sum	1000.5	1712932568.19288730621337891	1712932568.32970309257507324
sum	1000.5	1712932568.32981157302856445	1712932568.46608757972717285
sum	1000.5	1712932568.46620011329650879	1712932568.60352826118469238
sum	1000.5	1712932568.60366439819335938	1712932568.74121165275573730
sum	1000.5	1712932568.74132037162780762	1712932568.87772440910339355
sum	1000.5	1712932568.87784075736999512	1712932569.00984764099121094
sum	1000.5	1712932569.00996923446655273	1712932569.14451169967651367
sum	1000.5	1712932598.90845084190368652	1712932599.06086301803588867
sum	1000.5	1712932599.06098580360412598	1712932599.20686531066894531
sum	1000.5	1712932599.20696806907653809	1712932599.34632086753845215
sum	1000.5	1712932599.34642338752746582	1712932599.48400521278381348
sum	1000.5	1712932599.48411130905151367	1712932599.62386989593505859
sum	1000.5	1712932599.62398386001586914	1712932599.75891280174255371
sum	1000.5	1712932599.75903582572937012	1712932599.89309906959533691
sum	1000.5	1712932599.89320778846740723	1712932600.02894854545593262
sum	1000.5	1712932600.02906727790832520	1712932600.16812896728515625
sum	1000.5	1712932600.16823720932006836	1712932600.30959606170654297
sum	1000.5	1712932600.30971884727478027	1712932600.45081591606140137
sum	1000.5	1712932600.45092129707336426	1712932600.59289073944091797
sum	1000.5	1712932600.59299421310424805	1712932600.73480391502380371
sum	1000.5	1712932600.73492598533630371	1712932600.87847185134887695
sum	1000.5	1712932600.87858939170837402	1712932601.02265572547912598
sum	1000.5	1712932601.02276301383972168	1712932601.16597533226013184
sum	1000.5	1712932601.16609430313110352	1712932601.30871772766113281
sum	1000.5	1712932601.30884408950805664	1712932601.44756841659545898
sum	1000.5	1712932601.44769310951232910	1712932601.58772015571594238
sum	1000.5	1712932601.58784127235412598	1712932601.72768926620483398
sum	1000.5	1712932631.67636489868164062	1712932631.82328104972839355
sum	1000.5	1712932631.82341051101684570	1712932631.96368098258972168
sum	1000.5	1712932631.96373343467712402	1712932632.10151529312133789
sum	1000.5	1712932632.10163664817810059	1712932632.24152255058288574
sum	1000.5	1712932632.24163985252380371	1712932632.37975502014160156
sum	1000.5	1712932632.37986207008361816	1712932632.52229666709899902
sum	1000.5	1712932632.52241206169128418	1712932632.66295933723449707
sum	1000.5	1712932632.66308212280273438	1712932632.80285358428955078
sum	1000.5	1712932632.80296635627746582	1712932632.94303393363952637
sum	1000.5	1712932632.94314384460449219	1712932633.08093023300170898
sum	1000.5	1712932633.08103919029235840	1712932633.22165608406066895
sum	1000.5	1712932633.22176933288574219	1712932633.36475753784179688
sum	1000.5	1712932633.36486315727233887	1712932633.50810241699218750
sum	1000.5	1712932633.50822377204895020	1712932633.65093421936035156
sum	1000.5	1712932633.65105605125427246	1712932633.78863263130187988
sum	1000.5	1712932633.78874754905700684	1712932633.92490935325622559
sum	1000.5	1712932633.92502927780151367	1712932634.06027007102966309
sum	1000.5	1712932634.06037855148315430	1712932634.19517087936401367
sum	1000.5	1712932634.19527840614318848	1712932634.33077716827392578
sum	1000.5	1712932634.33088636398315430	1712932634.46603918075561523
sum	1000.5	1712932664.18835997581481934	1712932664.33433628082275391
sum	1000.5	1712932664.33445143699645996	1712932664.47963905334472656
sum	1000.5	1712932664.47973275184631348	1712932664.61460590362548828
sum	1000.5	1712932664.61471962928771973	1712932664.74476981163024902
sum	1000.5	1712932664.74488019943237305	1712932664.87429904937744141
sum	1000.5	1712932664.87441182136535645	1712932665.00638365745544434
sum	1000.5	1712932665.00650024414062500	1712932665.14174818992614746
sum	1000.5	1712932665.14185428619384766	1712932665.28101134300231934
sum	1000.5	1712932665.28112530708312988	1712932665.42473578453063965
sum	1000.5	1712932665.42484855651855469	1712932665.56581354141235352
sum	1000.5	1712932665.56591820716857910	1712932665.70515346527099609
sum	1000.5	1712932665.70527243614196777	1712932665.84308934211730957
sum	1000.5	1712932665.84320020675659180	1712932665.97876882553100586
sum	1000.5	1712932665.97887969017028809	1712932666.11563873291015625
sum	1000.5	1712932666.11573076248168945	1712932666.25230312347412109
sum	1000.5	1712932666.25241374969482422	1712932666.38787150382995605
sum	1000.5	1712932666.38798594474792480	1712932666.52454161643981934
sum	1000.5	1712932666.52465248107910156	1712932666.66043663024902344
sum	1000.5	1712932666.66055870056152344	1712932666.80342340469360352
sum	1000.5	1712932666.80352830886840820	1712932666.94238615036010742
sum	1000.5	1712932696.70028281211853027	1712932696.84941029548645020
sum	1000.5	1712932696.84953498840332031	1712932696.99393129348754883
sum	1000.5	1712932696.99403619766235352	1712932697.13433718681335449
sum	1000.5	1712932697.13444495201110840	1712932697.27731657028198242
sum	1000.5	1712932697.27744007110595703	1712932697.41310858726501465
sum	1000.5	1712932697.41323280334472656	1712932697.55289483070373535
sum	1000.5	1712932697.55299997329711914	1712932697.69376206398010254
sum	1000.5	1712932697.69388484954833984	1712932697.83001542091369629
sum	1000.5	1712932697.83014559745788574	1712932697.96615171432495117
sum	1000.5	1712932697.96627426147460938	1712932698.10258650779724121
sum	1000.5	1712932698.10270857810974121	1712932698.23943972587585449
sum	1000.5	1712932698.23955273628234863	1712932698.37634515762329102
sum	1000.5	1712932698.37645411491394043	1712932698.52120304107666016
sum	1000.5	1712932698.52131581306457520	1712932698.66527175903320312
sum	1000.5	1712932698.66539382934570312	1712932698.80713725090026855
sum	1000.5	1712932698.80724596977233887	1712932698.93962264060974121
sum	1000.5	1712932698.93973088264465332	1712932699.06927514076232910
sum	1000.5	1712932699.06939172744750977	1712932699.19971942901611328
sum	1000.5	1712932699.19984078407287598	1712932699.33841681480407715
sum	1000.5	1712932699.33852696418762207	1712932699.47985243797302246
sum	1000.5	1712932729.21207594871520996	1712932729.36180830001831055
sum	1000.5	1712932729.36193656921386719	1712932729.50485277175903320
sum	1000.5	1712932729.50496053695678711	1712932729.64203119277954102
sum	1000.5	1712932729.64213228225708008	1712932729.77948641777038574
sum	1000.5	1712932729.77959585189819336	1712932729.91630315780639648
sum	1000.5	1712932729.91640782356262207	1712932730.05313968658447266
sum	1000.5	1712932730.05325293540954590	1712932730.18977117538452148
sum	1000.5	1712932730.18988204002380371	1712932730.32722711563110352
sum	1000.5	1712932730.32735252380371094	1712932730.46443819999694824
sum	1000.5	1712932730.46454882621765137	1712932730.60153102874755859
sum	1000.5	1712932730.60164213180541992	1712932730.73805403709411621
sum	1000.5	1712932730.73816275596618652	1712932730.87502360343933105
sum	1000.5	1712932730.87513256072998047	1712932731.01201653480529785
sum	1000.5	1712932731.01213312149047852	1712932731.14951252937316895
sum	1000.5	1712932731.14962196350097656	1712932731.28390717506408691
sum	1000.5	1712932731.28401470184326172	1712932731.42128467559814453
sum	1000.5	1712932731.42140054702758789	1712932731.55918526649475098
sum	1000.5	1712932731.55929470062255859	1712932731.70333790779113770
sum	1000.5	1712932731.70345473289489746	1712932731.84995245933532715
sum	1000.5	1712932731.85007095336914062	1712932731.99709296226501465
sum	1000.5	1712932761.72415924072265625	1712932761.86920261383056641
sum	1000.5	1712932761.86931920051574707	1712932762.00838828086853027
sum	1000.5	1712932762.00850033760070801	1712932762.13715124130249023
sum	1000.5	1712932762.13726735115051270	1712932762.26476740837097168
sum	1000.5	1712932762.26487660408020020	1712932762.39262056350708008
sum	1000.5	1712932762.39273405075073242	1712932762.52056717872619629
sum	1000.5	1712932762.52067804336547852	1712932762.64849734306335449
sum	1000.5	1712932762.64861035346984863	1712932762.77701497077941895
sum	1000.5	1712932762.77713918685913086	1712932762.90580296516418457
sum	1000.5	1712932762.90591287612915039	1712932763.03571462631225586
sum	1000.5	1712932763.03583264350891113	1712932763.17292976379394531
sum	1000.5	1712932763.17303848266601562	1712932763.31065249443054199
sum	1000.5	1712932763.31075429916381836	1712932763.45036840438842773
sum	1000.5	1712932763.45047163963317871	1712932763.58950209617614746
sum	1000.5	1712932763.58962345123291016	1712932763.72747945785522461
sum	1000.5	1712932763.72758579254150391	1712932763.86544656753540039
sum	1000.5	1712932763.86555552482604980	1712932764.00366711616516113
sum	1000.5	1712932764.00374794006347656	1712932764.13772368431091309
sum	1000.5	1712932764.13783478736877441	1712932764.26655888557434082
sum	1000.5	1712932764.26666951179504395	1712932764.39520001411437988
sum	1000.5	1712932793.98015069961547852	1712932794.13292288780212402
sum	1000.5	1712932794.13304543495178223	1712932794.27553701400756836
sum	1000.5	1712932794.27566266059875488	1712932794.41366934776306152
sum	1000.5	1712932794.41378164291381836	1712932794.55428242683410645
sum	1000.5	1712932794.55439758300781250	1712932794.69286012649536133
sum	1000.5	1712932794.69296932220458984	1712932794.83114576339721680
sum	1000.5	1712932794.83125472068786621	1712932794.96564126014709473
sum	1000.5	1712932794.96576261520385742	1712932795.10192346572875977
sum	1000.5	1712932795.10204100608825684	1712932795.23503828048706055
sum	1000.5	1712932795.23515057563781738	1712932795.36478734016418457
sum	1000.5	1712932795.36489820480346680	1712932795.49514269828796387
sum	1000.5	1712932795.49526405334472656	1712932795.63356971740722656
sum	1000.5	1712932795.63368725776672363	1712932795.77468419075012207
sum	1000.5	1712932795.77480530738830566	1712932795.91538929939270020
sum	1000.5	1712932795.91550850868225098	1712932796.05627799034118652
sum	1000.5	1712932796.05638575553894043	1712932796.19760370254516602
sum	1000.5	1712932796.19772076606750488	1712932796.33770775794982910
sum	1000.5	1712932796.33781862258911133	1712932796.47827577590942383
sum	1000.5	1712932796.47838830947875977	1712932796.61860227584838867
sum	1000.5	1712932796.61870670318603516	1712932796.76102447509765625
