0.00000000000000000
0.00000005767102208
0.00000028089199788
0.00000010424379134
0.00000015232845190
0.00000055920468691
0.00000042466702695
0.00000002590756956
0.00000001813580297
0.00000075719487461
0.00000025856111880
0.00000071450160895
0.00000049638788401
0.00000060719379222
0.00000058112866876
0.00000111507394709
0.00000097696255339
0.00000068994613958
0.00000001396253952
0.00000035578273809
0.00000070260765720
0.00000159134219965
0.00000024224955831
0.00000106085400637
0.00000207900023902
0.00000103882237601
0.00000197745611727
0.00000177584161649
0.00000055301853430
0.00000102121311246
0.00000164244772115
