0.00000000000000000
0.00000005767102208
0.00000000564998320
0.00000015224400812
0.00000000072879767
0.00000062770654654
0.00000005676509852
0.00000013567898441
0.00000008012215048
0.00000049333860303
0.00000025856111880
0.00000099638082999
0.00000030715231150
0.00000083304372592
0.00000068220941141
0.00000030076466375
0.00000105795142140
0.00000061745185285
0.00000079265053511
0.00000221448858121
0.00000132651541288
0.00000159134219965
0.00000074214282725
0.00000113543093458
0.00000087741260982
0.00000074005621956
0.00000101470872007
0.00000139283322657
0.00000106727291370
0.00000086777431135
0.00000129908459249
