0.00000000000000000
0.00000001203270299
0.00000012226836046
0.00000006763791659
0.00000021487894707
0.00000013025080454
0.00000004536343246
0.00000049600037607
0.00000026555951903
0.00000013068740900
0.00000009881150851
0.00000000519721881
0.00000002230116195
0.00000045282615163
0.00000000456799930
0.00000009073106966
0.00000016076914222
0.00000007426987646
0.00000007211332866
0.00000082785196145
0.00000010339507234
0.00000074226053678
0.00000005987696231
0.00000011523175520
0.00000063951802543
0.00000037823800113
0.00000044914089877
0.00000046822842863
0.00000074227059941
0.00000037960925258
0.00000000141157340
0.00000042429973369
0.00000081814283182
0.00000021864010183
0.00000052693045231
0.00000046064754619
0.00000026563572175
0.00000115333377724
0.00000022542828445
0.00000107450583085
0.00000073010518718
0.00000111946810153
0.00000126537261750
0.00000014243745179
0.00000091788247654
0.00000007882353783
0.00000078772859166
0.00000055474640130
0.00000140204788101
0.00000030029257436
0.00000131825696272
0.00000023145578203
0.00000092467649663
0.00000088002411543
0.00000081572520368
0.00000178929139945
0.00000126198340358
0.00000082175364966
0.00000160028553570
0.00000091017239237
