0.00000000000000000
0.00000007175807783
0.00000011711703730
0.00000006763791659
0.00000002547718993
0.00000025067229544
0.00000001496927072
0.00000007281602055
0.00000015848200246
0.00000013068740900
0.00000044859557579
0.00000029953381741
0.00000058839538465
0.00000045282615163
0.00000061774100062
0.00000021361406807
0.00000034546699174
0.00000056779509689
0.00000038119136793
0.00000058008869643
0.00000016546135061
0.00000055568455358
0.00000043866675910
0.00000030256432853
0.00000013895264374
0.00000056633023265
0.00000032349208875
0.00000072003505560
0.00000011147893716
0.00000025319538462
0.00000095143598135
0.00000023390999449
0.00000005504132643
0.00000015491950363
0.00000059078011749
0.00000046064754619
0.00000032974430572
0.00000051094940902
0.00000099785091680
0.00000008647494735
0.00000047158688465
0.00000053662374764
0.00000120048096044
0.00000031272422045
0.00000033148926532
0.00000171099286859
0.00000131108069186
0.00000048919488163
0.00000063416527064
0.00000102428331101
0.00000217561546031
0.00000234582948649
0.00000032871366660
0.00000107908076919
0.00000108167166483
0.00000078997212626
0.00000152900831257
0.00000195890817967
0.00000093001621052
0.00000111166048196
