0.00000000000000000
0.00000013148345267
0.00000006242201102
0.00000018757305474
0.00000003461184432
0.00000017080292270
0.00000001496927072
0.00000013327092849
0.00000008382743839
0.00000031278759058
0.00000044859557579
0.00000023858761017
0.00000052732572999
0.00000051401950375
0.00000024983719983
0.00000027791792555
0.00000008549465714
0.00000075286705455
0.00000007211332866
0.00000027038461517
0.00000078612413325
0.00000055568455358
0.00000050098472428
0.00000000965662701
0.00000057694735272
0.00000006475094860
0.00000019784327873
0.00000116069665279
0.00000055303310073
0.00000000036764870
0.00000025475141552
0.00000055122622649
0.00000081814283182
0.00000053724309283
0.00000116542710417
0.00000090850050137
0.00000097083014538
0.00000025399566174
0.00000080474525871
0.00000094550796660
0.00000034232773338
0.00000144327052035
0.00000152493924571
0.00000115802446889
0.00000059210847031
0.00000105812513628
0.00000170359476701
0.00000075140096032
0.00000127067929058
0.00000049774459345
0.00000092255304076
0.00000042938659451
0.00000165307551110
0.00000127813742294
0.00000021734566609
0.00000112307855065
0.00000092820226735
0.00000088864509261
0.00000093001621052
0.00000124598587502
