0.00000000000000000
0.00000001203270299
0.00000006242201102
0.00000012760548566
0.00000051532411831
0.00000019046154999
0.00000010569613564
0.00000007281602055
0.00000020498215882
0.00000017281289362
0.00000008365751959
0.00000029953381741
0.00000028304711135
0.00000020805274314
0.00000030201850136
0.00000002928957046
0.00000059173079110
0.00000004911142864
0.00000001029772081
0.00000051814788018
0.00000010339507234
0.00000055568455358
0.00000012707693322
0.00000111433881293
0.00000007638197103
0.00000050363282214
0.00000082608732882
0.00000065708339886
0.00000055303310073
0.00000044281618656
0.00000012808149446
0.00000061468947289
0.00000100891820816
0.00000009119890542
0.00000071847944787
0.00000033268955899
0.00000026563572175
0.00000096061846678
0.00000022542828445
0.00000075201117024
0.00000105325306535
0.00000027758181259
0.00000113558930339
0.00000180825542922
0.00000020117966283
0.00000033997063075
0.00000157275674196
0.00000003033424393
0.00000074520492886
0.00000194572606675
0.00000085660238710
0.00000003320306907
0.00000059358603550
0.00000054826302583
0.00000008437243552
0.00000165604882969
0.00000046090867662
0.00000042040499201
0.00000186839326577
0.00000070868430278
