0.00000000000000000
0.00000001203270299
0.00000011711703730
0.00000030750819290
0.00000009470087857
0.00000000982931365
0.00000007530197389
0.00000007281602055
0.00000056844632010
0.00000049488777215
0.00000022045752724
0.00000023858761017
0.00000002230116195
0.00000026924609526
0.00000031115449996
0.00000015503492715
0.00000053016484126
0.00000013596052902
0.00000069026940720
0.00000082785196145
0.00000066199157672
0.00000055568455358
0.00000056330268945
0.00000073967366628
0.00000101494206170
0.00000044093541164
0.00000011627874631
0.00000090889002583
0.00000030071643584
0.00000018998845064
0.00000120477582347
0.00000112239544410
0.00000088173462393
0.00000009119890542
0.00000091002844343
0.00000020473157180
0.00000077850439348
0.00000147452596135
0.00000086911381141
0.00000023601971326
0.00000118251221661
0.00000073090519894
0.00000094091433223
0.00000115802446889
0.00000137396608527
0.00000112341190951
0.00000052605254156
0.00000101360703901
0.00000094225781451
0.00000109010065071
0.00000079065173344
0.00000115631320871
0.00000118954886553
0.00000160989851254
0.00000128113151069
0.00000045686570186
0.00000126198340358
0.00000048729643496
0.00000133217780562
0.00000091017239237
