0.00000000000000000
0.00000007175807783
0.00000000257566158
0.00000006763791659
0.00000008556622418
0.00000000982931365
0.00000016602883881
0.00000019372583642
0.00000026555951903
0.00000019138746953
0.00000044859557579
0.00000048237243914
0.00000058839538465
0.00000033043944738
0.00000005674930083
0.00000076944991917
0.00000077642864062
0.00000001257922391
0.00000056663819149
0.00000051814788018
0.00000053785902019
0.00000049349255918
0.00000050098472428
0.00000036500851963
0.00000011133004711
0.00000025284318012
0.00000082608732882
0.00000009833648204
0.00000004839977094
0.00000094847165840
0.00000063476117870
0.00000010698350169
0.00000094532641605
0.00000040980189643
0.00000065462978268
0.00000005118440260
0.00000052207005761
0.00000057518784585
0.00000138406223297
0.00000146149942358
0.00000137640094351
0.00000034234229635
0.00000100580598929
0.00000031272422045
0.00000085272767530
0.00000099283836305
0.00000072230957914
0.00000055474640130
0.00000113931070015
0.00000049774459345
0.00000039494781148
0.00000029754001969
0.00000244769261780
0.00000001744528247
0.00000121464489541
0.00000052348698674
0.00000132873963083
0.00000095553653555
0.00000007538777725
0.00000010422003401
