0.00000000000000000
0.00000004769267185
0.00000005727068786
0.00000012760548566
0.00000009470087857
0.00000000982931365
0.00000004536343246
0.00000037509056021
0.00000008382743839
0.00000000928728795
0.00000069188761326
0.00000011669519568
0.00000002230116195
0.00000051401950375
0.00000043378910023
0.00000027791792555
0.00000034546699174
0.00000032103248668
0.00000005151788705
0.00000070397032894
0.00000078612413325
0.00000043130056478
0.00000037634879392
0.00000017767594631
0.00000011133004711
0.00000000205353810
0.00000011627874631
0.00000028719145227
0.00000061611226696
0.00000031640231860
0.00000044475629711
0.00000093200570489
0.00000007214225780
0.00000111072847665
0.00000043081452548
0.00000071656352058
0.00000103493872934
0.00000128181065089
0.00000048290249523
0.00000017152078114
0.00000163491924605
0.00000086042616647
0.00000048667273287
0.00000096295518078
0.00000130881128402
0.00000014411031106
0.00000032979550399
0.00000068584944065
0.00000173046935708
0.00000187990872706
0.00000085660238710
0.00000109022897106
0.00000105711268108
0.00000141084185878
0.00000114815828012
0.00000118969983553
0.00000092820226735
0.00000075486220672
0.00000059488154793
0.00000144747396461
