0.00000000000000000
0.00000000000000000
0.00000000000000000
0.00000001300889600
0.00000015588098310
0.00000027438194817
0.00000001504746634
0.00000015715192749
0.00000029564275539
0.00000021337600410
0.00000042687207476
0.00000016921792417
0.00000001425198254
0.00000069746914467
0.00000022334207456
0.00000090334354192
0.00000003104938724
0.00000012099179695
0.00000028616133833
0.00000045585346587
0.00000001819026876
0.00000036852350903
0.00000033658964846
0.00000019727949164
0.00000040071964443
0.00000037301262606
0.00000025335762240
0.00000075622554206
0.00000061648298944
0.00000009044035387
0.00000014119449021
0.00000075562143337
0.00000040475487759
0.00000012764230326
0.00000066110866903
0.00000053352091350
0.00000021318698289
0.00000062480413035
0.00000090579655629
0.00000026104137906
0.00000002326461300
0.00000052260731377
0.00000003625919148
0.00000121429325199
0.00000014397246538
0.00000011036145955
0.00000029330309571
0.00000073381760812
0.00000029336337386
0.00000043144845210
0.00000014009789644
0.00000084868521367
0.00000015139950059
0.00000104940435501
0.00000046267930217
0.00000003189147146
0.00000013031274257
0.00000134286656462
0.00000008851427422
0.00000096203343131
