0.00000000000000000
0.00000000000000000
0.00000000000000000
0.00000001300889600
0.00000002004087734
0.00000007149450321
0.00000006051039739
0.00000015715192749
0.00000015868321973
0.00000004183577109
0.00000001914282921
0.00000038844316977
0.00000017730996007
0.00000025807202319
0.00000022334207456
0.00000047198439524
0.00000059644044797
0.00000058416015390
0.00000026021428761
0.00000021713831239
0.00000053967147870
0.00000016346875358
0.00000006782027940
0.00000007985236250
0.00000016984851437
0.00000027214349020
0.00000025335762240
0.00000049628775824
0.00000017849686525
0.00000013284450224
0.00000034657872078
0.00000018022074058
0.00000057235247672
0.00000012764230326
0.00000027466540023
0.00000022127157146
0.00000052234998473
0.00000021957800057
0.00000026843096491
0.00000033065869805
0.00000006798419935
0.00000022360320546
0.00000027140559039
0.00000032676218791
0.00000046199519048
0.00000019861189576
0.00000051639818653
0.00000017586096159
0.00000019400221595
0.00000095238707967
0.00000031079906592
0.00000082937556281
0.00000103118662896
0.00000000765401449
0.00000035602970232
0.00000038083863099
0.00000062705029726
0.00000035888923580
0.00000101789984202
0.00000041385951817
