0.00000000000000000
0.00000000000000000
0.00000000000000000
0.00000008011776000
0.00000002004087734
0.00000007149450321
0.00000028718398856
0.00000005811672435
0.00000002887579827
0.00000012830541237
0.00000001914282921
0.00000019615748516
0.00000008152898876
0.00000024409611564
0.00000027030929264
0.00000017505432477
0.00000011029837794
0.00000052744390278
0.00000022545293545
0.00000033986371239
0.00000033107899472
0.00000017828917216
0.00000024699985877
0.00000015500189578
0.00000021493670239
0.00000017127435434
0.00000001106476512
0.00000019687966529
0.00000029206541593
0.00000013284450224
0.00000024902407858
0.00000005235391995
0.00000040475487759
0.00000012764230326
0.00000041863064166
0.00000006177561040
0.00000021318698289
0.00000067191948493
0.00000111252781641
0.00000092245304385
0.00000020576223771
0.00000031460418951
0.00000004212294149
0.00000039239701738
0.00000061528064216
0.00000019861189576
0.00000006195987221
0.00000020317177579
0.00000019400221595
0.00000002437284702
0.00000073755198963
0.00000006559018465
0.00000044466187671
0.00000010375022990
0.00000054496254951
0.00000069225963538
0.00000030246613733
0.00000035017568104
0.00000046026850134
0.00000007340618240
