0.00000000000000000
0.00000000000000000
0.00000000000000000
0.00000012120883200
0.00000010800180756
0.00000027438194817
0.00000016616319379
0.00000023898888508
0.00000041829806266
0.00000021337600410
0.00000046515773318
0.00000019615748516
0.00000011003295385
0.00000006975897113
0.00000043485974837
0.00000014846503524
0.00000032232002572
0.00000006427554583
0.00000032092269049
0.00000013756659457
0.00000019040221522
0.00000004158600186
0.00000015741006909
0.00000027242902492
0.00000083059304921
0.00000027214349020
0.00000038556881616
0.00000002358780941
0.00000040563396660
0.00000023929692460
0.00000023874913240
0.00000030808756120
0.00000068462951671
0.00000034731582838
0.00000030119556547
0.00000003257345022
0.00000021318698289
0.00000005748754866
0.00000026843096491
0.00000015666253491
0.00000038825986241
0.00000016380238379
0.00000019302345742
0.00000018692295872
0.00000032733571140
0.00000041914115770
0.00000017763148396
0.00000027897832327
0.00000029336337386
0.00000082215242278
0.00000088410912045
0.00000062494377680
0.00000007808390656
0.00000029594266071
0.00000090352261228
0.00000027952953293
0.00000002211802260
0.00000013745620599
0.00000101789984202
0.00000084021700617
