0.00000000000000000
0.00000000000000000
0.00000000000000000
0.00000012120883200
0.00000015588098310
0.00000018678665367
0.00000009060533007
0.00000005811672435
0.00000003602791246
0.00000012830541237
0.00000013064655520
0.00000002306776044
0.00000001425198254
0.00000032084304055
0.00000027030929264
0.00000004062524857
0.00000032232002572
0.00000002835812556
0.00000001738067608
0.00000013756659457
0.00000085256020466
0.00000024664075731
0.00000064889803810
0.00000054956087905
0.00000013797965904
0.00000023220218911
0.00000034159274951
0.00000028352559323
0.00000027577733743
0.00000046258178071
0.00000024902407858
0.00000007551290067
0.00000018183671934
0.00000034731582838
0.00000001326508262
0.00000025047373164
0.00000002768918178
0.00000005748754866
0.00000036893462647
0.00000008704521592
0.00000116296994758
0.00000010400156213
0.00000004212294149
0.00000070060810536
0.00000081726986077
0.00000059564203012
0.00000017763148396
0.00000017586096159
0.00000098889147921
0.00000028484216080
0.00000022544848118
0.00000127685843653
0.00000014186287554
0.00000018453841633
0.00000010411923940
0.00000060971361489
0.00000002211802260
0.00000042979572748
0.00000027439138778
0.00000013431439497
