0.00000000000000000
0.00000000000000000
0.00000000000000000
0.00000005409996800
0.00000006792005288
0.00000027438194817
0.00000016616319379
0.00000023898888508
0.00000010093162319
0.00000004183577109
0.00000013064655520
0.00000024229300604
0.00000001425198254
0.00000005578306358
0.00000038789253029
0.00000036414460857
0.00000018097226053
0.00000015690921722
0.00000016474453256
0.00000021713831239
0.00000033107899472
0.00000009511716843
0.00000011135929997
0.00000007985236250
0.00000016984851437
0.00000053480959670
0.00000080433192767
0.00000019687966529
0.00000050291443877
0.00000016486863923
0.00000053141305900
0.00000049988779213
0.00000023715727847
0.00000009203122186
0.00000037317818618
0.00000034482279226
0.00000046051738436
0.00000018564812920
0.00000016220336635
0.00000012180674107
0.00000061547707346
0.00000010400156213
0.00000012050507446
0.00000022402515859
0.00000068261038170
0.00000063986407681
0.00000064031793096
0.00000017586096159
0.00000019400221595
0.00000069191776589
0.00000045735619675
0.00000006559018465
0.00000154439578718
0.00000029594266071
0.00000085985062816
0.00000021574659001
0.00000051885557728
0.00000042979572748
0.00000028323995290
0.00000031703903269
