0.00000000000000000
0.00000007389124727
0.00000011033202191
0.00000087481147989
0.00000024564295763
0.00000113901087760
0.00000066685819820
0.00000191494340919
0.00000090748154439
0.00000049746352853
0.00000120093198154
0.00000275851424436
0.00000301159802117
0.00000250857769017
0.00000266774114937
0.00000467775462885
0.00000204438736398
0.00000216664359980
0.00000041729842792
0.00000649437165428
0.00000466470463477
0.00000408429306813
0.00000345443132808
0.00000643697905786
0.00000727381948419
0.00000650720991332
0.00000636461339476
0.00000882707166231
0.00000753452693251
0.00000751780944623
0.00000385256353200
0.00000868634121028
0.00000732629642823
0.00000699698248395
0.00000204176558744
0.00000994496991136
0.00000193010624337
0.00001050727222217
0.00000478574183080
0.00000079912418642
0.00000217342739023
0.00001072116880034
0.00000108696071190
0.00001494344456283
0.00000242613376563
0.00000573764142171
0.00000104043636012
0.00000300289975903
0.00000989522756050
0.00001133115700034
0.00001538771534160
0.00000824712376191
0.00001023625389659
0.00000849116190371
0.00001408089520277
0.00000314924162822
0.00000302473041821
0.00000130796066968
0.00001233170050606
0.00001457734008483
