0.00000000000000000
0.00000026653041292
0.00000024868756369
0.00000020407441995
0.00000048650827960
0.00000053353855832
0.00000169187779375
0.00000191494340919
0.00000188083024143
0.00000224513755245
0.00000276993007192
0.00000363747399529
0.00000242887945846
0.00000164539090914
0.00000030065885548
0.00000076153526120
0.00000086699007593
0.00000153242895635
0.00000474454698024
0.00000183255626608
0.00000360738890992
0.00000550812239544
0.00000460486723232
0.00000618910238811
0.00000816395807103
0.00000142471763872
0.00000150902409932
0.00000348476819202
0.00000777433320726
0.00000183417087019
0.00000378298311760
0.00000081552919822
0.00000837612121589
0.00000169001367313
0.00000429118879644
0.00000388661920451
0.00000454081022405
0.00000863223625818
0.00000895200586028
0.00000487947340288
0.00000854737611953
0.00001095795358808
0.00000219235985874
0.00001201208575422
0.00001466338616020
0.00001254197248737
0.00001272328805504
0.00001336794513726
0.00001694071461259
0.00000281006318080
0.00000127070590033
0.00000633567491028
0.00000978859411410
0.00001852240243427
0.00001252221939896
0.00001098544690846
0.00001297431487223
0.00001449539367168
0.00000127400707758
0.00000138296771254
