0.00000000000000000
0.00000026653041292
0.00000017950979280
0.00000065123245991
0.00000096823892355
0.00000148499506005
0.00000029412379982
0.00000221610804067
0.00000209712995188
0.00000236164915404
0.00000094989228708
0.00000066253329985
0.00000286591838049
0.00000368565057340
0.00000030065885548
0.00000085261013022
0.00000086699007593
0.00000417498997072
0.00000508617186595
0.00000170987691376
0.00000050152396817
0.00000408429306813
0.00000268747405858
0.00000296670568144
0.00000549354231050
0.00000132882155807
0.00000677785503692
0.00000137010640170
0.00000357772339910
0.00000254462569219
0.00000169557068590
0.00000816162040947
0.00000942594600354
0.00000282100702626
0.00000897748714852
0.00000933913484068
0.00000454081022405
0.00000863223625818
0.00000106135428930
0.00000583155488672
0.00001140466348094
0.00000756403829703
0.00001137567584791
0.00000101949022195
0.00000104450849527
0.00000286706425338
0.00000275850278584
0.00001083838049138
0.00001262036877876
0.00000939779957910
0.00001345916213924
0.00000118307365806
0.00000495386846321
0.00000125709421340
0.00001397698348251
0.00001445576638971
0.00001176830463538
0.00001488517001657
0.00000932232824388
0.00000341867087855
