0.00000000000000000
0.00000007389124727
0.00000052539864724
0.00000094933781988
0.00000008506607631
0.00000036054646710
0.00000020094020022
0.00000050950846230
0.00000025858241302
0.00000084699833331
0.00000276993007192
0.00000228522822463
0.00000068072377033
0.00000360717904785
0.00000478120748319
0.00000240088290347
0.00000420294905874
0.00000459779973302
0.00000087279827553
0.00000379542590322
0.00000182316862423
0.00000180616614443
0.00000115355951959
0.00000792423907632
0.00000282312654996
0.00000583593734875
0.00000863744242667
0.00000615591992716
0.00000747457536382
0.00000796991706024
0.00000079102529882
0.00000816162040947
0.00000805309820430
0.00000873697225799
0.00000204176558744
0.00000802649218753
0.00000606372087944
0.00000359307710494
0.00001040388574934
0.00000895982261934
0.00001081855325296
0.00000401226648082
0.00000253248267316
0.00001146245597761
0.00001219619817743
0.00001201038412287
0.00000550740906700
0.00001176383097158
0.00000444494512398
0.00001634356512949
0.00000289069059031
0.00001763815507643
0.00001372800020001
0.00001389259911247
0.00001886083433446
0.00001445576638971
0.00001574813841698
0.00000715460584298
0.00000302364211373
0.00000319248163788
