0.00000000000000000
0.00000026653041292
0.00000052539864724
0.00000020407441995
0.00000128939268618
0.00000096601878638
0.00000197142859254
0.00000060989667279
0.00000155638067575
0.00000247816075564
0.00000276993007192
0.00000296135110996
0.00000031652466864
0.00000164539090914
0.00000342858902954
0.00000067046039219
0.00000400671617740
0.00000491490705474
0.00000428904713263
0.00000115781982832
0.00000691150055008
0.00000579288826090
0.00000053999370400
0.00000660223017102
0.00000211101568049
0.00000669900207463
0.00000140571368877
0.00000148140439066
0.00000783428477595
0.00000067160843418
0.00000844487088175
0.00000703721869346
0.00000813385395720
0.00001143395640775
0.00000860258328035
0.00000954107986424
0.00000334423756624
0.00000335869760944
0.00000996200926136
0.00000249926969328
0.00000503071475164
0.00001072116880034
0.00000406303533802
0.00000523331850932
0.00000548544686427
0.00001020298368355
0.00000115497412184
0.00001219570786234
0.00001255390191978
0.00001620035346865
0.00000049928461938
0.00000317762898150
0.00001659302280794
0.00000116063997752
0.00001865301089395
0.00001434382059999
0.00000724576624719
0.00001904278436203
0.00001310153992197
0.00001359718670860
