0.00000000000000000
0.00000026653041292
0.00000011033202191
0.00000027860075994
0.00000024564295763
0.00000165798715127
0.00000150551059456
0.00000231649625116
0.00000274602908325
0.00000026444032534
0.00000276993007192
0.00000296135110996
0.00000235603963812
0.00000258704921572
0.00000385128229631
0.00000249195777249
0.00000204438736398
0.00000554912169819
0.00000611104652308
0.00000373408622706
0.00000288048434909
0.00000515216506361
0.00000115355951959
0.00000131419454981
0.00000335720970207
0.00000478108046157
0.00000161233450986
0.00000671240987199
0.00000447699692942
0.00000370718812820
0.00000183473151468
0.00000441361468945
0.00000070432469072
0.00000099401776351
0.00000963356891781
0.00000984399739958
0.00000834808686253
0.00000968694398793
0.00000346011236688
0.00001011592156400
0.00001140466348094
0.00001458865366688
0.00000831457051819
0.00001476023463729
0.00000558413438358
0.00000924612462744
0.00001169244819961
0.00001164043757422
0.00000677128518835
0.00001297809109992
0.00000790492891644
0.00000816401729010
0.00001104204150507
0.00001746140583969
0.00000285842941532
0.00001725441113265
0.00000133631608662
0.00000721956856713
0.00000309362751518
0.00001548209704750
