0.00000000000000000
0.00000008986401049
0.00000022885707669
0.00000036335003888
0.00000066966987119
0.00000029252904433
0.00000068562345652
0.00000037896718344
0.00000049102934535
0.00000196068252850
0.00000132651541288
0.00000024224955831
0.00000047688340009
0.00000112168065309
0.00000021018228137
0.00000177979297262
0.00000191405611615
0.00000172864657014
0.00000234224889416
0.00000225511667066
0.00000152079159423
0.00000247857905516
0.00000159065416242
0.00000270919267255
0.00000156282011269
0.00000269728227012
0.00000090348347431
0.00000229435368608
0.00000214035230979
0.00000256801157199
inf
