0.00000000000000000
0.00000005767102208
0.00000019667797059
0.00000001874785819
0.00000053497157584
0.00000007969166948
0.00000054730100309
0.00000079430747355
0.00000057141191774
0.00000040538651250
0.00000057346978344
0.00000050309219317
0.00000043330935984
0.00000060719379222
0.00000068220941141
0.00000111507394709
0.00000049102934535
0.00000083493471303
0.00000072775986881
0.00000128513565965
0.00000101456153504
0.00000131210785026
0.00000099208946172
0.00000121000786279
0.00000227926484389
0.00000074005621956
0.00000080076485403
0.00000100982483666
0.00000132440010340
0.00000163496831688
0.00000123041196676
0.00000222840235018
0.00000169396599513
0.00000171161319673
0.00000172864657014
0.00000198836843276
0.00000114127578196
0.00000092780047244
0.00000202870372287
0.00000178031011484
0.00000143008723323
