0.00000000000000000
0.00000008986401049
0.00000000072879767
0.00000042466702695
0.00000017838010393
0.00000013507471201
0.00000119025164987
0.00000068220941141
0.00000146289576143
0.00000027352520472
0.00000070260765720
0.00000140866718583
0.00000027661879522
0.00000197745611727
0.00000132440010340
0.00000177979297262
0.00000070356045053
0.00000261036000500
0.00000135321221353
0.00000214191019676
0.00000115797415025
0.00000051635390887
0.00000252232383821
0.00000270919267255
0.00000208615998325
0.00000119972756477
0.00000263131778117
0.00000160215781900
0.00000263333694533
0.00000345674764266
inf
