0.00000000000000000
0.00000000564998320
0.00000007579982711
0.00000073125196730
0.00000001813580297
0.00000073092411576
0.00000055946640818
0.00000088437089673
0.00000097696255339
0.00000072775986881
0.00000049463840531
0.00000115872055136
0.00000087741260982
0.00000165654031821
0.00000063872759753
0.00000226050135274
0.00000125378575308
0.00000261036000500
0.00000255418532573
0.00000180229077509
0.00000133938287224
0.00000117042895763
0.00000205648900031
0.00000289581296840
0.00000260949985382
0.00000173884725869
0.00000119145585879
0.00000183288977470
0.00000226359846867
0.00000385174145184
inf
