0.00000000000000000
0.00000008986401049
0.00000007579982711
0.00000011808208659
0.00000037489601084
0.00000112455994656
0.00000087485902903
0.00000128869386735
0.00000081498481737
0.00000053308786991
0.00000049463840531
0.00000107540500654
0.00000067714800495
0.00000058682098798
0.00000072443666076
0.00000102439408957
0.00000103369563206
0.00000243401731803
0.00000241289437135
0.00000123625840563
0.00000215572212119
0.00000102507894680
0.00000065898448663
0.00000280250282047
0.00000096471740347
0.00000269728227012
0.00000186339142256
0.00000290963890126
0.00000312632158087
0.00000296300538118
inf
