0.00000000000000000
0.00000016437695130
0.00000018537800418
0.00000027523565764
0.00000000072879767
0.00000005731204979
0.00000024071606273
0.00000035522181413
0.00000001813580297
0.00000040538651250
0.00000002237962032
0.00000078497141421
0.00000112717312570
0.00000007035600886
0.00000037896718344
0.00000093411632857
0.00000016707387332
0.00000097992328648
0.00000033841587102
0.00000010889372269
0.00000059862303125
0.00000066056103503
0.00000124203609619
0.00000173204636025
0.00000012391041451
0.00000079980945085
0.00000026895447620
0.00000005230386187
0.00000209578167249
0.00000086777431135
0.00000116173934103
0.00000235134203664
0.00000246428141870
0.00000112059581133
0.00000234584597454
0.00000056774682597
0.00000128256673634
0.00000156015817853
0.00000078343251006
0.00000178031011484
0.00000197431339920
