0.00000000000000000
0.00000004903490714
0.00000000564998320
0.00000010424379134
0.00000022885707669
0.00000035369910801
0.00000024071606273
0.00000035522181413
0.00000027663805738
0.00000031743442197
0.00000010110678648
0.00000071450160895
0.00000018099526316
0.00000015549392483
0.00000098545163938
0.00000102459513783
0.00000057201821335
0.00000119740614666
0.00000157133853071
0.00000116896654446
0.00000080659228315
0.00000093979538442
0.00000082545837207
0.00000203035407308
0.00000134469668784
0.00000139734176376
0.00000133562451914
0.00000062681644674
0.00000098156385046
0.00000125137131412
0.00000068103096091
0.00000210546266371
0.00000147387587410
0.00000240113347971
0.00000111144716575
0.00000269867923616
0.00000234224889416
0.00000156015817853
0.00000225511667066
0.00000208430828568
0.00000224642648219
