0.00000000000000000
0.00000027108288052
0.00000008986401049
0.00000036073159079
0.00000022885707669
0.00000028519724838
0.00000030203305081
0.00000035522181413
0.00000066966987119
0.00000005357815039
0.00000120328711272
0.00000036215258265
0.00000074870198069
0.00000018328097571
0.00000078329015407
0.00000011980704523
0.00000000509613731
0.00000097992328648
0.00000066286920251
0.00000128513565965
0.00000028666915341
0.00000093979538442
0.00000057551173760
0.00000195577714488
0.00000094416747811
0.00000157660145763
0.00000112168065309
0.00000100982483666
0.00000183865448279
0.00000094449371191
0.00000143642984396
0.00000321191984190
0.00000114374069257
0.00000220412768457
0.00000040607641786
0.00000119913420676
0.00000269547628010
0.00000162339394914
0.00000146267135341
0.00000086831560232
0.00000269994828716
