0.00000000000000000
0.00000004903490714
0.00000008986401049
0.00000018973972449
0.00000022885707669
0.00000021669538874
0.00000085388594344
0.00000013567898441
0.00000037489601084
0.00000066924278408
0.00000096710561424
0.00000006066624892
0.00000049638788401
0.00000007035600886
0.00000098545163938
0.00000075315871005
0.00000032905160933
0.00000047246327940
0.00000124688519921
0.00000035578273809
0.00000174245391667
0.00000084671726795
0.00000090877391689
0.00000009135393965
0.00000054363826838
0.00000121808206989
0.00000101470872007
0.00000129708112909
0.00000106727291370
0.00000109793251301
0.00000102439408957
0.00000155223407462
0.00000257432647921
0.00000092359001619
0.00000058241910483
0.00000206729185536
0.00000170643959947
0.00000086456470184
0.00000146267135341
0.00000147631194400
0.00000188360903821
