0.00000000000000000
0.00000018537800418
0.00000015232845190
0.00000030203305081
0.00000086618577810
0.00000025856111880
0.00000112717312570
0.00000027788644079
0.00000057201821335
0.00000111710386661
0.00000080659228315
0.00000190856045477
0.00000174522589758
0.00000101470872007
0.00000098156385046
0.00000041773105080
0.00000092365057155
0.00000155230388317
0.00000099998482759
0.00000293435551401
0.00000233713084318
0.00000218787903349
0.00000135773674347
0.00000252257237670
0.00000081519172616
0.00000239777132905
0.00000119145585879
0.00000206362173039
0.00000170899075369
0.00000148177859674
inf
