0.00000000000000000
0.00000000564998320
0.00000015232845190
0.00000011808208659
0.00000037489601084
0.00000025856111880
0.00000037023083567
0.00000088437089673
0.00000081498481737
0.00000053308786991
0.00000049463840531
0.00000232513817889
0.00000167847102929
0.00000240534384936
0.00000123869104016
0.00000226050135274
0.00000169396599513
0.00000146413253969
0.00000191837603103
0.00000168908430120
0.00000170220031622
0.00000124310396305
0.00000228940641926
0.00000233595208084
0.00000298331404708
0.00000221806476440
0.00000378320731907
0.00000275581759746
0.00000287982926310
0.00000365424454725
inf
