0.00000000000000000
0.00000005767102208
0.00000018537800418
0.00000018973972449
0.00000007579982711
0.00000055920468691
0.00000005676509852
0.00000008386384530
0.00000057141191774
0.00000031743442197
0.00000088837844808
0.00000008027336160
0.00000024407378733
0.00000083304372592
0.00000118761312470
0.00000048172228227
0.00000105795142140
0.00000134239472011
0.00000079265053511
0.00000116896654446
0.00000174245391667
0.00000028824856919
0.00000115872055136
0.00000038966165249
0.00000161171616100
0.00000121808206989
0.00000112168065309
0.00000110557693414
0.00000029589134460
0.00000270903992463
0.00000109306671530
0.00000112194517199
0.00000048347032950
0.00000181011609430
0.00000155230388317
0.00000175159816496
0.00000071740291883
0.00000257193050826
0.00000236832314455
0.00000178031011484
0.00000161149595522
