0.00000000000000000
0.00000005767102208
0.00000008986401049
0.00000006674807497
0.00000038191432626
0.00000012581390942
0.00000030203305081
0.00000068453605869
0.00000096444373155
0.00000058129069355
0.00000033728828496
0.00000085544121947
0.00000049638788401
0.00000049426882537
0.00000017680569813
0.00000120555275635
0.00000121992915741
0.00000083493471303
0.00000079265053511
0.00000070429008368
0.00000039065377936
0.00000149826408318
0.00000132535164101
0.00000091170014995
0.00000034337366351
0.00000074005621956
0.00000047984905496
0.00000158433742153
0.00000158152729309
0.00000102121311246
0.00000150510246969
0.00000198252297725
0.00000136383081359
0.00000102209291376
0.00000190498925711
0.00000254083239096
0.00000163579412228
0.00000086456470184
0.00000100984545784
0.00000238830645652
0.00000215572212119
