0.00000000000000000
0.00000000564998320
0.00000000072879767
0.00000036335003888
0.00000017838010393
0.00000057346978344
0.00000055946640818
0.00000017680569813
0.00000065300708136
0.00000124688519921
0.00000111854616099
0.00000057551173760
0.00000020986392693
0.00000122865258612
0.00000089585478723
0.00000198581084981
0.00000114374069257
0.00000111144716575
0.00000149450316790
0.00000168908430120
0.00000206501776020
0.00000211520402807
0.00000275524125715
0.00000270919267255
0.00000156282011269
0.00000239777132905
0.00000157541903809
0.00000144833651521
0.00000361930621641
0.00000227176621511
inf
