0.00000000000000000
0.00000016437695130
0.00000018537800418
0.00000044622752394
0.00000015232845190
0.00000028519724838
0.00000012718586569
0.00000046499322898
0.00000086618577810
0.00000066924278408
0.00000017983395264
0.00000141919966155
0.00000024407378733
0.00000072011875907
0.00000088437089673
0.00000093411632857
0.00000113894028940
0.00000134239472011
0.00000053308786991
0.00000128513565965
0.00000132651541288
0.00000008406389666
0.00000090877391689
0.00000083712322174
0.00000161171616100
0.00000133758853247
0.00000090773678705
0.00000120132903161
0.00000226719979896
0.00000155824891633
0.00000033766783225
0.00000118341501522
0.00000147387587410
0.00000043107552836
0.00000111144716575
0.00000246190896836
0.00000064675744165
0.00000118074355488
0.00000270794256622
0.00000117231377316
0.00000170220031622
