0.00000000000000000
0.00000008986401049
0.00000022885707669
0.00000048598401502
0.00000066966987119
0.00000010110678648
0.00000019747588185
0.00000027788644079
0.00000081498481737
0.00000024560012568
0.00000111854616099
0.00000049219619278
0.00000074390287324
0.00000154956838518
0.00000055301853430
0.00000171112034689
0.00000103369563206
0.00000146413253969
0.00000149450316790
0.00000055701956228
0.00000315347009213
0.00000305997909850
0.00000030960835821
0.00000214933178499
0.00000343189107899
0.00000155914069405
0.00000195938221739
0.00000229435368608
0.00000281820618365
0.00000227176621511
inf
