0.00000000000000000
0.00000005767102208
0.00000010116397690
0.00000018973972449
0.00000038191432626
0.00000049070282727
0.00000073125196730
0.00000035522181413
0.00000017838010393
0.00000022948233145
0.00000049474261728
0.00000219436751942
0.00000037023083567
0.00000139766856015
0.00000058112866876
0.00000030076466375
0.00000154388462944
0.00000112491185993
0.00000072775986881
0.00000128513565965
0.00000101456153504
0.00000093979538442
0.00000049219619278
0.00000150831557562
0.00000094416747811
0.00000074005621956
0.00000101470872007
0.00000081832064170
0.00000063872759753
0.00000263232052407
0.00000143642984396
0.00000130635470169
0.00000235423635819
0.00000151460740160
0.00000049424776135
0.00000017312971297
0.00000177708507666
0.00000137045086670
0.00000191549724898
0.00000096964832593
0.00000079515670627
