0.00000000000000000
0.00000005767102208
0.00000037640599157
0.00000015224400812
0.00000015232845190
0.00000005731204979
0.00000000455188955
0.00000046499322898
0.00000027663805738
0.00000022948233145
0.00000057346978344
0.00000008027336160
0.00000043330935984
0.00000117181862646
0.00000098545163938
0.00000066267990079
0.00000057201821335
0.00000148738329356
0.00000105221320031
0.00000070429008368
0.00000153448466478
0.00000066056103503
0.00000107540500654
0.00000165746943204
0.00000167847102929
0.00000085956268214
0.00000069379292100
0.00000168008951901
0.00000141010916663
0.00000025401910693
0.00000184846559835
0.00000130635470169
0.00000103369563206
0.00000082508711863
0.00000102327582226
0.00000088344051636
0.00000220095793978
0.00000099103624305
0.00000146267135341
0.00000228697373290
0.00000333487881412
