0.00000000000000000
0.00000005767102208
0.00000018537800418
0.00000010424379134
0.00000015232845190
0.00000007969166948
0.00000005676509852
0.00000008386384530
0.00000086618577810
0.00000040538651250
0.00000041601545112
0.00000000980355634
0.00000106409460153
0.00000072011875907
0.00000088437089673
0.00000084363751931
0.00000194882896947
0.00000018248613250
0.00000037538145828
0.00000093662831407
0.00000070260765720
0.00000019517045272
0.00000074214282725
0.00000121000786279
0.00000147820642442
0.00000079980945085
0.00000101470872007
0.00000168008951901
0.00000209578167249
0.00000109793251301
0.00000164244772115
0.00000198252297725
0.00000136383081359
0.00000249963637727
0.00000190498925711
0.00000143590447456
0.00000121192125915
0.00000193957280218
0.00000316076846179
0.00000015898653703
0.00000233713084318
