1.00000000000000000
19.96931076049804688
398.77337646484375000
7963.22900390625000000
159020.29687500000000000
3175526.50000000000000000
63413048.00000000000000000
1266316032.00000000000000000
25287426048.00000000000000000
504972640256.00000000000000000
10083959308288.00000000000000000
201369810108416.00000000000000000
4021214670487552.00000000000000000
80300916179206144.00000000000000000
1603553459032817664.00000000000000000
32021923759673835520.00000000000000000
639455555778710077440.00000000000000000
12769456843850403282944.00000000000000000
254997702011795531628544.00000000000000000
5092129738444896265568256.00000000000000000
101686247083658190792949760.00000000000000000
2030605781717740267776245760.00000000000000000
40549832342812237604801478656.00000000000000000
809751661046166930310471614464.00000000000000000
16170163803425136262141964189696.00000000000000000
322907664839493511866376739880960.00000000000000000
6448240259811535188767478516809728.00000000000000000
128766987329713057148941789881696256.00000000000000000
2571388360831105980537864183426842624.00000000000000000
51348793851878501147273440555545133056.00000000000000000
inf
