1.00000000000000000
19.96932029724121094
398.77359008789062500
7963.23193359375000000
159020.29687500000000000
3175527.00000000000000000
63413052.00000000000000000
1266314496.00000000000000000
25287460864.00000000000000000
504972705792.00000000000000000
10083951968256.00000000000000000
201369558450176.00000000000000000
4021214670487552.00000000000000000
80301027848355840.00000000000000000
1603554283666538496.00000000000000000
32021901769441280000.00000000000000000
639454007666338168832.00000000000000000
12769469228749378551808.00000000000000000
254997341723825341988864.00000000000000000
5092121667994364017639424.00000000000000000
101686477667959112162344960.00000000000000000
2030607847753076523246026752.00000000000000000
40549785119147408908349341696.00000000000000000
809751887719758108053441871872.00000000000000000
16170179519460791252321235369984.00000000000000000
322907452068549259691641991593984.00000000000000000
6448229737321201263035141874253824.00000000000000000
128766769452266142922013407635832832.00000000000000000
2571381547209129753804831138647113728.00000000000000000
51348783710673699321438228581919490048.00000000000000000
inf
