1.00000000000000000
19.96931266784667969
398.77355957031250000
7963.22802734375000000
159020.26562500000000000
3175524.50000000000000000
63413048.00000000000000000
1266314880.00000000000000000
25287440384.00000000000000000
504973328384.00000000000000000
10083960356864.00000000000000000
201369692667904.00000000000000000
4021215475793920.00000000000000000
80300898999336960.00000000000000000
1603554421105491968.00000000000000000
32021875381162213376.00000000000000000
639454289141314879488.00000000000000000
12769464725149751181312.00000000000000000
254997990242171683340288.00000000000000000
5092123973837373231333376.00000000000000000
101686311647262448776380416.00000000000000000
2030608290474934292275265536.00000000000000000
40549794563880374647639769088.00000000000000000
809751434372575752567501357056.00000000000000000
16170180728386610866950410076160.00000000000000000
322906891126968958503704927928320.00000000000000000
6448231594231260191105554222940160.00000000000000000
128766957619152114299815192302714880.00000000000000000
2571384399422980267320984506229325824.00000000000000000
51348727934047289279344562726978453504.00000000000000000
inf
