1.00000000000000000
19.96931266784667969
398.77346801757812500
7963.23242187500000000
159020.31250000000000000
3175523.00000000000000000
63413068.00000000000000000
1266314880.00000000000000000
25287438336.00000000000000000
504973459456.00000000000000000
10083965599744.00000000000000000
201369625559040.00000000000000000
4021213596745728.00000000000000000
80300916179206144.00000000000000000
1603552496960143360.00000000000000000
32021888575301746688.00000000000000000
639455133566245011456.00000000000000000
12769475984148819607552.00000000000000000
254997792083788079038464.00000000000000000
5092129738444896265568256.00000000000000000
101686247083658190792949760.00000000000000000
2030606224439598036805484544.00000000000000000
40549770952047960299413700608.00000000000000000
809751887719758108053441871872.00000000000000000
16170168639128414720658663014400.00000000000000000
322907490754175487359775582191616.00000000000000000
6448228499381161977654866975129600.00000000000000000
128766858583948971469393200372776960.00000000000000000
2571385033248280381435685254580928512.00000000000000000
51348809063685703886026258515983597568.00000000000000000
inf
