1.00000000000000000
19.96931648254394531
398.77337646484375000
7963.23242187500000000
159020.23437500000000000
3175527.50000000000000000
63413036.00000000000000000
1266314752.00000000000000000
25287440384.00000000000000000
504973066240.00000000000000000
10083966648320.00000000000000000
201369692667904.00000000000000000
4021216549535744.00000000000000000
80300898999336960.00000000000000000
1603552771838050304.00000000000000000
32021859987999424512.00000000000000000
639455063197500833792.00000000000000000
12769481613648353820672.00000000000000000
254997539882208946290688.00000000000000000
5092129161984143962144768.00000000000000000
101686237860286153938173952.00000000000000000
2030604748700072140041355264.00000000000000000
40549827620445754735156264960.00000000000000000
809751434372575752567501357056.00000000000000000
16170179519460791252321235369984.00000000000000000
322907374697296804355374810398720.00000000000000000
6448244592601672687598440663744512.00000000000000000
128766700127623942940718013284876288.00000000000000000
2571384874791955352907010067493027840.00000000000000000
51348783710673699321438228581919490048.00000000000000000
inf
