1.00000000000000000
4.46870374679565430
19.96931457519531250
89.23695373535156250
398.77346801757812500
1782.00073242187500000
7963.23388671875000000
35585.32812500000000000
159020.34375000000000000
710614.43750000000000000
3175524.50000000000000000
14190488.00000000000000000
63413128.00000000000000000
283374272.00000000000000000
1266314496.00000000000000000
5658787840.00000000000000000
25287452672.00000000000000000
113002029056.00000000000000000
504973033472.00000000000000000
2256573825024.00000000000000000
10083963502592.00000000000000000
45062289358848.00000000000000000
201369558450176.00000000000000000
899862556049408.00000000000000000
4021219502325760.00000000000000000
17969623475421184.00000000000000000
80300941949009920.00000000000000000
358840978527748096.00000000000000000
1603552909277003776.00000000000000000
7165809198553366528.00000000000000000
32021890774325002240.00000000000000000
143096125514860986368.00000000000000000
639455555778710077440.00000000000000000
2857532556191696158720.00000000000000000
12769471480549192237056.00000000000000000
57063039222582964387840.00000000000000000
254997323709426832506880.00000000000000000
1139509280513379373416448.00000000000000000
5092128009062639355297792.00000000000000000
22755186372152237414678528.00000000000000000
101686274753774301357277184.00000000000000000
