1.00000000000000000
4.46870422363281250
19.96931076049804688
89.23694610595703125
398.77346801757812500
1781.99987792968750000
7963.22949218750000000
35585.32812500000000000
159020.18750000000000000
710614.31250000000000000
3175525.50000000000000000
14190486.00000000000000000
63413076.00000000000000000
283374112.00000000000000000
1266315008.00000000000000000
5658786304.00000000000000000
25287436288.00000000000000000
113002119168.00000000000000000
504973131776.00000000000000000
2256574873600.00000000000000000
10083959308288.00000000000000000
45062255804416.00000000000000000
201369692667904.00000000000000000
899861750743040.00000000000000000
4021220576067584.00000000000000000
17969599853101056.00000000000000000
80300924769140736.00000000000000000
358840841088794624.00000000000000000
1603554833422352384.00000000000000000
7165809198553366528.00000000000000000
32021831400697102336.00000000000000000
143096310232814452736.00000000000000000
639454992828756656128.00000000000000000
2857532274716719448064.00000000000000000
12769484991348074348544.00000000000000000
57062962661389299089408.00000000000000000
254997539882208946290688.00000000000000000
1139509352570973411344384.00000000000000000
5092129161984143962144768.00000000000000000
22755174842937191346208768.00000000000000000
101686348540750596195483648.00000000000000000
