1.00000000000000000
4.46870470046997070
19.96931266784667969
89.23696136474609375
398.77346801757812500
1782.00048828125000000
7963.23193359375000000
35585.32421875000000000
159020.31250000000000000
710614.18750000000000000
3175527.75000000000000000
14190480.00000000000000000
63413072.00000000000000000
283373952.00000000000000000
1266315392.00000000000000000
5658784256.00000000000000000
25287426048.00000000000000000
113002119168.00000000000000000
504972804096.00000000000000000
2256575135744.00000000000000000
10083955113984.00000000000000000
45062234832896.00000000000000000
201369692667904.00000000000000000
899862690267136.00000000000000000
4021215475793920.00000000000000000
17969630991613952.00000000000000000
80300916179206144.00000000000000000
358840944168009728.00000000000000000
1603555108300259328.00000000000000000
7165805900018483200.00000000000000000
32021877580185468928.00000000000000000
143096530135140007936.00000000000000000
639454640985035767808.00000000000000000
2857536215366393397248.00000000000000000
12769459095650216968192.00000000000000000
57062971668588553830400.00000000000000000
254997882155780626448384.00000000000000000
1139508704052627069992960.00000000000000000
5092125703219630141603840.00000000000000000
22755186372152237414678528.00000000000000000
101686366987494669905035264.00000000000000000
