1.00000000000000000
4.46870422363281250
19.96931838989257812
89.23694610595703125
398.77343750000000000
1782.00012207031250000
7963.23730468750000000
35585.31250000000000000
159020.21875000000000000
710614.68750000000000000
3175524.00000000000000000
14190479.00000000000000000
63413048.00000000000000000
283374016.00000000000000000
1266315648.00000000000000000
5658785280.00000000000000000
25287442432.00000000000000000
113002045440.00000000000000000
504972902400.00000000000000000
2256574611456.00000000000000000
10083958259712.00000000000000000
45062176112640.00000000000000000
201369608781824.00000000000000000
899862220505088.00000000000000000
4021218160148480.00000000000000000
17969639581548544.00000000000000000
80300916179206144.00000000000000000
358841081606963200.00000000000000000
1603555108300259328.00000000000000000
7165809198553366528.00000000000000000
32021842395813380096.00000000000000000
143096327825000497152.00000000000000000
639455696516198432768.00000000000000000
2857531993241742737408.00000000000000000
12769479361848540135424.00000000000000000
57062958157789671718912.00000000000000000
254997521867810436808704.00000000000000000
1139508487879844956209152.00000000000000000
5092128585523391658721280.00000000000000000
22755181760466218987290624.00000000000000000
101686376210866706759811072.00000000000000000
