1.00000000000000000
4.46870326995849609
19.96931266784667969
89.23696136474609375
398.77349853515625000
1781.99926757812500000
7963.22851562500000000
35585.32421875000000000
159020.26562500000000000
710614.75000000000000000
3175525.50000000000000000
14190479.00000000000000000
63413072.00000000000000000
283374144.00000000000000000
1266314752.00000000000000000
5658786816.00000000000000000
25287444480.00000000000000000
113002061824.00000000000000000
504972869632.00000000000000000
2256575660032.00000000000000000
10083961405440.00000000000000000
45062230638592.00000000000000000
201369776553984.00000000000000000
899861750743040.00000000000000000
4021216549535744.00000000000000000
17969615959228416.00000000000000000
80300916179206144.00000000000000000
358841047247224832.00000000000000000
1603553871349678080.00000000000000000
7165810298064994304.00000000000000000
32021846793859891200.00000000000000000
143096222271884230656.00000000000000000
639454711353779945472.00000000000000000
2857537059791323529216.00000000000000000
12769472606449099079680.00000000000000000
57062971668588553830400.00000000000000000
254998116342961249714176.00000000000000000
1139507911419092652785664.00000000000000000
5092126279680382445027328.00000000000000000
22755181760466218987290624.00000000000000000
101686117956449674826088448.00000000000000000
