1.00000000000000000
19.96932220458984375
398.77334594726562500
7963.23437500000000000
159020.23437500000000000
3175524.50000000000000000
63413036.00000000000000000
1266314496.00000000000000000
25287464960.00000000000000000
504972967936.00000000000000000
10083958259712.00000000000000000
201369776553984.00000000000000000
4021218965454848.00000000000000000
80300916179206144.00000000000000000
1603554421105491968.00000000000000000
32021857788976168960.00000000000000000
639454852091268300800.00000000000000000
12769466976949564866560.00000000000000000
254997611939802984218624.00000000000000000
5092124550298125534756864.00000000000000000
101686265530402264502501376.00000000000000000
2030606224439598036805484544.00000000000000000
40549766229681477429768486912.00000000000000000
809751963277621833967765291008.00000000000000000
16170190399793167783983807725568.00000000000000000
322907548782614828861975968088064.00000000000000000
6448230356291220905725279323815936.00000000000000000
128766759548745828638971208442839040.00000000000000000
2571385033248280381435685254580928512.00000000000000000
51348783710673699321438228581919490048.00000000000000000
inf
