1.00000000000000000
4.46870422363281250
19.96931648254394531
89.23695373535156250
398.77352905273437500
1782.00085449218750000
7963.22802734375000000
35585.33203125000000000
159020.26562500000000000
710613.93750000000000000
3175524.50000000000000000
14190483.00000000000000000
63413064.00000000000000000
283374112.00000000000000000
1266314368.00000000000000000
5658781184.00000000000000000
25287464960.00000000000000000
113002176512.00000000000000000
504972836864.00000000000000000
2256575135744.00000000000000000
10083967696896.00000000000000000
45062297747456.00000000000000000
201369759776768.00000000000000000
899861884960768.00000000000000000
4021217086406656.00000000000000000
17969605221810176.00000000000000000
80300898999336960.00000000000000000
358840944168009728.00000000000000000
1603554146227585024.00000000000000000
7165812497088249856.00000000000000000
32021908366511046656.00000000000000000
143096116718767964160.00000000000000000
639454992828756656128.00000000000000000
2857532556191696158720.00000000000000000
12769468102849471709184.00000000000000000
57062967164988926459904.00000000000000000
254997485839013417844736.00000000000000000
1139508415822250918281216.00000000000000000
5092125126758877838180352.00000000000000000
22755174842937191346208768.00000000000000000
101686173296681895954743296.00000000000000000
