1.00000000000000000
19.96931266784667969
398.77337646484375000
7963.23291015625000000
159020.23437500000000000
3175523.50000000000000000
63413100.00000000000000000
1266315264.00000000000000000
25287462912.00000000000000000
504972607488.00000000000000000
10083959308288.00000000000000000
201369860440064.00000000000000000
4021212791439360.00000000000000000
80300984898682880.00000000000000000
1603554283666538496.00000000000000000
32021888575301746688.00000000000000000
639454359510059057152.00000000000000000
12769487243147888033792.00000000000000000
254997539882208946290688.00000000000000000
5092129161984143962144768.00000000000000000
101686210190170043373846528.00000000000000000
2030602239942878115542335488.00000000000000000
40549808730979823256575410176.00000000000000000
809751887719758108053441871872.00000000000000000
16170177101609152023062885957632.00000000000000000
322907007183847641508105699721216.00000000000000000
6448239640841515546077341067247616.00000000000000000
128766769452266142922013407635832832.00000000000000000
2571386300898880609665086751284133888.00000000000000000
51348854699107312102284712397298991104.00000000000000000
inf
