1.00000000000000000
19.96930503845214844
398.77352905273437500
7963.23193359375000000
159020.25000000000000000
3175525.75000000000000000
63413020.00000000000000000
1266315904.00000000000000000
25287456768.00000000000000000
504972410880.00000000000000000
10083958259712.00000000000000000
201369843662848.00000000000000000
4021218428583936.00000000000000000
80300916179206144.00000000000000000
1603553871349678080.00000000000000000
32021824803627335680.00000000000000000
639455203934989189120.00000000000000000
12769477110048726450176.00000000000000000
254997359738223851470848.00000000000000000
5092131467827153175838720.00000000000000000
101686219413542080228622336.00000000000000000
2030604896274024729717768192.00000000000000000
40549761507314994560123273216.00000000000000000
809751207698984574824531099648.00000000000000000
16170171056980053949917012426752.00000000000000000
322907084555100096844372880916480.00000000000000000
6448243973631653044908303214182400.00000000000000000
128766818969867714337224403600801792.00000000000000000
2571386617811530666722437125459935232.00000000000000000
51348849628504911189367106410486169600.00000000000000000
inf
