1.00000000000000000
4.46870374679565430
19.96931838989257812
89.23696899414062500
398.77343750000000000
1782.00061035156250000
7963.23339843750000000
35585.33984375000000000
159020.20312500000000000
710614.56250000000000000
3175525.00000000000000000
14190468.00000000000000000
63413068.00000000000000000
283374112.00000000000000000
1266315520.00000000000000000
5658788864.00000000000000000
25287456768.00000000000000000
113002110976.00000000000000000
504972967936.00000000000000000
2256576184320.00000000000000000
10083961405440.00000000000000000
45062205472768.00000000000000000
201369742999552.00000000000000000
899861616525312.00000000000000000
4021211986132992.00000000000000000
17969618106712064.00000000000000000
80300976308748288.00000000000000000
358841253405655040.00000000000000000
1603553321593864192.00000000000000000
7165815245867319296.00000000000000000
32021859987999424512.00000000000000000
143096160699233075200.00000000000000000
639454500247547412480.00000000000000000
2857533119141649580032.00000000000000000
12769489494947701719040.00000000000000000
57063034718983337017344.00000000000000000
254997828112585098002432.00000000000000000
1139508848167815145848832.00000000000000000
5092123973837373231333376.00000000000000000
22755214042268347979005952.00000000000000000
101686385434238743614586880.00000000000000000
