1.00000000000000000
19.96932029724121094
398.77352905273437500
7963.23388671875000000
159020.45312500000000000
3175526.25000000000000000
63413028.00000000000000000
1266315008.00000000000000000
25287438336.00000000000000000
504972673024.00000000000000000
10083965599744.00000000000000000
201369826885632.00000000000000000
4021219233890304.00000000000000000
80301062208094208.00000000000000000
1603552771838050304.00000000000000000
32021877580185468928.00000000000000000
639454570616291590144.00000000000000000
12769464725149751181312.00000000000000000
254997647968600003182592.00000000000000000
5092121667994364017639424.00000000000000000
101686274753774301357277184.00000000000000000
2030606667161455805834723328.00000000000000000
40549813453346306126220623872.00000000000000000
809753096645577722682616578048.00000000000000000
16170171056980053949917012426752.00000000000000000
322907007183847641508105699721216.00000000000000000
6448234689081358404556241470750720.00000000000000000
128766650610022371525507017319907328.00000000000000000
2571388043918455923480513809251041280.00000000000000000
51348819204890505711861470489609240576.00000000000000000
inf
