1.00000000000000000
19.96931266784667969
398.77352905273437500
7963.22705078125000000
159020.29687500000000000
3175524.25000000000000000
63413024.00000000000000000
1266315008.00000000000000000
25287452672.00000000000000000
504973197312.00000000000000000
10083962454016.00000000000000000
201369843662848.00000000000000000
4021218965454848.00000000000000000
80300924769140736.00000000000000000
1603553733910724608.00000000000000000
32021870983115702272.00000000000000000
639454640985035767808.00000000000000000
12769461347450030653440.00000000000000000
254997467824614908362752.00000000000000000
5092136655973923906650112.00000000000000000
101686247083658190792949760.00000000000000000
2030604453552166960688529408.00000000000000000
40549733173116097342251991040.00000000000000000
809751056583257122995884261376.00000000000000000
16170162594499316647512789483520.00000000000000000
322907084555100096844372880916480.00000000000000000
6448240878781554831457615966371840.00000000000000000
128766858583948971469393200372776960.00000000000000000
2571386617811530666722437125459935232.00000000000000000
51348874981516915753955136344550277120.00000000000000000
inf
