0.00000000000000000
0.00000000000000000
0.00000000000000000
0.00000005409996800
0.00000002004087734
0.00000007149450321
0.00000001504746634
0.00000004091847879
0.00000002887579827
0.00000004183577109
0.00000001914282921
0.00000016921792417
0.00000017730996007
0.00000032084304055
0.00000010575883691
0.00000006721453810
0.00000010172326983
0.00000002835812556
0.00000004332772680
0.00000005799487674
0.00000008610597323
0.00000036852350903
0.00000046971845872
0.00000015500189578
0.00000021493670239
0.00000053480959670
0.00000012114642864
0.00000014970404648
0.00000016220878676
0.00000083472320755
0.00000024902407858
0.00000011628733026
0.00000015335847891
0.00000012764230326
0.00000013070015881
0.00000006177561040
0.00000089334558694
0.00000018564812920
0.00000026843096491
0.00000074836261202
0.00000093575273653
0.00000028340402712
0.00000034978772337
0.00000063497327589
0.00000106796284634
0.00000072811451302
0.00000051639818653
0.00000017586096159
0.00000050152588940
0.00000010586180987
0.00000031079906592
0.00000105311699967
0.00000028849406360
0.00000095330813960
0.00000123771632254
0.00000029829261050
0.00000030246613733
0.00000013745620599
0.00000166846973947
0.00000035295130560
