0.00000000000000000
0.00000000000000000
0.00000000000000000
0.00000001300889600
0.00000002004087734
0.00000007149450321
0.00000013606826111
0.00000004091847879
0.00000002887579827
0.00000004183577109
0.00000024215028120
0.00000031536808790
0.00000001425198254
0.00000005578306358
0.00000002348360904
0.00000036414460857
0.00000024307103501
0.00000034217656000
0.00000044233949626
0.00000013756659457
0.00000008610597323
0.00000036852350903
0.00000046971845872
0.00000050728328319
0.00000044580783245
0.00000017127435434
0.00000012114642864
0.00000058293368618
0.00000016220878676
0.00000020727278760
0.00000062896770119
0.00000069168802306
0.00000023715727847
0.00000012764230326
0.00000080507391046
0.00000012692251084
0.00000021964121969
0.00000075296471088
0.00000005597576779
0.00000067874529302
0.00000011451342536
0.00000016380238379
0.00000050655198931
0.00000012128812926
0.00000126995206496
0.00000019861189576
0.00000110300437795
0.00000010005441411
0.00000020344241568
0.00000023609646676
0.00000022544848118
0.00000027002197065
0.00000043512525166
0.00000047282706256
0.00000117473870681
0.00000029829261050
0.00000142864938229
0.00000128067362769
0.00000028323995290
0.00000110884579611
