0.00000000000000000
0.00000000000000000
0.00000000000000000
0.00000001300889600
0.00000002004087734
0.00000004379764725
0.00000001504746634
0.00000015715192749
0.00000016583533393
0.00000021197695455
0.00000009236089678
0.00000005000732143
0.00000008152898876
0.00000024409611564
0.00000002348360904
0.00000039073389811
0.00000046366779090
0.00000030625913973
0.00000004332772680
0.00000005799487674
0.00000008610597323
0.00000052004709791
0.00000006782027940
0.00000054956087905
0.00000013797965904
0.00000017127435434
0.00000067212073391
0.00000045681744911
0.00000016220878676
0.00000020727278760
0.00000005391479419
0.00000071484700377
0.00000057235247672
0.00000012764230326
0.00000073309128975
0.00000012692251084
0.00000021964121969
0.00000050982903302
0.00000016220336635
0.00000022627985391
0.00000093575273653
0.00000094121306542
0.00000098270853713
0.00000022402515859
0.00000088459960031
0.00000046336320439
0.00000016938335128
0.00000017586096159
0.00000030280357358
0.00000113136743060
0.00000122551145941
0.00000116498771810
0.00000028849406360
0.00000047282706256
0.00000142664916973
0.00000029829261050
0.00000153684410227
0.00000135158011937
0.00000037617850968
0.00000023113488046
