0.00000000000000000
0.00000000000000000
0.00000000000000000
0.00000001300889600
0.00000006792005288
0.00000007149450321
0.00000001504746634
0.00000004091847879
0.00000016583533393
0.00000021337600410
0.00000009236089678
0.00000031536808790
0.00000030159489645
0.00000005578306358
0.00000010575883691
0.00000036414460857
0.00000032232002572
0.00000002835812556
0.00000010403612968
0.00000005799487674
0.00000019040221522
0.00000043687509418
0.00000006782027940
0.00000015500189578
0.00000055463373113
0.00000037301262606
0.00000053990954015
0.00000071675523294
0.00000004864023609
0.00000020727278760
0.00000063924264737
0.00000018022074058
0.00000068462951671
0.00000023747906582
0.00000005871753809
0.00000069301687457
0.00000015780861932
0.00000010460290324
0.00000069334135917
0.00000081797993101
0.00000029701105006
0.00000016380238379
0.00000106109067010
0.00000012128812926
0.00000014397246538
0.00000121339508359
0.00000016938335128
0.00000010005441411
0.00000109769283684
0.00000017097913832
0.00000122551145941
0.00000027002197065
0.00000006854728150
0.00000135300103021
0.00000046267930217
0.00000029829261050
0.00000030246613733
0.00000135158011937
0.00000139850263426
0.00000029204309303
