0.00000000000000000
0.00000000000000000
0.00000000000000000
0.00000005409996800
0.00000002004087734
0.00000007149450321
0.00000001504746634
0.00000004091847879
0.00000002887579827
0.00000004183577109
0.00000009236089678
0.00000005000732143
0.00000011003295385
0.00000005578306358
0.00000010575883691
0.00000025630482190
0.00000003104938724
0.00000012099179695
0.00000010403612968
0.00000005799487674
0.00000008610597323
0.00000009511716843
0.00000006782027940
0.00000003757476664
0.00000055463373113
0.00000003046391739
0.00000012114642864
0.00000014970404648
0.00000063277106794
0.00000013284450224
0.00000005391479419
0.00000065091359346
0.00000057235247672
0.00000012764230326
0.00000020268277952
0.00000050431875333
0.00000015780861932
0.00000070584935630
0.00000016220336635
0.00000015666253491
0.00000116296994758
0.00000109201487113
0.00000097684478713
0.00000032676218791
0.00000021130220492
0.00000019861189576
0.00000109475624527
0.00000010005441411
0.00000020344241568
0.00000113136743060
0.00000116430491333
0.00000140803880583
0.00000014186287554
0.00000135300103021
0.00000142664916973
0.00000128884485638
0.00000019427141736
0.00000027926918936
0.00000121262552070
0.00000102294164388
