0.00000000000000000
0.00000000000000000
0.00000000000000000
0.00000001300889600
0.00000002004087734
0.00000004379764725
0.00000001504746634
0.00000004091847879
0.00000002887579827
0.00000004323482064
0.00000013064655520
0.00000012308240330
0.00000017730996007
0.00000011855408093
0.00000010575883691
0.00000006721453810
0.00000003104938724
0.00000024954288861
0.00000010403612968
0.00000013756659457
0.00000053967147870
0.00000052004709791
0.00000055930824841
0.00000054956087905
0.00000029189374574
0.00000007040521848
0.00000018725202552
0.00000049628775824
0.00000073005154012
0.00000053701006607
0.00000063924264737
0.00000005235391995
0.00000076842831628
0.00000012764230326
0.00000063457850380
0.00000081656809536
0.00000095517818731
0.00000034773858111
0.00000026843096491
0.00000109644920699
0.00000116296994758
0.00000016380238379
0.00000074169838822
0.00000022402515859
0.00000095192933985
0.00000002211102334
0.00000098733276620
0.00000096123725055
0.00000030280357358
0.00000043144845210
0.00000014009789644
0.00000027002197065
0.00000080170322182
0.00000116080859939
0.00000027374645498
0.00000151771984028
0.00000019427141736
0.00000098833410620
0.00000028323995290
0.00000029204309303
