0.00000000000000000
0.00000000000000000
0.00000000000000000
0.00000001300889600
0.00000006792005288
0.00000007149450321
0.00000001504746634
0.00000004091847879
0.00000002887579827
0.00000004183577109
0.00000001914282921
0.00000005000732143
0.00000001425198254
0.00000005578306358
0.00000002348360904
0.00000017505432477
0.00000010172326983
0.00000002835812556
0.00000004332772680
0.00000005799487674
0.00000053967147870
0.00000009511716843
0.00000015741006909
0.00000003757476664
0.00000006102261569
0.00000047388176193
0.00000073822633079
0.00000063010930500
0.00000074633961861
0.00000061143835144
0.00000005391479419
0.00000043595438182
0.00000015335847891
0.00000086088855980
0.00000001326508262
0.00000059866781395
0.00000101701078767
0.00000026669335515
0.00000016220336635
0.00000109644920699
0.00000098047232287
0.00000076181060043
0.00000089846265416
0.00000022402515859
0.00000100063310680
0.00000072811451302
0.00000110300437795
0.00000017586096159
0.00000118761379503
0.00000030121379521
0.00000022544848118
0.00000107242665053
0.00000014186287554
0.00000018453841633
0.00000121841069094
0.00000087611475393
0.00000084343973721
0.00000149339310274
0.00000037617850968
0.00000029204309303
