0.00000000000000000
0.00000000000000000
0.00000000000000000
0.00000001300889600
0.00000006792005288
0.00000007149450321
0.00000001504746634
0.00000004091847879
0.00000002887579827
0.00000004323482064
0.00000001914282921
0.00000005000732143
0.00000001425198254
0.00000005578306358
0.00000030561730242
0.00000006721453810
0.00000032232002572
0.00000021362546834
0.00000038163109337
0.00000005799487674
0.00000001819026876
0.00000036852350903
0.00000015741006909
0.00000027242902492
0.00000036885078910
0.00000053480959670
0.00000031946321928
0.00000040964183030
0.00000016220878676
0.00000061143835144
0.00000015146943638
0.00000056382120244
0.00000006955967935
0.00000012764230326
0.00000073309128975
0.00000012692251084
0.00000015780861932
0.00000018564812920
0.00000026843096491
0.00000015666253491
0.00000098047232287
0.00000064220895710
0.00000019302345742
0.00000090608216401
0.00000100063310680
0.00000037511276818
0.00000005371173953
0.00000017586096159
0.00000108825263712
0.00000082215242278
0.00000048150023540
0.00000105311699967
0.00000139776459912
0.00000125690481480
0.00000142664916973
0.00000151771984028
0.00000030246613733
0.00000049198866441
0.00000157553118269
0.00000029204309303
