0.00000000000000000
0.00000000000000000
0.00000000000000000
0.00000005409996800
0.00000002004087734
0.00000007149450321
0.00000006051039739
0.00000015715192749
0.00000016583533393
0.00000004183577109
0.00000001914282921
0.00000005000732143
0.00000008152898876
0.00000005578306358
0.00000030561730242
0.00000006721453810
0.00000017239715242
0.00000030625913973
0.00000010403612968
0.00000026029199456
0.00000008610597323
0.00000036852350903
0.00000046971845872
0.00000015500189578
0.00000021493670239
0.00000007040521848
0.00000012114642864
0.00000014970404648
0.00000004864023609
0.00000035612935834
0.00000034657872078
0.00000065091359346
0.00000001423912022
0.00000023747906582
0.00000056259588308
0.00000081656809536
0.00000021964121969
0.00000026669335515
0.00000058711376060
0.00000022627985391
0.00000020576223771
0.00000016380238379
0.00000066331625525
0.00000022402515859
0.00000079864388818
0.00000019861189576
0.00000097908463352
0.00000040328060401
0.00000099833167893
0.00000023609646676
0.00000031079906592
0.00000027002197065
0.00000028849406360
0.00000144909724562
0.00000142664916973
0.00000143517381979
0.00000105982917717
0.00000142248661105
0.00000019030139612
0.00000138839091931
