naif	18.375	1712931741.19949674606323242	1712931741.34039235115051270
naif	18.359375	1712931741.34050893783569336	1712931741.47859883308410645
naif	19.046875	1712931741.47871017456054688	1712931741.61460471153259277
naif	18.59375	1712931741.61472296714782715	1712931741.75102305412292480
naif	18.5	1712931741.75113105773925781	1712931741.88909053802490234
naif	19.046875	1712931741.88919544219970703	1712931742.02961039543151855
naif	18.609375	1712931742.02972912788391113	1712931742.16773629188537598
naif	18.453125	1712931742.16784000396728516	1712931742.30587673187255859
naif	18.328125	1712931742.30599212646484375	1712931742.44321632385253906
naif	18.84375	1712931742.44333004951477051	1712931742.57881975173950195
naif	18.90625	1712931742.57893443107604980	1712931742.71818685531616211
naif	18.6875	1712931742.71829557418823242	1712931742.85969567298889160
naif	18.515625	1712931742.85981583595275879	1712931742.99576592445373535
naif	18.8125	1712931742.99589276313781738	1712931743.13121461868286133
naif	18.6875	1712931743.13132548332214355	1712931743.26777958869934082
naif	18.390625	1712931743.26791286468505859	1712931743.40351366996765137
naif	18.40625	1712931743.40362453460693359	1712931743.53984189033508301
naif	18.34375	1712931743.53996515274047852	1712931743.67662739753723145
naif	18.796875	1712931743.67674136161804199	1712931743.81305360794067383
naif	19.015625	1712931743.81316471099853516	1712931743.94979643821716309
naif	6.875	1712931773.74316120147705078	1712931773.88978242874145508
naif	6.91015625	1712931773.88989210128784180	1712931774.03116989135742188
naif	7.24609375	1712931774.03129148483276367	1712931774.16815257072448730
naif	6.98828125	1712931774.16827249526977539	1712931774.31134247779846191
naif	6.9453125	1712931774.31145405769348145	1712931774.44836235046386719
naif	7.1484375	1712931774.44847941398620605	1712931774.58426165580749512
naif	7.046875	1712931774.58437395095825195	1712931774.71373629570007324
naif	6.90625	1712931774.71384978294372559	1712931774.84266972541809082
naif	6.875	1712931774.84278392791748047	1712931774.97779345512390137
naif	7.04296875	1712931774.97791814804077148	1712931775.11007094383239746
naif	7.1875	1712931775.11018753051757812	1712931775.24195671081542969
naif	7.1015625	1712931775.24207568168640137	1712931775.37766861915588379
naif	7.046875	1712931775.37777876853942871	1712931775.51375007629394531
naif	7.18359375	1712931775.51386046409606934	1712931775.64965724945068359
naif	7.0546875	1712931775.64977478981018066	1712931775.78749537467956543
naif	7.05078125	1712931775.78761601448059082	1712931775.92347288131713867
naif	6.87890625	1712931775.92358493804931641	1712931776.06018900871276855
naif	6.890625	1712931776.06031012535095215	1712931776.19867849349975586
naif	7.01953125	1712931776.19878864288330078	1712931776.33887314796447754
naif	7.1484375	1712931776.33899331092834473	1712931776.48304033279418945
naif	48.53125	1712931805.98544287681579590	1712931806.12645792961120605
naif	49.25	1712931806.12657332420349121	1712931806.26219844818115234
naif	50.8125	1712931806.26232528686523438	1712931806.40051126480102539
naif	49.25	1712931806.40063333511352539	1712931806.54261827468872070
naif	48.875	1712931806.54274058341979980	1712931806.68106055259704590
naif	50.40625	1712931806.68118238449096680	1712931806.81725025177001953
naif	48.78125	1712931806.81737446784973145	1712931806.95360851287841797
naif	48.8125	1712931806.95373106002807617	1712931807.08987998962402344
naif	48.5	1712931807.08999276161193848	1712931807.22563910484313965
naif	49.21875	1712931807.22576665878295898	1712931807.36203408241271973
naif	50.0	1712931807.36215806007385254	1712931807.49822068214416504
naif	49.9375	1712931807.49833011627197266	1712931807.63555693626403809
naif	49.78125	1712931807.63569569587707520	1712931807.77455496788024902
naif	49.71875	1712931807.77467417716979980	1712931807.91312980651855469
naif	48.875	1712931807.91324114799499512	1712931808.05431151390075684
naif	49.125	1712931808.05443739891052246	1712931808.19332337379455566
naif	49.125	1712931808.19343400001525879	1712931808.33316779136657715
naif	49.15625	1712931808.33327817916870117	1712931808.47315168380737305
naif	49.5625	1712931808.47327208518981934	1712931808.61287188529968262
naif	49.34375	1712931808.61297607421875000	1712931808.75333666801452637
naif	340.5	1712931838.33794593811035156	1712931838.48922324180603027
naif	345.25	1712931838.48933172225952148	1712931838.63397502899169922
naif	353.25	1712931838.63408708572387695	1712931838.76912093162536621
naif	338.75	1712931838.76924395561218262	1712931838.90414023399353027
naif	343.0	1712931838.90424776077270508	1712931839.03924632072448730
naif	354.0	1712931839.03936386108398438	1712931839.17491865158081055
naif	341.25	1712931839.17502737045288086	1712931839.31086063385009766
naif	344.75	1712931839.31098461151123047	1712931839.44659447669982910
naif	337.75	1712931839.44669723510742188	1712931839.58171534538269043
naif	344.75	1712931839.58183407783508301	1712931839.72369885444641113
naif	350.75	1712931839.72381329536437988	1712931839.86404085159301758
naif	344.75	1712931839.86416125297546387	1712931840.00603294372558594
naif	347.5	1712931840.00615429878234863	1712931840.14791941642761230
naif	350.25	1712931840.14802718162536621	1712931840.28464531898498535
naif	345.25	1712931840.28475928306579590	1712931840.42152786254882812
naif	343.0	1712931840.42164158821105957	1712931840.55872559547424316
naif	340.0	1712931840.55884957313537598	1712931840.70001006126403809
naif	341.0	1712931840.70011973381042480	1712931840.84204673767089844
naif	348.5	1712931840.84216141700744629	1712931840.98356318473815918
naif	350.75	1712931840.98369550704956055	1712931841.12313652038574219
naif	895.0	1712931870.74283289909362793	1712931870.89590883255004883
naif	897.5	1712931870.89602303504943848	1712931871.04313850402832031
naif	934.0	1712931871.04325103759765625	1712931871.17955851554870605
naif	909.5	1712931871.17969059944152832	1712931871.31410527229309082
naif	900.5	1712931871.31421852111816406	1712931871.44867181777954102
naif	938.5	1712931871.44879531860351562	1712931871.58360099792480469
naif	908.0	1712931871.58372640609741211	1712931871.72037649154663086
naif	900.0	1712931871.72047305107116699	1712931871.85505700111389160
naif	900.0	1712931871.85516977310180664	1712931871.98967671394348145
naif	923.0	1712931871.98979806900024414	1712931872.12868642807006836
naif	932.5	1712931872.12880134582519531	1712931872.26613402366638184
naif	911.5	1712931872.26625227928161621	1712931872.39766287803649902
naif	906.0	1712931872.39777255058288574	1712931872.52734923362731934
naif	920.5	1712931872.52746438980102539	1712931872.65703511238098145
naif	898.0	1712931872.65715098381042480	1712931872.78668999671936035
naif	904.0	1712931872.78680419921875000	1712931872.91961097717285156
naif	891.0	1712931872.91972804069519043	1712931873.05404853820800781
naif	895.0	1712931873.05416202545166016	1712931873.18935704231262207
naif	912.5	1712931873.18946504592895508	1712931873.32495713233947754
naif	908.0	1712931873.32506561279296875	1712931873.46147441864013672
naif	895.0	1712931903.05118513107299805	1712931903.20492720603942871
naif	897.5	1712931903.20504713058471680	1712931903.34546446800231934
naif	934.0	1712931903.34559130668640137	1712931903.47547817230224609
naif	909.5	1712931903.47559046745300293	1712931903.60529065132141113
naif	900.5	1712931903.60541439056396484	1712931903.74093103408813477
naif	938.5	1712931903.74105405807495117	1712931903.87943243980407715
naif	908.0	1712931903.87954568862915039	1712931904.02337312698364258
naif	900.0	1712931904.02348375320434570	1712931904.15916037559509277
naif	900.0	1712931904.15927076339721680	1712931904.29502534866333008
naif	923.0	1712931904.29514002799987793	1712931904.43803811073303223
naif	932.5	1712931904.43816709518432617	1712931904.58131456375122070
naif	911.5	1712931904.58142876625061035	1712931904.72292447090148926
naif	906.0	1712931904.72303843498229980	1712931904.86505270004272461
naif	920.5	1712931904.86516022682189941	1712931905.00519895553588867
naif	898.0	1712931905.00532150268554688	1712931905.14216232299804688
naif	904.0	1712931905.14226627349853516	1712931905.28042268753051758
naif	891.0	1712931905.28054404258728027	1712931905.41754817962646484
naif	895.0	1712931905.41765928268432617	1712931905.55256867408752441
naif	912.5	1712931905.55267882347106934	1712931905.68786978721618652
naif	908.0	1712931905.68798565864562988	1712931905.82357335090637207
naif	6124.0	1712931935.58073759078979492	1712931935.73431444168090820
naif	6240.0	1712931935.73443579673767090	1712931935.88163375854492188
naif	6480.0	1712931935.88173794746398926	1712931936.01854753494262695
naif	6276.0	1712931936.01866269111633301	1712931936.15305113792419434
naif	6236.0	1712931936.15316581726074219	1712931936.29021000862121582
naif	6412.0	1712931936.29032659530639648	1712931936.43172240257263184
naif	6300.0	1712931936.43182492256164551	1712931936.57227110862731934
naif	6308.0	1712931936.57237911224365234	1712931936.71286439895629883
naif	6212.0	1712931936.71298718452453613	1712931936.85357856750488281
naif	6332.0	1712931936.85368776321411133	1712931936.99483013153076172
naif	6480.0	1712931936.99495244026184082	1712931937.13554072380065918
naif	6388.0	1712931937.13566446304321289	1712931937.27539753913879395
naif	6232.0	1712931937.27551627159118652	1712931937.41589021682739258
naif	6444.0	1712931937.41600155830383301	1712931937.55144834518432617
naif	6248.0	1712931937.55156469345092773	1712931937.68710041046142578
naif	6340.0	1712931937.68721485137939453	1712931937.82874941825866699
naif	6268.0	1712931937.82885861396789551	1712931937.96390151977539062
naif	6276.0	1712931937.96400666236877441	1712931938.10487914085388184
naif	6428.0	1712931938.10498833656311035	1712931938.24804306030273438
naif	6432.0	1712931938.24817013740539551	1712931938.38466978073120117
naif	18.375	1712931968.00915479660034180	1712931968.16226077079772949
naif	18.359375	1712931968.16236615180969238	1712931968.30420303344726562
naif	19.046875	1712931968.30431461334228516	1712931968.43899059295654297
naif	18.59375	1712931968.43911147117614746	1712931968.58068656921386719
naif	18.5	1712931968.58079409599304199	1712931968.72248411178588867
naif	19.046875	1712931968.72260737419128418	1712931968.86479759216308594
naif	18.609375	1712931968.86491799354553223	1712931969.00201797485351562
naif	18.453125	1712931969.00214481353759766	1712931969.13757276535034180
naif	18.328125	1712931969.13769030570983887	1712931969.27880311012268066
naif	18.84375	1712931969.27892947196960449	1712931969.41812586784362793
naif	18.90625	1712931969.41823554039001465	1712931969.56011986732482910
naif	18.6875	1712931969.56023335456848145	1712931969.70133352279663086
naif	18.515625	1712931969.70144462585449219	1712931969.84311938285827637
naif	18.8125	1712931969.84324264526367188	1712931969.98147368431091309
naif	18.6875	1712931969.98158645629882812	1712931970.11514544486999512
naif	18.390625	1712931970.11525678634643555	1712931970.24833345413208008
naif	18.40625	1712931970.24844408035278320	1712931970.38196969032287598
naif	18.34375	1712931970.38208675384521484	1712931970.51608180999755859
naif	18.796875	1712931970.51619863510131836	1712931970.64919900894165039
naif	19.015625	1712931970.64931082725524902	1712931970.78806114196777344
naif	340.5	1712932000.33920264244079590	1712932000.49191474914550781
naif	345.25	1712932000.49203968048095703	1712932000.63916158676147461
naif	353.25	1712932000.63927745819091797	1712932000.77824187278747559
naif	338.75	1712932000.77834844589233398	1712932000.90950870513916016
naif	343.0	1712932000.90962100028991699	1712932001.03905296325683594
naif	354.0	1712932001.03916192054748535	1712932001.16877865791320801
naif	341.25	1712932001.16889429092407227	1712932001.29840302467346191
naif	344.75	1712932001.29851412773132324	1712932001.43652653694152832
naif	337.75	1712932001.43664574623107910	1712932001.57824206352233887
naif	344.75	1712932001.57835268974304199	1712932001.72095370292663574
naif	350.75	1712932001.72106742858886719	1712932001.86214041709899902
naif	344.75	1712932001.86225175857543945	1712932001.99402189254760742
naif	347.5	1712932001.99413800239562988	1712932002.12374114990234375
naif	350.25	1712932002.12385225296020508	1712932002.25721359252929688
naif	345.25	1712932002.25732541084289551	1712932002.39477086067199707
naif	343.0	1712932002.39488267898559570	1712932002.53026533126831055
naif	340.0	1712932002.53038763999938965	1712932002.66508436203002930
naif	341.0	1712932002.66519522666931152	1712932002.79879951477050781
naif	348.5	1712932002.79891610145568848	1712932002.92812371253967285
naif	350.75	1712932002.92823863029479980	1712932003.05739259719848633
naif	2342.0	1712932032.55297136306762695	1712932032.70404314994812012
naif	2416.0	1712932032.70415496826171875	1712932032.84318542480468750
naif	2448.0	1712932032.84329771995544434	1712932032.97772622108459473
naif	2380.0	1712932032.97784852981567383	1712932033.11524677276611328
naif	2390.0	1712932033.11536955833435059	1712932033.25368070602416992
naif	2448.0	1712932033.25380277633666992	1712932033.39228177070617676
naif	2382.0	1712932033.39240241050720215	1712932033.53176116943359375
naif	2378.0	1712932033.53186988830566406	1712932033.67087578773498535
naif	2342.0	1712932033.67097949981689453	1712932033.81254911422729492
naif	2400.0	1712932033.81267404556274414	1712932033.95527267456054688
naif	2468.0	1712932033.95537972450256348	1712932034.09858441352844238
naif	2412.0	1712932034.09870171546936035	1712932034.24008703231811523
naif	2406.0	1712932034.24020266532897949	1712932034.38014364242553711
naif	2426.0	1712932034.38025355339050293	1712932034.51994156837463379
naif	2386.0	1712932034.52004933357238770	1712932034.65910434722900391
naif	2378.0	1712932034.65922021865844727	1712932034.79827427864074707
naif	2380.0	1712932034.79838728904724121	1712932034.93749213218688965
naif	2362.0	1712932034.93760991096496582	1712932035.07599925994873047
naif	2444.0	1712932035.07610750198364258	1712932035.21409034729003906
naif	2414.0	1712932035.21420049667358398	1712932035.35176515579223633
naif	895.0	1712932065.05241465568542480	1712932065.19926190376281738
naif	897.5	1712932065.19938230514526367	1712932065.34333062171936035
naif	934.0	1712932065.34344148635864258	1712932065.48832440376281738
naif	909.5	1712932065.48844075202941895	1712932065.62270665168762207
naif	900.5	1712932065.62281966209411621	1712932065.75212740898132324
naif	938.5	1712932065.75224280357360840	1712932065.88178849220275879
naif	908.0	1712932065.88189959526062012	1712932066.01626372337341309
naif	900.0	1712932066.01637792587280273	1712932066.15201401710510254
naif	900.0	1712932066.15213727951049805	1712932066.29369354248046875
naif	923.0	1712932066.29380869865417480	1712932066.43753361701965332
naif	932.5	1712932066.43764591217041016	1712932066.57831120491027832
naif	911.5	1712932066.57842707633972168	1712932066.71460556983947754
naif	906.0	1712932066.71471691131591797	1712932066.85048055648803711
naif	920.5	1712932066.85059833526611328	1712932066.98671579360961914
naif	898.0	1712932066.98683166503906250	1712932067.12667298316955566
naif	904.0	1712932067.12679028511047363	1712932067.26946067810058594
naif	891.0	1712932067.26958203315734863	1712932067.41230821609497070
naif	895.0	1712932067.41241860389709473	1712932067.55485844612121582
naif	912.5	1712932067.55497455596923828	1712932067.69878220558166504
naif	908.0	1712932067.69888591766357422	1712932067.84256649017333984
naif	895.0	1712932097.53910517692565918	1712932097.69407176971435547
naif	897.5	1712932097.69418621063232422	1712932097.84276795387268066
naif	934.0	1712932097.84288430213928223	1712932097.97890591621398926
naif	909.5	1712932097.97901582717895508	1712932098.12266349792480469
naif	900.5	1712932098.12277054786682129	1712932098.25918889045715332
naif	938.5	1712932098.25929951667785645	1712932098.39516353607177734
naif	908.0	1712932098.39527463912963867	1712932098.53098106384277344
naif	900.0	1712932098.53109145164489746	1712932098.66702747344970703
naif	900.0	1712932098.66713809967041016	1712932098.80325174331665039
naif	923.0	1712932098.80336451530456543	1712932098.93909358978271484
naif	932.5	1712932098.93920230865478516	1712932099.07478952407836914
naif	911.5	1712932099.07490277290344238	1712932099.21078824996948242
naif	906.0	1712932099.21090292930603027	1712932099.34720730781555176
naif	920.5	1712932099.34732985496520996	1712932099.48471379280090332
naif	898.0	1712932099.48481893539428711	1712932099.62326049804687500
naif	904.0	1712932099.62338209152221680	1712932099.76241517066955566
naif	891.0	1712932099.76252508163452148	1712932099.90132594108581543
naif	895.0	1712932099.90143465995788574	1712932100.03957056999206543
naif	912.5	1712932100.03969860076904297	1712932100.17758512496948242
naif	908.0	1712932100.17768979072570801	1712932100.31676721572875977
naif	340.5	1712932130.18696546554565430	1712932130.33330917358398438
naif	345.25	1712932130.33342862129211426	1712932130.47287034988403320
naif	353.25	1712932130.47298717498779297	1712932130.60676693916320801
naif	338.75	1712932130.60688519477844238	1712932130.74170827865600586
naif	343.0	1712932130.74182319641113281	1712932130.87574172019958496
naif	354.0	1712932130.87584972381591797	1712932131.01134061813354492
naif	341.25	1712932131.01145768165588379	1712932131.15316724777221680
naif	344.75	1712932131.15328001976013184	1712932131.29216742515563965
naif	337.75	1712932131.29227852821350098	1712932131.43335914611816406
naif	344.75	1712932131.43347311019897461	1712932131.57410287857055664
naif	350.75	1712932131.57422089576721191	1712932131.70892953872680664
naif	344.75	1712932131.70903968811035156	1712932131.84221148490905762
naif	347.5	1712932131.84231996536254883	1712932131.98425841331481934
naif	350.25	1712932131.98437809944152832	1712932132.12494206428527832
naif	345.25	1712932132.12505292892456055	1712932132.26297235488891602
naif	343.0	1712932132.26308035850524902	1712932132.40294909477233887
naif	340.0	1712932132.40305233001708984	1712932132.53962945938110352
naif	341.0	1712932132.53972983360290527	1712932132.68004250526428223
naif	348.5	1712932132.68014836311340332	1712932132.82071852684020996
naif	350.75	1712932132.82082843780517578	1712932132.96125626564025879
naif	128.5	1712932162.89490413665771484	1712932163.04602169990539551
naif	131.125	1712932163.04614424705505371	1712932163.19028377532958984
naif	133.875	1712932163.19039440155029297	1712932163.32569813728332520
naif	130.25	1712932163.32580780982971191	1712932163.46135997772216797
naif	129.125	1712932163.46147108078002930	1712932163.59889602661132812
naif	133.5	1712932163.59901165962219238	1712932163.74030971527099609
naif	129.625	1712932163.74043011665344238	1712932163.87900567054748535
naif	129.25	1712932163.87912583351135254	1712932164.01667118072509766
naif	127.5625	1712932164.01679563522338867	1712932164.15143489837646484
naif	130.5	1712932164.15155768394470215	1712932164.29176521301269531
naif	132.875	1712932164.29187726974487305	1712932164.43387889862060547
naif	129.75	1712932164.43398475646972656	1712932164.57449889183044434
naif	130.625	1712932164.57460832595825195	1712932164.71379756927490234
naif	131.5	1712932164.71391463279724121	1712932164.85172486305236816
naif	129.375	1712932164.85183930397033691	1712932164.99293875694274902
naif	129.5	1712932164.99306464195251465	1712932165.13220047950744629
naif	129.125	1712932165.13231205940246582	1712932165.26813054084777832
naif	129.75	1712932165.26824235916137695	1712932165.41357612609863281
naif	130.625	1712932165.41369962692260742	1712932165.55749011039733887
naif	131.125	1712932165.55761528015136719	1712932165.70019698143005371
naif	18.375	1712932195.59624481201171875	1712932195.75126886367797852
naif	18.359375	1712932195.75139236450195312	1712932195.89502406120300293
naif	19.046875	1712932195.89512848854064941	1712932196.03023314476013184
naif	18.59375	1712932196.03034424781799316	1712932196.16404223442077637
naif	18.5	1712932196.16415238380432129	1712932196.29801583290100098
naif	19.046875	1712932196.29812526702880859	1712932196.43301367759704590
naif	18.609375	1712932196.43313956260681152	1712932196.56786131858825684
naif	18.453125	1712932196.56797122955322266	1712932196.69862985610961914
naif	18.328125	1712932196.69874429702758789	1712932196.82772898674011230
naif	18.84375	1712932196.82784080505371094	1712932196.95794749259948730
naif	18.90625	1712932196.95805859565734863	1712932197.09400200843811035
naif	18.6875	1712932197.09410524368286133	1712932197.23296928405761719
naif	18.515625	1712932197.23308610916137695	1712932197.37117934226989746
naif	18.8125	1712932197.37128424644470215	1712932197.51017975807189941
naif	18.6875	1712932197.51028394699096680	1712932197.64825367927551270
naif	18.390625	1712932197.64836215972900391	1712932197.78608894348144531
naif	18.40625	1712932197.78621101379394531	1712932197.92353844642639160
naif	18.34375	1712932197.92366576194763184	1712932198.06348586082458496
naif	18.796875	1712932198.06360697746276855	1712932198.19454908370971680
naif	19.015625	1712932198.19466090202331543	1712932198.32998204231262207
naif	18.375	1712932228.12131500244140625	1712932228.26226353645324707
naif	18.359375	1712932228.26237726211547852	1712932228.39623904228210449
naif	19.046875	1712932228.39635562896728516	1712932228.52573728561401367
naif	18.59375	1712932228.52585172653198242	1712932228.65495753288269043
naif	18.5	1712932228.65506792068481445	1712932228.78873658180236816
naif	19.046875	1712932228.78884673118591309	1712932228.92401337623596191
naif	18.609375	1712932228.92412281036376953	1712932229.06372904777526855
naif	18.453125	1712932229.06384825706481934	1712932229.20444631576538086
naif	18.328125	1712932229.20457005500793457	1712932229.33941054344177246
naif	18.84375	1712932229.33953094482421875	1712932229.47081041336059570
naif	18.90625	1712932229.47092080116271973	1712932229.60720777511596680
naif	18.6875	1712932229.60732984542846680	1712932229.74343943595886230
naif	18.515625	1712932229.74355387687683105	1712932229.87872409820556641
naif	18.8125	1712932229.87884569168090820	1712932230.01362657546997070
naif	18.6875	1712932230.01374125480651855	1712932230.14811420440673828
naif	18.390625	1712932230.14822411537170410	1712932230.28484463691711426
naif	18.40625	1712932230.28496813774108887	1712932230.42123293876647949
naif	18.34375	1712932230.42134666442871094	1712932230.55650949478149414
naif	18.796875	1712932230.55661916732788086	1712932230.69197368621826172
naif	19.015625	1712932230.69208407402038574	1712932230.82936382293701172
naif	6124.0	1712932260.38840222358703613	1712932260.53017687797546387
naif	6240.0	1712932260.53029131889343262	1712932260.66478586196899414
naif	6480.0	1712932260.66490292549133301	1712932260.80576300621032715
naif	6276.0	1712932260.80586743354797363	1712932260.94735789299011230
naif	6236.0	1712932260.94746613502502441	1712932261.08766078948974609
naif	6412.0	1712932261.08773040771484375	1712932261.22142243385314941
naif	6300.0	1712932261.22153830528259277	1712932261.35488581657409668
naif	6308.0	1712932261.35501027107238770	1712932261.49059891700744629
naif	6212.0	1712932261.49072098731994629	1712932261.62881493568420410
naif	6332.0	1712932261.62893700599670410	1712932261.76972341537475586
naif	6480.0	1712932261.76982593536376953	1712932261.91000056266784668
naif	6388.0	1712932261.91011881828308105	1712932262.04426598548889160
naif	6232.0	1712932262.04437851905822754	1712932262.17407655715942383
naif	6444.0	1712932262.17420005798339844	1712932262.30388069152832031
naif	6248.0	1712932262.30399370193481445	1712932262.43396806716918945
naif	6340.0	1712932262.43408513069152832	1712932262.56931424140930176
naif	6268.0	1712932262.56942248344421387	1712932262.70604181289672852
naif	6276.0	1712932262.70616745948791504	1712932262.84413051605224609
naif	6428.0	1712932262.84424877166748047	1712932262.98052096366882324
naif	6432.0	1712932262.98063230514526367	1712932263.11251997947692871
naif	6.875	1712932292.92184329032897949	1712932293.06269502639770508
naif	6.91015625	1712932293.06280970573425293	1712932293.19716548919677734
naif	7.24609375	1712932293.19728350639343262	1712932293.33150506019592285
naif	6.98828125	1712932293.33162808418273926	1712932293.46767926216125488
naif	6.9453125	1712932293.46773362159729004	1712932293.60424733161926270
naif	7.1484375	1712932293.60435914993286133	1712932293.74147272109985352
naif	7.046875	1712932293.74158310890197754	1712932293.87969231605529785
naif	6.90625	1712932293.87980866432189941	1712932294.01918625831604004
naif	6.875	1712932294.01929092407226562	1712932294.15831208229064941
naif	7.04296875	1712932294.15842151641845703	1712932294.29615712165832520
naif	7.1875	1712932294.29627990722656250	1712932294.43177103996276855
naif	7.1015625	1712932294.43189764022827148	1712932294.56677174568176270
naif	7.046875	1712932294.56687688827514648	1712932294.70234847068786621
naif	7.18359375	1712932294.70246553421020508	1712932294.83787274360656738
naif	7.0546875	1712932294.83799004554748535	1712932294.97309923171997070
naif	7.05078125	1712932294.97321557998657227	1712932295.10810708999633789
naif	6.87890625	1712932295.10821580886840820	1712932295.24375867843627930
naif	6.890625	1712932295.24388122558593750	1712932295.37952327728271484
naif	7.01953125	1712932295.37963294982910156	1712932295.51540994644165039
naif	7.1484375	1712932295.51552343368530273	1712932295.65832328796386719
naif	2342.0	1712932325.15779638290405273	1712932325.30035257339477539
naif	2416.0	1712932325.30046796798706055	1712932325.43553519248962402
naif	2448.0	1712932325.43566465377807617	1712932325.57028794288635254
naif	2380.0	1712932325.57041192054748535	1712932325.70359849929809570
naif	2390.0	1712932325.70372629165649414	1712932325.83757567405700684
naif	2448.0	1712932325.83769488334655762	1712932325.97561001777648926
naif	2382.0	1712932325.97572660446166992	1712932326.11667871475219727
naif	2378.0	1712932326.11679840087890625	1712932326.25582933425903320
naif	2342.0	1712932326.25594973564147949	1712932326.38945770263671875
naif	2400.0	1712932326.38957214355468750	1712932326.52328944206237793
naif	2468.0	1712932326.52339887619018555	1712932326.65726304054260254
naif	2412.0	1712932326.65737390518188477	1712932326.79110074043273926
naif	2406.0	1712932326.79120659828186035	1712932326.92479610443115234
naif	2426.0	1712932326.92491555213928223	1712932327.05903816223144531
naif	2386.0	1712932327.05915951728820801	1712932327.19289708137512207
naif	2378.0	1712932327.19301295280456543	1712932327.32804107666015625
naif	2380.0	1712932327.32815289497375488	1712932327.46237897872924805
naif	2362.0	1712932327.46250295639038086	1712932327.59904479980468750
naif	2444.0	1712932327.59916210174560547	1712932327.73780560493469238
naif	2414.0	1712932327.73792076110839844	1712932327.87264204025268555
naif	340.5	1712932357.77288436889648438	1712932357.92099785804748535
naif	345.25	1712932357.92110967636108398	1712932358.06617736816406250
naif	353.25	1712932358.06628870964050293	1712932358.20273232460021973
naif	338.75	1712932358.20284318923950195	1712932358.33914947509765625
naif	343.0	1712932358.33925890922546387	1712932358.47627282142639160
naif	354.0	1712932358.47638392448425293	1712932358.61298942565917969
naif	341.25	1712932358.61310362815856934	1712932358.75404906272888184
naif	344.75	1712932358.75416803359985352	1712932358.89186477661132812
naif	337.75	1712932358.89198565483093262	1712932359.03052043914794922
naif	344.75	1712932359.03063249588012695	1712932359.16705632209777832
naif	350.75	1712932359.16718125343322754	1712932359.30708789825439453
naif	344.75	1712932359.30719470977783203	1712932359.44718551635742188
naif	347.5	1712932359.44730091094970703	1712932359.59024262428283691
naif	350.25	1712932359.59035158157348633	1712932359.73139262199401855
naif	345.25	1712932359.73149609565734863	1712932359.87228560447692871
naif	343.0	1712932359.87239527702331543	1712932360.01327490806579590
naif	340.0	1712932360.01339340209960938	1712932360.15274572372436523
naif	341.0	1712932360.15285468101501465	1712932360.28936600685119629
naif	348.5	1712932360.28947544097900391	1712932360.42507815361022949
naif	350.75	1712932360.42520236968994141	1712932360.56042933464050293
naif	18.375	1712932390.44695091247558594	1712932390.59363484382629395
naif	18.359375	1712932390.59373950958251953	1712932390.73448443412780762
naif	19.046875	1712932390.73459911346435547	1712932390.87402653694152832
naif	18.59375	1712932390.87415003776550293	1712932391.00894522666931152
naif	18.5	1712932391.00905156135559082	1712932391.14392638206481934
naif	19.046875	1712932391.14403486251831055	1712932391.27891302108764648
naif	18.609375	1712932391.27902054786682129	1712932391.41721963882446289
naif	18.453125	1712932391.41734194755554199	1712932391.55251312255859375
naif	18.328125	1712932391.55262541770935059	1712932391.68787217140197754
naif	18.84375	1712932391.68798470497131348	1712932391.82285809516906738
naif	18.90625	1712932391.82296013832092285	1712932391.95796537399291992
naif	18.6875	1712932391.95807480812072754	1712932392.09147572517395020
naif	18.515625	1712932392.09159469604492188	1712932392.23702478408813477
naif	18.8125	1712932392.23714590072631836	1712932392.37360286712646484
naif	18.6875	1712932392.37372589111328125	1712932392.51716899871826172
naif	18.390625	1712932392.51728415489196777	1712932392.66281437873840332
naif	18.40625	1712932392.66292929649353027	1712932392.80495572090148926
naif	18.34375	1712932392.80506563186645508	1712932392.94102787971496582
naif	18.796875	1712932392.94113850593566895	1712932393.07743883132934570
naif	19.015625	1712932393.07755732536315918	1712932393.21349596977233887
naif	2342.0	1712932422.72151541709899902	1712932422.87094759941101074
naif	2416.0	1712932422.87105870246887207	1712932423.01765608787536621
naif	2448.0	1712932423.01777458190917969	1712932423.16061186790466309
naif	2380.0	1712932423.16072201728820801	1712932423.30389666557312012
naif	2390.0	1712932423.30401563644409180	1712932423.44731140136718750
naif	2448.0	1712932423.44741702079772949	1712932423.59021472930908203
naif	2382.0	1712932423.59032368659973145	1712932423.72627234458923340
naif	2378.0	1712932423.72639393806457520	1712932423.86213707923889160
naif	2342.0	1712932423.86226606369018555	1712932423.99573349952697754
naif	2400.0	1712932423.99584150314331055	1712932424.12827014923095703
naif	2468.0	1712932424.12838077545166016	1712932424.26401495933532715
naif	2412.0	1712932424.26412367820739746	1712932424.40265250205993652
naif	2406.0	1712932424.40277266502380371	1712932424.54627585411071777
naif	2426.0	1712932424.54639983177185059	1712932424.68775105476379395
naif	2386.0	1712932424.68787145614624023	1712932424.82920098304748535
naif	2378.0	1712932424.82931375503540039	1712932424.97067928314208984
naif	2380.0	1712932424.97078537940979004	1712932425.10744404792785645
naif	2362.0	1712932425.10756778717041016	1712932425.24238419532775879
naif	2444.0	1712932425.24249505996704102	1712932425.37238025665283203
naif	2414.0	1712932425.37249135971069336	1712932425.50206661224365234
naif	340.5	1712932455.48083090782165527	1712932455.62921953201293945
naif	345.25	1712932455.62933015823364258	1712932455.77108192443847656
naif	353.25	1712932455.77120399475097656	1712932455.90684390068054199
naif	338.75	1712932455.90696644783020020	1712932456.04325914382934570
naif	343.0	1712932456.04336905479431152	1712932456.17955780029296875
naif	354.0	1712932456.17968964576721191	1712932456.31600046157836914
naif	341.25	1712932456.31611227989196777	1712932456.45176935195922852
naif	344.75	1712932456.45187830924987793	1712932456.58774876594543457
naif	337.75	1712932456.58786940574645996	1712932456.72151780128479004
naif	344.75	1712932456.72162795066833496	1712932456.85990786552429199
naif	350.75	1712932456.86001467704772949	1712932457.00013446807861328
naif	344.75	1712932457.00024628639221191	1712932457.13577246665954590
naif	347.5	1712932457.13588333129882812	1712932457.27282738685607910
naif	350.25	1712932457.27293467521667480	1712932457.40827178955078125
naif	345.25	1712932457.40838551521301270	1712932457.54578185081481934
naif	343.0	1712932457.54589009284973145	1712932457.68570709228515625
naif	340.0	1712932457.68582439422607422	1712932457.82512354850769043
naif	341.0	1712932457.82524013519287109	1712932457.96559810638427734
naif	348.5	1712932457.96570873260498047	1712932458.10275650024414062
naif	350.75	1712932458.10286307334899902	1712932458.24116516113281250
naif	128.5	1712932488.02532982826232910	1712932488.16731429100036621
naif	131.125	1712932488.16742467880249023	1712932488.30270838737487793
naif	133.875	1712932488.30282211303710938	1712932488.43284487724304199
naif	130.25	1712932488.43295693397521973	1712932488.56240630149841309
naif	129.125	1712932488.56252336502075195	1712932488.69198751449584961
naif	133.5	1712932488.69209885597229004	1712932488.82662653923034668
naif	129.625	1712932488.82673859596252441	1712932488.96171569824218750
naif	129.25	1712932488.96182155609130859	1712932489.09831714630126953
naif	127.5625	1712932489.09844231605529785	1712932489.23733782768249512
naif	130.5	1712932489.23745441436767578	1712932489.37928652763366699
naif	132.875	1712932489.37939977645874023	1712932489.52096271514892578
naif	129.75	1712932489.52108263969421387	1712932489.65719819068908691
naif	130.625	1712932489.65732026100158691	1712932489.79482769966125488
naif	131.5	1712932489.79494261741638184	1712932489.93693184852600098
naif	129.375	1712932489.93705010414123535	1712932490.07500529289245605
naif	129.5	1712932490.07512831687927246	1712932490.21140289306640625
naif	129.125	1712932490.21151208877563477	1712932490.34755015373229980
naif	129.75	1712932490.34768176078796387	1712932490.48401498794555664
naif	130.625	1712932490.48412370681762695	1712932490.62081837654113770
naif	131.125	1712932490.62092638015747070	1712932490.75673055648803711
naif	340.5	1712932520.55592703819274902	1712932520.70704436302185059
naif	345.25	1712932520.70715761184692383	1712932520.85275530815124512
naif	353.25	1712932520.85286116600036621	1712932520.99092864990234375
naif	338.75	1712932520.99104285240173340	1712932521.12559318542480469
naif	343.0	1712932521.12571501731872559	1712932521.26432180404663086
naif	354.0	1712932521.26442456245422363	1712932521.40447163581848145
naif	341.25	1712932521.40458035469055176	1712932521.54402756690979004
naif	344.75	1712932521.54413604736328125	1712932521.68442964553833008
naif	337.75	1712932521.68453931808471680	1712932521.82477498054504395
naif	344.75	1712932521.82488918304443359	1712932521.96431708335876465
naif	350.75	1712932521.96442842483520508	1712932522.10483837127685547
naif	344.75	1712932522.10496068000793457	1712932522.24042057991027832
naif	347.5	1712932522.24053120613098145	1712932522.37891912460327148
naif	350.25	1712932522.37903118133544922	1712932522.51396703720092773
naif	345.25	1712932522.51407670974731445	1712932522.64928054809570312
naif	343.0	1712932522.64939665794372559	1712932522.77893018722534180
naif	340.0	1712932522.77904582023620605	1712932522.91270804405212402
naif	341.0	1712932522.91281843185424805	1712932523.04718828201293945
naif	348.5	1712932523.04730796813964844	1712932523.18217515945434570
naif	350.75	1712932523.18231177330017090	1712932523.31535005569458008
naif	895.0	1712932553.00482892990112305	1712932553.15227293968200684
naif	897.5	1712932553.15238571166992188	1712932553.30218935012817383
naif	934.0	1712932553.30230569839477539	1712932553.44106984138488770
naif	909.5	1712932553.44118189811706543	1712932553.58023715019226074
naif	900.5	1712932553.58035540580749512	1712932553.72418045997619629
naif	938.5	1712932553.72430443763732910	1712932553.85757088661193848
naif	908.0	1712932553.85768008232116699	1712932553.99242949485778809
naif	900.0	1712932553.99254012107849121	1712932554.12502932548522949
naif	900.0	1712932554.12514472007751465	1712932554.25469899177551270
naif	923.0	1712932554.25481700897216797	1712932554.38411569595336914
naif	932.5	1712932554.38422775268554688	1712932554.51354598999023438
naif	911.5	1712932554.51366209983825684	1712932554.64701437950134277
naif	906.0	1712932554.64713692665100098	1712932554.78518128395080566
naif	920.5	1712932554.78528714179992676	1712932554.92054176330566406
naif	898.0	1712932554.92065978050231934	1712932555.05560183525085449
naif	904.0	1712932555.05572652816772461	1712932555.19103240966796875
naif	891.0	1712932555.19114112854003906	1712932555.32601952552795410
naif	895.0	1712932555.32612872123718262	1712932555.46123313903808594
naif	912.5	1712932555.46134018898010254	1712932555.59637308120727539
naif	908.0	1712932555.59648895263671875	1712932555.73159599304199219
naif	895.0	1712932585.23778080940246582	1712932585.38180017471313477
naif	897.5	1712932585.38191032409667969	1712932585.52027702331542969
naif	934.0	1712932585.52038598060607910	1712932585.65665435791015625
naif	909.5	1712932585.65677237510681152	1712932585.79991006851196289
naif	900.5	1712932585.80002379417419434	1712932585.93634176254272461
naif	938.5	1712932585.93645334243774414	1712932586.07265734672546387
naif	908.0	1712932586.07276916503906250	1712932586.20917177200317383
naif	900.0	1712932586.20928382873535156	1712932586.34848999977111816
naif	900.0	1712932586.34861016273498535	1712932586.49037528038024902
naif	923.0	1712932586.49048471450805664	1712932586.63211917877197266
naif	932.5	1712932586.63223266601562500	1712932586.76742577552795410
naif	911.5	1712932586.76753592491149902	1712932586.91014432907104492
naif	906.0	1712932586.91025996208190918	1712932587.05507040023803711
naif	920.5	1712932587.05518627166748047	1712932587.19598317146301270
naif	898.0	1712932587.19610309600830078	1712932587.33855533599853516
naif	904.0	1712932587.33866500854492188	1712932587.47589111328125000
naif	891.0	1712932587.47600865364074707	1712932587.62039756774902344
naif	895.0	1712932587.62052035331726074	1712932587.76501154899597168
naif	912.5	1712932587.76513028144836426	1712932587.90095138549804688
naif	908.0	1712932587.90105962753295898	1712932588.03614664077758789
naif	340.5	1712932618.03893280029296875	1712932618.19259595870971680
naif	345.25	1712932618.19270968437194824	1712932618.33942866325378418
naif	353.25	1712932618.33953499794006348	1712932618.48075675964355469
naif	338.75	1712932618.48087215423583984	1712932618.61565613746643066
naif	343.0	1712932618.61573386192321777	1712932618.75358033180236816
naif	354.0	1712932618.75369596481323242	1712932618.89313602447509766
naif	341.25	1712932618.89325237274169922	1712932619.03302121162414551
naif	344.75	1712932619.03314280509948730	1712932619.17547178268432617
naif	337.75	1712932619.17559361457824707	1712932619.31364917755126953
naif	344.75	1712932619.31377339363098145	1712932619.45032405853271484
naif	350.75	1712932619.45045161247253418	1712932619.58550477027893066
naif	344.75	1712932619.58562755584716797	1712932619.71542859077453613
naif	347.5	1712932619.71554493904113770	1712932619.84867954254150391
naif	350.25	1712932619.84878873825073242	1712932619.98657250404357910
naif	345.25	1712932619.98669219017028809	1712932620.12474608421325684
naif	343.0	1712932620.12485599517822266	1712932620.25413990020751953
naif	340.0	1712932620.25425124168395996	1712932620.38674759864807129
naif	341.0	1712932620.38686203956604004	1712932620.52403759956359863
naif	348.5	1712932620.52415609359741211	1712932620.66755294799804688
naif	350.75	1712932620.66768121719360352	1712932620.80561494827270508
naif	16288.0	1712932650.61505627632141113	1712932650.76226472854614258
naif	16576.0	1712932650.76237702369689941	1712932650.90123033523559570
naif	17056.0	1712932650.90134167671203613	1712932651.03078794479370117
naif	16608.0	1712932651.03089928627014160	1712932651.16144919395446777
naif	16496.0	1712932651.16155934333801270	1712932651.29667162895202637
naif	16640.0	1712932651.29679298400878906	1712932651.43324875831604004
naif	16480.0	1712932651.43335580825805664	1712932651.57146787643432617
naif	16304.0	1712932651.57158613204956055	1712932651.71101307868957520
naif	16384.0	1712932651.71111750602722168	1712932651.84943056106567383
naif	16464.0	1712932651.84954571723937988	1712932651.98832917213439941
naif	16992.0	1712932651.98845195770263672	1712932652.12802100181579590
naif	16944.0	1712932652.12813091278076172	1712932652.26736974716186523
naif	16400.0	1712932652.26747798919677734	1712932652.40776824951171875
naif	16880.0	1712932652.40788030624389648	1712932652.55157017707824707
naif	16312.0	1712932652.55169439315795898	1712932652.69192790985107422
naif	16704.0	1712932652.69204044342041016	1712932652.83508849143981934
naif	16464.0	1712932652.83519434928894043	1712932652.97425460815429688
naif	16336.0	1712932652.97436356544494629	1712932653.10988926887512207
naif	16704.0	1712932653.11001181602478027	1712932653.24525380134582520
naif	16832.0	1712932653.24535870552062988	1712932653.38082242012023926
naif	6124.0	1712932683.25113368034362793	1712932683.40418362617492676
naif	6240.0	1712932683.40430617332458496	1712932683.54299521446228027
naif	6480.0	1712932683.54311108589172363	1712932683.68125510215759277
naif	6276.0	1712932683.68137550354003906	1712932683.82303023338317871
naif	6236.0	1712932683.82315063476562500	1712932683.96320819854736328
naif	6412.0	1712932683.96332931518554688	1712932684.09934473037719727
naif	6300.0	1712932684.09946131706237793	1712932684.23890805244445801
naif	6308.0	1712932684.23901867866516113	1712932684.37999057769775391
naif	6212.0	1712932684.38010811805725098	1712932684.52217149734497070
naif	6332.0	1712932684.52228832244873047	1712932684.66401076316833496
naif	6480.0	1712932684.66412925720214844	1712932684.80694723129272461
naif	6388.0	1712932684.80706310272216797	1712932684.94898033142089844
naif	6232.0	1712932684.94909524917602539	1712932685.09103012084960938
naif	6444.0	1712932685.09114360809326172	1712932685.23047900199890137
naif	6248.0	1712932685.23059582710266113	1712932685.36455106735229492
naif	6340.0	1712932685.36465764045715332	1712932685.50682544708251953
naif	6268.0	1712932685.50693035125732422	1712932685.64375662803649902
naif	6276.0	1712932685.64388322830200195	1712932685.78004741668701172
naif	6428.0	1712932685.78016710281372070	1712932685.92003703117370605
naif	6432.0	1712932685.92014908790588379	1712932686.05804061889648438
naif	6.875	1712932715.78816270828247070	1712932715.92921543121337891
naif	6.91015625	1712932715.92932534217834473	1712932716.06651759147644043
naif	7.24609375	1712932716.06663465499877930	1712932716.20199966430664062
naif	6.98828125	1712932716.20211505889892578	1712932716.33721184730529785
naif	6.9453125	1712932716.33732247352600098	1712932716.47305011749267578
naif	7.1484375	1712932716.47316050529479980	1712932716.60910487174987793
naif	7.046875	1712932716.60921454429626465	1712932716.74571204185485840
naif	6.90625	1712932716.74583339691162109	1712932716.88275170326232910
naif	6.875	1712932716.88285923004150391	1712932717.01839375495910645
naif	7.04296875	1712932717.01850366592407227	1712932717.15415167808532715
naif	7.1875	1712932717.15426564216613770	1712932717.28995704650878906
naif	7.1015625	1712932717.29007434844970703	1712932717.42264151573181152
naif	7.046875	1712932717.42275452613830566	1712932717.55193567276000977
naif	7.18359375	1712932717.55204558372497559	1712932717.68096661567687988
naif	7.0546875	1712932717.68107652664184570	1712932717.81090688705444336
naif	7.05078125	1712932717.81102037429809570	1712932717.94035911560058594
naif	6.87890625	1712932717.94047522544860840	1712932718.06941890716552734
naif	6.890625	1712932718.06953620910644531	1712932718.19860005378723145
naif	7.01953125	1712932718.19870948791503906	1712932718.32815456390380859
naif	7.1484375	1712932718.32826948165893555	1712932718.46035146713256836
naif	6124.0	1712932748.35382366180419922	1712932748.50066590309143066
naif	6240.0	1712932748.50077342987060547	1712932748.64138364791870117
naif	6480.0	1712932748.64149355888366699	1712932748.77739143371582031
naif	6276.0	1712932748.77749419212341309	1712932748.91400814056396484
naif	6236.0	1712932748.91412353515625000	1712932749.04908108711242676
naif	6412.0	1712932749.04919290542602539	1712932749.18452239036560059
naif	6300.0	1712932749.18463206291198730	1712932749.32006072998046875
naif	6308.0	1712932749.32016587257385254	1712932749.45527911186218262
naif	6212.0	1712932749.45539760589599609	1712932749.59052586555480957
naif	6332.0	1712932749.59063482284545898	1712932749.72651576995849609
naif	6480.0	1712932749.72662401199340820	1712932749.86183524131774902
naif	6388.0	1712932749.86195755004882812	1712932750.00103950500488281
naif	6232.0	1712932750.00115036964416504	1712932750.13704061508178711
naif	6444.0	1712932750.13716578483581543	1712932750.27239394187927246
naif	6248.0	1712932750.27251625061035156	1712932750.40809988975524902
naif	6340.0	1712932750.40821385383605957	1712932750.54348063468933105
naif	6268.0	1712932750.54359006881713867	1712932750.67754578590393066
naif	6276.0	1712932750.67765855789184570	1712932750.80721592903137207
naif	6428.0	1712932750.80733060836791992	1712932750.93690848350524902
naif	6432.0	1712932750.93702483177185059	1712932751.06657433509826660
naif	895.0	1712932780.60582876205444336	1712932780.75700974464416504
naif	897.5	1712932780.75712919235229492	1712932780.90469861030578613
naif	934.0	1712932780.90481972694396973	1712932781.04755282402038574
naif	909.5	1712932781.04768276214599609	1712932781.18966078758239746
naif	900.5	1712932781.18978238105773926	1712932781.33070278167724609
naif	938.5	1712932781.33081102371215820	1712932781.46458435058593750
naif	908.0	1712932781.46469283103942871	1712932781.59899616241455078
naif	900.0	1712932781.59910798072814941	1712932781.73585748672485352
naif	900.0	1712932781.73596882820129395	1712932781.87085413932800293
naif	923.0	1712932781.87096953392028809	1712932782.00559306144714355
naif	932.5	1712932782.00570249557495117	1712932782.14096856117248535
naif	911.5	1712932782.14109349250793457	1712932782.27568292617797852
naif	906.0	1712932782.27579450607299805	1712932782.40566968917846680
naif	920.5	1712932782.40578031539916992	1712932782.53521084785461426
naif	898.0	1712932782.53532576560974121	1712932782.67004466056823730
naif	904.0	1712932782.67016124725341797	1712932782.80561375617980957
naif	891.0	1712932782.80572700500488281	1712932782.94113063812255859
naif	895.0	1712932782.94125342369079590	1712932783.07042241096496582
naif	912.5	1712932783.07053446769714355	1712932783.19960188865661621
naif	908.0	1712932783.19972348213195801	1712932783.32851791381835938
