0.00000000000000000
0.00000012427272885
0.00000019372139429
0.00000034653945476
0.00000008586790515
0.00000025390334894
0.00000058878253124
0.00000014106757138
0.00000045430089680
0.00000075970251459
0.00000044322691401
0.00000139484377014
0.00000122403965415
0.00000128580231777
0.00000237126953862
0.00000217742934689
0.00000236816570607
0.00000258233988733
0.00000190351002480
0.00000120477603107
0.00000105260447071
0.00000287515707045
0.00000206691617742
0.00000262948255563
0.00000356492905669
0.00000328972207143
0.00000680964167477
0.00000253014146119
0.00000294186039640
0.00000303620489946
0.00000435336014972
0.00000384682415006
0.00000466562205607
0.00000491164833043
0.00000025363373828
0.00000470554904113
0.00000381699482320
0.00000844119636689
0.00000365695173784
0.00000561803462214
0.00000594853562078
0.00000214027156032
0.00000457596611845
0.00000455978560651
0.00000535683821411
0.00000979664029700
0.00000690546663382
0.00000691129996645
0.00000431042726338
0.00000736464287436
0.00000026747520977
0.00000540304104951
0.00000782351904873
0.00000479620224290
0.00000744433345609
0.00000595597954215
0.00000431962968640
0.00000544396828889
0.00000195996411331
0.00000888087671930
