0.00000000000000000
0.00000012427272885
0.00000019372139429
0.00000012435603395
0.00000041494722221
0.00000070431703040
0.00000058878253124
0.00000100767769556
0.00000116068430854
0.00000029837109432
0.00000119993146527
0.00000179355915675
0.00000020237002470
0.00000195956501457
0.00000218227090181
0.00000349822225778
0.00000236816570607
0.00000248279663218
0.00000018342607087
0.00000203617668126
0.00000295815336178
0.00000225427282151
0.00000156039484435
0.00000250522274552
0.00000493985433944
0.00000252594310370
0.00000239202910384
0.00000298750328374
0.00000311763029021
0.00000037629159260
0.00000233124969150
0.00000437288884400
0.00000417544390441
0.00000127200399943
0.00000357849531010
0.00000489917713937
0.00000325318427624
0.00000417273495577
0.00000556910552827
0.00000508352088942
0.00000491092974043
0.00000250283038989
0.00000436482476669
0.00000650672280800
0.00000466831356043
0.00000479239052413
0.00000684070448120
0.00000342265703433
0.00000720967168348
0.00000440310994795
0.00000515404787309
0.00000741589986400
0.00000397949648770
0.00000799763104039
0.00000678631058668
0.00000589211136095
0.00000469157523050
0.00000296041590486
0.00000539109975530
0.00000616417714589
