0.00000000000000000
0.00000012427272885
0.00000003200289073
0.00000053489765024
0.00000041494722221
0.00000012614063170
0.00000000645312430
0.00000109433870798
0.00000105974773320
0.00000088618976593
0.00000140532626268
0.00000187330223407
0.00000150267682582
0.00000152684937026
0.00000123727771778
0.00000232418411477
0.00000019577682184
0.00000228371012188
0.00000157471680132
0.00000284641485934
0.00000295815336178
0.00000278356010809
0.00000334714359687
0.00000337504141631
0.00000251368798283
0.00000236258704351
0.00000153473762588
0.00000344486510628
0.00000334138725485
0.00000440924199230
0.00000363069962635
0.00000268948182340
0.00000484943886294
0.00000569666965672
0.00000315434937283
0.00000509280523761
0.00000396359072481
0.00000509209587509
0.00000572207783150
0.00000918145950689
0.00000584477503274
0.00000154574320707
0.00000253493305138
0.00000585092971677
0.00000086938932456
0.00000679409043328
0.00000431498052866
0.00000229120188826
0.00000526586491213
0.00000522173623124
0.00001159002162477
0.00000417539055046
0.00000111358555885
0.00000724435367628
0.00000557993532609
0.00000458227035598
0.00000588180097162
0.00000535732515287
0.00000510413867902
0.00000357830851281
