0.00000000000000000
0.00000005484948361
0.00000027458064607
0.00000044071855250
0.00000063433343358
0.00000050942878343
0.00000060168877984
0.00000011891546587
0.00000075711062280
0.00000088618976593
0.00000140532626268
0.00000107587146086
0.00000122403965415
0.00000369042759182
0.00000211927135621
0.00000151703289145
0.00000168444769863
0.00000407548871457
0.00000109192376537
0.00000284641485934
0.00000209308794693
0.00000260036618338
0.00000228028741400
0.00000070345549888
0.00000233473275107
0.00000252594310370
0.00000366822829100
0.00000390222692883
0.00000340797506460
0.00000433168525385
0.00000408236245346
0.00000016437129250
0.00000017488719156
0.00000719534673419
0.00000083548451335
0.00000364059450083
0.00000539566435468
0.00000404139768158
0.00000365695173784
0.00000355778445610
0.00000356204209599
0.00000571516974722
0.00000436235110629
0.00001003161067337
0.00000659804748144
0.00000477128681958
0.00000425021837604
0.00000638328756495
0.00000176260640934
0.00000654601659107
0.00000467730907666
0.00000484776965241
0.00000782351904873
0.00000630275697113
0.00000590894676079
0.00000039944777768
0.00000847529703061
0.00000812990550545
0.00000619842578871
0.00000864579775265
