0.00000000000000000
0.00000012427272885
0.00000019372139429
0.00000053489765024
0.00000085371964496
0.00000070431703040
0.00000060168877984
0.00000100767769556
0.00000085804719813
0.00000123888096890
0.00000113146653280
0.00000107719162682
0.00000113116059693
0.00000131049154810
0.00000142627635458
0.00000144365550751
0.00000142805344583
0.00000110076055321
0.00000180659858973
0.00000257633546665
0.00000185716101560
0.00000076842693625
0.00000238697303228
0.00000227877994384
0.00000150058514291
0.00000354257707904
0.00000241826014007
0.00000024333234846
0.00000414044097177
0.00000187285382262
0.00000480502297683
0.00000447810178279
0.00000429798844233
0.00000491164833043
0.00000016197395820
0.00000509280523761
0.00000528290224529
0.00000397572904449
0.00000414463572713
0.00000463809277883
0.00000428836621223
0.00000485946278215
0.00000154713308275
0.00000396552457949
0.00000466831356043
0.00000601565157972
0.00000437974268129
0.00000508212458190
0.00000571612152767
0.00000715998630354
0.00000193606099724
0.00000313425668089
0.00000935952791991
0.00000799763104039
0.00000810235632551
0.00000736107952857
0.00000454279701286
0.00000830319177749
0.00000216179562167
0.00000852825826933
