0.00000000000000000
0.00000012427272885
0.00000027458064607
0.00000044071855250
0.00000063433343358
0.00000057655431315
0.00000006795133264
0.00000014106757138
0.00000015131855520
0.00000100375350026
0.00000105941130624
0.00000155432992478
0.00000168843494027
0.00000074490776238
0.00000048128317055
0.00000232418411477
0.00000147774808580
0.00000238325337703
0.00000296600753177
0.00000277889501117
0.00000160310064379
0.00000205078440924
0.00000230719417236
0.00000045493587865
0.00000255182621677
0.00000345829207650
0.00000317738244978
0.00000390222692883
0.00000414044097177
0.00000440924199230
0.00000444369271514
0.00000321554651734
0.00000307254306318
0.00000491164833043
0.00000307122783354
0.00000402785069730
0.00000517014013590
0.00000390450740681
0.00000411586864754
0.00000552894900002
0.00000376956327206
0.00000378152265613
0.00000408082930394
0.00000142432635097
0.00000039200114482
0.00000668288488277
0.00000436314792362
0.00000706216065260
0.00000510113028704
0.00000593204687860
0.00000503486317398
0.00000470895180314
0.00000782351904873
0.00000762099235834
0.00000799268584727
0.00000672239771656
0.00000580741186280
0.00000847647804952
0.00000629934154289
0.00000782302136940
