0.00011465692520141602
0.00012327313423156737
0.00011546897888183594
0.00011589360237121582
0.000119096040725708
0.00012042689323425294
0.00011896586418151855
0.0001151437759399414
0.00011493706703186036
0.00011398124694824219
0.00011686897277832032
0.00011449289321899414
0.0001145632266998291
0.00011617112159729004
0.00012107276916503906
0.00011380672454833984
0.00011441278457641602
0.00012333202362060548
0.00012432289123535156
0.000120682954788208
0.00011766409873962402
0.00012020492553710937
0.00011193490028381347
0.0001145479679107666
0.00012025880813598632
0.00011752986907958985
0.00012207102775573731
0.00012462282180786133
0.00011725497245788574
0.0001219778060913086
0.00012309503555297852
0.00012820601463317871
0.00012372517585754395
