2.029991149902344e-05
2.0093917846679688e-05
1.9958019256591795e-05
2.0109176635742186e-05
2.084803581237793e-05
1.98211669921875e-05
2.037501335144043e-05
2.0533084869384766e-05
2.0251274108886718e-05
2.099490165710449e-05
1.9919872283935546e-05
1.9890308380126954e-05
1.962709426879883e-05
2.0889759063720702e-05
2.079916000366211e-05
2.00502872467041e-05
1.9857883453369142e-05
1.9683837890625e-05
2.106332778930664e-05
2.0241975784301757e-05
2.0323991775512696e-05
2.047276496887207e-05
2.1134138107299805e-05
2.0720005035400392e-05
2.098679542541504e-05
2.0988941192626955e-05
2.4474143981933594e-05
2.3684024810791014e-05
2.0750999450683594e-05
2.0533084869384766e-05
2.2614717483520506e-05
2.2749900817871094e-05
2.053380012512207e-05
