0	1.000000	1.000000
1	1.349076	1.349076
2	1.820005	1.820005
3	2.455325	2.455325
4	3.312419	3.312419
5	4.468703	4.468703
6	6.028619	6.028619
7	8.133063	8.133063
8	10.972118	10.972118
9	14.802217	14.802217
10	19.969311	19.969311
11	26.940111	26.940111
12	36.344249	36.344249
13	49.031141	49.031141
14	66.146719	66.146719
15	89.236929	89.236929
16	120.387369	120.387369
17	162.411670	162.411670
18	219.105632	219.105632
19	295.590075	295.590075
20	398.773377	398.773377
21	537.975458	537.975458
22	725.769597	725.769597
23	979.118101	979.118101
24	1320.904401	1320.904401
25	1781.999980	1781.999980
26	2404.052805	2404.052805
27	3243.249131	3243.249131
28	4375.388472	4375.388472
29	5902.730104	5902.730104
30	7963.229528	7963.229528
31	10742.999156	10742.999156
32	14493.118709	14493.118709
33	19552.313731	19552.313731
34	26377.550610	26377.550610
35	35585.311578	35585.311578
36	48007.277811	48007.277811
37	64765.450142	64765.450142
38	87373.492590	87373.492590
39	117873.452445	117873.452445
40	159020.206009	159020.206009
41	214530.289854	214530.289854
42	289417.593020	289417.593020
43	390446.231190	390446.231190
44	526741.508212	526741.508212
45	710614.149427	710614.149427
46	958672.254782	958672.254782
47	1293321.407729	1293321.407729
48	1744788.435617	1744788.435617
49	2353851.615593	2353851.615593
50	3175523.928933	3175523.928933
51	4284022.049829	4284022.049829
52	5779469.887223	5779469.887223
53	7796942.169952	7796942.169952
54	10518664.927378	10518664.927378
55	14190474.860883	14190474.860883
56	19144024.281372	19144024.281372
57	25826737.250072	25826737.250072
58	34842222.679026	34842222.679026
59	47004794.661449	47004794.661449
60	63413024.522543	63413024.522543
61	85548968.101219	85548968.101219
62	115412030.860973	115412030.860974
63	155699562.053098	155699562.053099
64	210050489.907150	210050489.907151
65	283374003.937064	283374003.937062
66	382292972.241193	382292972.241192
67	515742144.990351	515742144.990350
68	695775176.195057	695775176.195057
69	938653357.131246	938653357.131246
70	1266314400.108399	1266314400.108390
71	1708353938.905346	1708353938.905347
72	2304698722.784474	2304698722.784485
73	3109212957.478768	3109212957.478768
74	4194563532.049954	4194563532.049949
75	5658783578.037852	5658783578.037844
76	7634127207.371514	7634127207.371514
77	10299015223.787411	10299015223.787392
78	13894150791.381077	13894150791.381104
79	18744260690.843365	18744260690.843346
80	25287425919.131771	25287425919.131802
81	34114650887.668949	34114650887.669090
82	46023245264.636665	46023245264.636612
83	62088840119.261650	62088840119.261490
84	83762543149.414749	83762543149.414536
85	113002008434.700424	113002008434.699615
86	152448259450.505157	152448259450.503937
87	205664236692.910614	205664236692.909149
88	277456616473.934509	277456616473.934509
89	374309968826.083923	374309968826.083313
90	504972469365.301636	504972469365.304382
91	681246068910.790771	681246068910.796387
92	919052492088.782104	919052492088.779907
93	1239871350105.665283	1239871350105.672852
94	1672680263690.904785	1672680263690.910645
95	2256572235742.546875	2256572235742.547852
96	3044286685064.337891	3044286685064.356934
97	4106973078045.688965	4106973078045.717285
98	5540617428228.710938	5540617428228.739258
99	7474712130472.411133	7474712130472.342773
100	10083952223225.947266	10083952223225.953125
101	13604014531309.703125	13604014531309.689453
102	18352844923424.328125	18352844923424.355469
103	24759376433188.421875	24759376433188.441406
104	33402272177317.730469	33402272177318.105469
105	45062192483655.578125	45062192483655.343750
106	60792307201571.851562	60792307201571.851562
107	82013422143868.109375	82013422143867.984375
108	110642311854457.734375	110642311854457.593750
109	149264850222011.812500	149264850222011.343750
110	201369576777348.843750	201369576777348.781250
111	271662795300945.093750	271662795300944.781250
112	366493665685771.937500	366493665685770.625000
113	494427685023998.375000	494427685023997.062500
114	667020356984250.125000	667020356984248.500000
115	899860930339695.375000	899860930339684.500000
116	1213980481214816.500000	1213980481214822.500000
117	1637751522576081.750000	1637751522576098.250000
118	2209450721164966.750000	2209450721164942.250000
119	2980716196543538.000000	2980716196543542.000000
120	4021211679096630.000000	4021211679096615.000000
121	5424918812080845.000000	5424918812080852.000000
122	7318625943183382.000000	7318625943183341.000000
123	9873380146622312.000000	9873380146622340.000000
124	13319936867454262.000000	13319936867454222.000000
125	17969602660712192.000000	17969602660712314.000000
126	24242353623526544.000000	24242353623526616.000000
127	32704769287582044.000000	32704769287581932.000000
128	44121208310233696.000000	44121208310233720.000000
129	59522848353930936.000000	59522848353931368.000000
130	80300826107323072.000000	80300826107322848.000000
131	108331890220987600.000000	108331890220988176.000000
132	146147916625005504.000000	146147916625004800.000000
133	197164597518409280.000000	197164597518409216.000000
134	265989960119247744.000000	265989960119249088.000000
135	358840581801877632.000000	358840581801880320.000000
136	484103095809261952.000000	484103095809261120.000000
137	653091704944074752.000000	653091704944066560.000000
138	881070124853757952.000000	881070124853759360.000000
139	1188630262845386496.000000	1188630262845396992.000000
140	1603552159921891072.000000	1603552159921879808.000000
141	2163313193317742336.000000	2163313193317746432.000000
142	2918473180573417472.000000	2918473180573406720.000000
143	3937241141058980352.000000	3937241141059002880.000000
144	5311636202804390912.000000	5311636202804425728.000000
145	7165799131966258176.000000	7165799131966287872.000000
146	9667205214953869312.000000	9667205214953818112.000000
147	13041791284817598464.000000	13041791284817606656.000000
148	17594363224403351552.000000	17594363224403314688.000000
149	23736127232200732672.000000	23736127232200728576.000000
150	32021831583070900224.000000	32021831583070998528.000000
151	43199873673725886464.000000	43199873673725943808.000000
152	58279898218330103808.000000	58279898218330996736.000000
153	78623992329048948736.000000	78623992329048686592.000000
154	106069714579804733440.000000	106069714579804553216.000000
155	143096070522031685632.000000	143096070522030030848.000000
156	193047426213635522560.000000	193047426213636538368.000000
157	260435584511534858240.000000	260435584511536267264.000000
158	351347308846295810048.000000	351347308846294106112.000000
159	473994103628594937856.000000	473994103628601163776.000000
160	639453909615578316800.000000	639453909615575433216.000000
161	862671707078971097088.000000	862671707078980272128.000000
162	1163809405187533832192.000000	1163809405187517448192.000000
163	1570066944920648679424.000000	1570066944920644485120.000000
164	2118139104688906698752.000000	2118139104688891494400.000000
165	2857529917005590167552.000000	2857529917005616906240.000000
166	3855024067355224309760.000000	3855024067355169783808.000000
167	5200719149586755616768.000000	5200719149586690605056.000000
168	7016163634857575972864.000000	7016163634857550807040.000000
169	9465335607482120142848.000000	9465335607482101268480.000000
170	12769453910276121296896.000000	12769453910276073062400.000000
171	17226959500281382961152.000000	17226959500281322143744.000000
172	23240471809488515497984.000000	23240471809488788127744.000000
173	31353154915050874470400.000000	31353154915051012882432.000000
174	42297778254477533380608.000000	42297778254477373997056.000000
175	57062903242509279821824.000000	57062903242509086883840.000000
176	76982174025163894423552.000000	76982174025164213190656.000000
177	103854777462948745969664.000000	103854777462948645306368.000000
178	140107952762583850680320.000000	140107952762583380918272.000000
179	189016229266156607766528.000000	189016229266156507103232.000000
180	254997194816890068795392.000000	254997194816889364152320.000000
181	344010509663286838951936.000000	344010509663283483508736.000000
182	464096206406406998327296.000000	464096206406409884008448.000000
183	626100897358148702044160.000000	626100897358155278712832.000000
184	844657483214598684278784.000000	844657483214603650334720.000000
185	1139506854184095926190080.000000	1139506854184094315577344.000000
186	1537280964812846728740864.000000	1537280964812842702209024.000000
187	2073908336837546391633920.000000	2073908336837557665923072.000000
188	2797859264541072675569664.000000	2797859264541089855438848.000000
189	3774523842319424084246528.000000	3774523842319472939499520.000000
190	5092118255124117301755904.000000	5092118255124115154272256.000000
191	6869652811156913163075584.000000	6869652811156831558696960.000000
192	9267681420860040482390016.000000	9267681420860076989612032.000000
193	12502803457412206017118208.000000	12502803457412313391300608.000000
194	16867227863792054536503296.000000	16867227863791983669542912.000000
195	22755166613485990547816448.000000	22755166613485835928993792.000000
196	30698441485991762078990336.000000	30698441485991637524938752.000000
197	41414520301087898380271616.000000	41414520301087666452037632.000000
198	55871321433431319381016576.000000	55871321433430374488211456.000000
199	75374640006051102604656640.000000	75374640006052004547788800.000000
200	101686092440303574951395328.000000	101686092440303162634534912.000000
