0	1.000000	1.000000
1	1.349076	1.349076
2	1.820005	1.820005
3	2.455325	2.455325
4	3.312419	3.312419
5	4.468703	4.468703
6	6.028619	6.028619
7	8.133063	8.133063
8	10.972118	10.972118
9	14.802217	14.802217
10	19.969311	19.969311
11	26.940111	26.940111
12	36.344249	36.344249
13	49.031141	49.031141
14	66.146719	66.146719
15	89.236929	89.236929
16	120.387369	120.387369
17	162.411670	162.411670
18	219.105632	219.105632
19	295.590075	295.590075
20	398.773377	398.773377
21	537.975458	537.975458
22	725.769597	725.769597
23	979.118101	979.118101
24	1320.904401	1320.904401
25	1781.999980	1781.999980
26	2404.052805	2404.052805
27	3243.249131	3243.249131
28	4375.388472	4375.388472
29	5902.730104	5902.730104
30	7963.229528	7963.229528
31	10742.999156	10742.999156
32	14493.118709	14493.118709
33	19552.313731	19552.313731
34	26377.550610	26377.550610
35	35585.311578	35585.311578
36	48007.277811	48007.277811
37	64765.450142	64765.450142
38	87373.492590	87373.492590
39	117873.452445	117873.452445
40	159020.206009	159020.206009
41	214530.289854	214530.289854
42	289417.593020	289417.593020
43	390446.231190	390446.231190
44	526741.508212	526741.508212
45	710614.149427	710614.149427
46	958672.254782	958672.254782
47	1293321.407729	1293321.407729
48	1744788.435617	1744788.435617
49	2353851.615593	2353851.615593
50	3175523.928933	3175523.928933
51	4284022.049829	4284022.049829
52	5779469.887223	5779469.887223
53	7796942.169952	7796942.169952
54	10518664.927378	10518664.927378
55	14190474.860883	14190474.860883
56	19144024.281372	19144024.281372
57	25826737.250072	25826737.250072
58	34842222.679026	34842222.679026
59	47004794.661449	47004794.661449
60	63413024.522543	63413024.522543
61	85548968.101219	85548968.101219
62	115412030.860973	115412030.860974
63	155699562.053098	155699562.053098
64	210050489.907150	210050489.907149
65	283374003.937064	283374003.937064
66	382292972.241192	382292972.241193
67	515742144.990350	515742144.990349
68	695775176.195056	695775176.195053
69	938653357.131246	938653357.131240
70	1266314400.108398	1266314400.108402
71	1708353938.905349	1708353938.905350
72	2304698722.784474	2304698722.784478
73	3109212957.478769	3109212957.478765
74	4194563532.049955	4194563532.049931
75	5658783578.037865	5658783578.037862
76	7634127207.371515	7634127207.371520
77	10299015223.787422	10299015223.787409
78	13894150791.381090	13894150791.381090
79	18744260690.843361	18744260690.843407
80	25287425919.131798	25287425919.131744
81	34114650887.669029	34114650887.669022
82	46023245264.636681	46023245264.636818
83	62088840119.261597	62088840119.261520
84	83762543149.414764	83762543149.414810
85	113002008434.700577	113002008434.699783
86	152448259450.505005	152448259450.505554
87	205664236692.910736	205664236692.910522
88	277456616473.934204	277456616473.935486
89	374309968826.083984	374309968826.083679
90	504972469365.301208	504972469365.301086
91	681246068910.792114	681246068910.789917
92	919052492088.780029	919052492088.786743
93	1239871350105.666016	1239871350105.671143
94	1672680263690.903564	1672680263690.909180
95	2256572235742.548340	2256572235742.574219
96	3044286685064.334473	3044286685064.333008
97	4106973078045.687500	4106973078045.679688
98	5540617428228.713867	5540617428228.655273
99	7474712130472.408203	7474712130472.443359
100	10083952223225.943359	10083952223225.949219
101	13604014531309.714844	13604014531309.714844
102	18352844923424.328125	18352844923424.468750
103	24759376433188.335938	24759376433188.300781
104	33402272177317.812500	33402272177318.050781
105	45062192483655.421875	45062192483655.734375
106	60792307201571.703125	60792307201571.523438
107	82013422143868.125000	82013422143867.562500
108	110642311854457.859375	110642311854457.765625
109	149264850222011.625000	149264850222011.000000
110	201369576777348.625000	201369576777349.656250
111	271662795300945.187500	271662795300944.687500
112	366493665685772.375000	366493665685776.625000
113	494427685023999.750000	494427685023995.937500
114	667020356984251.000000	667020356984247.750000
115	899860930339695.000000	899860930339685.625000
116	1213980481214818.750000	1213980481214816.000000
117	1637751522576080.250000	1637751522576084.000000
118	2209450721164963.000000	2209450721164957.250000
119	2980716196543538.500000	2980716196543567.000000
120	4021211679096630.000000	4021211679096617.500000
121	5424918812080838.000000	5424918812080880.000000
122	7318625943183378.000000	7318625943183345.000000
123	9873380146622296.000000	9873380146622192.000000
124	13319936867454260.000000	13319936867454418.000000
125	17969602660712198.000000	17969602660712010.000000
126	24242353623526528.000000	24242353623526508.000000
127	32704769287581936.000000	32704769287581712.000000
128	44121208310233816.000000	44121208310233968.000000
129	59522848353931056.000000	59522848353930112.000000
130	80300826107323008.000000	80300826107323312.000000
131	108331890220987472.000000	108331890220988704.000000
132	146147916625005440.000000	146147916625005536.000000
133	197164597518409216.000000	197164597518408320.000000
134	265989960119248160.000000	265989960119249728.000000
135	358840581801877184.000000	358840581801876480.000000
136	484103095809261952.000000	484103095809263488.000000
137	653091704944074880.000000	653091704944074880.000000
138	881070124853759616.000000	881070124853756672.000000
139	1188630262845388032.000000	1188630262845390080.000000
140	1603552159921891584.000000	1603552159921889024.000000
141	2163313193317745152.000000	2163313193317752064.000000
142	2918473180573414912.000000	2918473180573382656.000000
143	3937241141058989056.000000	3937241141058964992.000000
144	5311636202804407296.000000	5311636202804375552.000000
145	7165799131966258176.000000	7165799131966244864.000000
146	9667205214953869312.000000	9667205214953949184.000000
147	13041791284817608704.000000	13041791284817592320.000000
148	17594363224403384320.000000	17594363224403333120.000000
149	23736127232200777728.000000	23736127232200888320.000000
150	32021831583070928896.000000	32021831583070412800.000000
151	43199873673725968384.000000	43199873673725845504.000000
152	58279898218329997312.000000	58279898218330595328.000000
153	78623992329049047040.000000	78623992329048834048.000000
154	106069714579804897280.000000	106069714579805798400.000000
155	143096070522031603712.000000	143096070522030047232.000000
156	193047426213635915776.000000	193047426213638832128.000000
157	260435584511534465024.000000	260435584511534366720.000000
158	351347308846296334336.000000	351347308846291025920.000000
159	473994103628595855360.000000	473994103628597821440.000000
160	639453909615578054656.000000	639453909615575564288.000000
161	862671707078972801024.000000	862671707078972669952.000000
162	1163809405187532783616.000000	1163809405187520331776.000000
163	1570066944920646844416.000000	1570066944920660475904.000000
164	2118139104688897523712.000000	2118139104688871571456.000000
165	2857529917005589643264.000000	2857529917005610614784.000000
166	3855024067355236892672.000000	3855024067355281981440.000000
167	5200719149586755616768.000000	5200719149586761908224.000000
168	7016163634857578070016.000000	7016163634857564438528.000000
169	9465335607482134822912.000000	9465335607482094977024.000000
170	12769453910276102422528.000000	12769453910276261806080.000000
171	17226959500281353601024.000000	17226959500281368281088.000000
172	23240471809488490332160.000000	23240471809488834265088.000000
173	31353154915050920607744.000000	31353154915050803167232.000000
174	42297778254477558546432.000000	42297778254477701152768.000000
175	57062903242509271433216.000000	57062903242509934133248.000000
176	76982174025163676319744.000000	76982174025163642765312.000000
177	103854777462948913741824.000000	103854777462948896964608.000000
178	140107952762584001675264.000000	140107952762583917789184.000000
179	189016229266157111083008.000000	189016229266157144637440.000000
180	254997194816890538557440.000000	254997194816889028608000.000000
181	344010509663287040278528.000000	344010509663287442931712.000000
182	464096206406406528565248.000000	464096206406407736524800.000000
183	626100897358149104697344.000000	626100897358147225649152.000000
184	844657483214600697544704.000000	844657483214586067812352.000000
185	1139506854184095657754624.000000	1139506854184094181359616.000000
186	1537280964812848339353600.000000	1537280964812838407241728.000000
187	2073908336837542633537536.000000	2073908336837534848909312.000000
188	2797859264541072675569664.000000	2797859264541074286182400.000000
189	3774523842319420863021056.000000	3774523842319400461926400.000000
190	5092118255124123744206848.000000	5092118255124169915105280.000000
191	6869652811156920679268352.000000	6869652811156985103777792.000000
192	9267681420860022228779008.000000	9267681420860126381735936.000000
193	12502803457412212459569152.000000	12502803457412130855190528.000000
194	16867227863792063126437888.000000	16867227863792114666045440.000000
195	22755166613485994842783744.000000	22755166613486243950886912.000000
196	30698441485991654704807936.000000	30698441485991723424284672.000000
197	41414520301087881200402432.000000	41414520301087692221841408.000000
198	55871321433431293611212800.000000	55871321433431285021278208.000000
199	75374640006051214273806336.000000	75374640006050612978384896.000000
200	101686092440303626491002880.000000	101686092440303231354011648.000000
