0	1.000000	1.000000
1	1.349076	1.349076
2	1.820005	1.820005
3	2.455325	2.455325
4	3.312419	3.312419
5	4.468703	4.468703
6	6.028619	6.028619
7	8.133063	8.133063
8	10.972118	10.972118
9	14.802217	14.802217
10	19.969311	19.969311
11	26.940111	26.940111
12	36.344249	36.344249
13	49.031141	49.031141
14	66.146719	66.146719
15	89.236929	89.236929
16	120.387369	120.387369
17	162.411670	162.411670
18	219.105632	219.105632
19	295.590075	295.590075
20	398.773377	398.773377
21	537.975458	537.975458
22	725.769597	725.769597
23	979.118101	979.118101
24	1320.904401	1320.904401
25	1781.999980	1781.999980
26	2404.052805	2404.052805
27	3243.249131	3243.249131
28	4375.388472	4375.388472
29	5902.730104	5902.730104
30	7963.229528	7963.229528
31	10742.999156	10742.999156
32	14493.118709	14493.118709
33	19552.313731	19552.313731
34	26377.550610	26377.550610
35	35585.311578	35585.311578
36	48007.277811	48007.277811
37	64765.450142	64765.450142
38	87373.492590	87373.492590
39	117873.452445	117873.452445
40	159020.206009	159020.206009
41	214530.289854	214530.289854
42	289417.593020	289417.593020
43	390446.231190	390446.231190
44	526741.508212	526741.508212
45	710614.149427	710614.149427
46	958672.254782	958672.254782
47	1293321.407729	1293321.407729
48	1744788.435617	1744788.435617
49	2353851.615593	2353851.615593
50	3175523.928933	3175523.928933
51	4284022.049829	4284022.049829
52	5779469.887223	5779469.887223
53	7796942.169952	7796942.169952
54	10518664.927378	10518664.927378
55	14190474.860883	14190474.860883
56	19144024.281372	19144024.281372
57	25826737.250072	25826737.250072
58	34842222.679026	34842222.679026
59	47004794.661449	47004794.661449
60	63413024.522543	63413024.522543
61	85548968.101219	85548968.101219
62	115412030.860973	115412030.860973
63	155699562.053098	155699562.053098
64	210050489.907150	210050489.907150
65	283374003.937064	283374003.937064
66	382292972.241192	382292972.241193
67	515742144.990350	515742144.990350
68	695775176.195056	695775176.195057
69	938653357.131247	938653357.131245
70	1266314400.108397	1266314400.108403
71	1708353938.905350	1708353938.905343
72	2304698722.784478	2304698722.784462
73	3109212957.478767	3109212957.478754
74	4194563532.049949	4194563532.049950
75	5658783578.037855	5658783578.037863
76	7634127207.371516	7634127207.371551
77	10299015223.787422	10299015223.787409
78	13894150791.381104	13894150791.381092
79	18744260690.843353	18744260690.843254
80	25287425919.131794	25287425919.131893
81	34114650887.668991	34114650887.668850
82	46023245264.636681	46023245264.636703
83	62088840119.261581	62088840119.261520
84	83762543149.414871	83762543149.414108
85	113002008434.700211	113002008434.699600
86	152448259450.504913	152448259450.503662
87	205664236692.910950	205664236692.910614
88	277456616473.934021	277456616473.934570
89	374309968826.084290	374309968826.081787
90	504972469365.301453	504972469365.299438
91	681246068910.791016	681246068910.793823
92	919052492088.782715	919052492088.779541
93	1239871350105.664551	1239871350105.667969
94	1672680263690.906006	1672680263690.913330
95	2256572235742.548828	2256572235742.553223
96	3044286685064.332520	3044286685064.330566
97	4106973078045.684570	4106973078045.676270
98	5540617428228.694336	5540617428228.747070
99	7474712130472.415039	7474712130472.421875
100	10083952223225.943359	10083952223226.064453
101	13604014531309.708984	13604014531309.792969
102	18352844923424.328125	18352844923424.210938
103	24759376433188.378906	24759376433188.457031
104	33402272177317.792969	33402272177317.707031
105	45062192483655.367188	45062192483655.578125
106	60792307201571.695312	60792307201571.992188
107	82013422143867.984375	82013422143868.281250
108	110642311854457.625000	110642311854457.375000
109	149264850222011.718750	149264850222012.218750
110	201369576777348.875000	201369576777347.718750
111	271662795300944.906250	271662795300944.406250
112	366493665685772.187500	366493665685770.312500
113	494427685023998.437500	494427685024000.937500
114	667020356984249.875000	667020356984253.500000
115	899860930339694.750000	899860930339694.750000
116	1213980481214819.000000	1213980481214815.000000
117	1637751522576079.250000	1637751522576070.500000
118	2209450721164962.500000	2209450721164942.750000
119	2980716196543551.000000	2980716196543535.000000
120	4021211679096626.500000	4021211679096628.000000
121	5424918812080850.000000	5424918812080851.000000
122	7318625943183381.000000	7318625943183436.000000
123	9873380146622310.000000	9873380146622304.000000
124	13319936867454272.000000	13319936867454350.000000
125	17969602660712198.000000	17969602660712242.000000
126	24242353623526596.000000	24242353623526580.000000
127	32704769287581996.000000	32704769287581868.000000
128	44121208310233776.000000	44121208310234056.000000
129	59522848353930904.000000	59522848353930784.000000
130	80300826107323008.000000	80300826107322960.000000
131	108331890220987520.000000	108331890220988176.000000
132	146147916625005504.000000	146147916625005664.000000
133	197164597518409056.000000	197164597518407456.000000
134	265989960119248160.000000	265989960119247040.000000
135	358840581801876864.000000	358840581801877248.000000
136	484103095809262336.000000	484103095809267712.000000
137	653091704944074240.000000	653091704944081152.000000
138	881070124853756928.000000	881070124853754752.000000
139	1188630262845388800.000000	1188630262845393664.000000
140	1603552159921894656.000000	1603552159921884672.000000
141	2163313193317742592.000000	2163313193317734912.000000
142	2918473180573417984.000000	2918473180573422080.000000
143	3937241141058982400.000000	3937241141058967040.000000
144	5311636202804396032.000000	5311636202804384768.000000
145	7165799131966257152.000000	7165799131966158848.000000
146	9667205214953857024.000000	9667205214953756672.000000
147	13041791284817618944.000000	13041791284817645568.000000
148	17594363224403398656.000000	17594363224403490816.000000
149	23736127232200720384.000000	23736127232200798208.000000
150	32021831583070920704.000000	32021831583071141888.000000
151	43199873673725886464.000000	43199873673725632512.000000
152	58279898218330079232.000000	58279898218330587136.000000
153	78623992329049014272.000000	78623992329049030656.000000
154	106069714579804930048.000000	106069714579804667904.000000
155	143096070522031620096.000000	143096070522032242688.000000
156	193047426213635358720.000000	193047426213638144000.000000
157	260435584511534366720.000000	260435584511531810816.000000
158	351347308846295941120.000000	351347308846294237184.000000
159	473994103628595789824.000000	473994103628598345728.000000
160	639453909615577923584.000000	639453909615588278272.000000
161	862671707078972669952.000000	862671707078969786368.000000
162	1163809405187532259328.000000	1163809405187528458240.000000
163	1570066944920644747264.000000	1570066944920658903040.000000
164	2118139104688906960896.000000	2118139104688881270784.000000
165	2857529917005591740416.000000	2857529917005584400384.000000
166	3855024067355226931200.000000	3855024067355175026688.000000
167	5200719149586769248256.000000	5200719149586748276736.000000
168	7016163634857560244224.000000	7016163634857563389952.000000
169	9465335607482115948544.000000	9465335607482189348864.000000
170	12769453910276123394048.000000	12769453910276115005440.000000
171	17226959500281414418432.000000	17226959500281361989632.000000
172	23240471809488565829632.000000	23240471809488460972032.000000
173	31353154915050970939392.000000	31353154915050987716608.000000
174	42297778254477709541376.000000	42297778254477415940096.000000
175	57062903242509263044608.000000	57062903242509405650944.000000
176	76982174025163776983040.000000	76982174025163374329856.000000
177	103854777462948930519040.000000	103854777462948628529152.000000
178	140107952762583565467648.000000	140107952762583313809408.000000
179	189016229266156540657664.000000	189016229266156775538688.000000
180	254997194816890572111872.000000	254997194816890672775168.000000
181	344010509663285698101248.000000	344010509663285027012608.000000
182	464096206406407937851392.000000	464096206406408004960256.000000
183	626100897358147359866880.000000	626100897358147359866880.000000
184	844657483214599086931968.000000	844657483214615193059328.000000
185	1139506854184092302311424.000000	1139506854184105992519680.000000
186	1537280964812849681530880.000000	1537280964812839480983552.000000
187	2073908336837544512585728.000000	2073908336837566792728576.000000
188	2797859264541077507407872.000000	2797859264541074823053312.000000
189	3774523842319416031182848.000000	3774523842319447706566656.000000
190	5092118255124121596723200.000000	5092118255124122670465024.000000
191	6869652811156911015591936.000000	6869652811156908868108288.000000
192	9267681420860050146066432.000000	9267681420859964246720512.000000
193	12502803457412203869634560.000000	12502803457412379963293696.000000
194	16867227863792041651601408.000000	16867227863791685169315840.000000
195	22755166613486029202522112.000000	22755166613485801569255424.000000
196	30698441485991620345069568.000000	30698441485991452841345024.000000
197	41414520301088001459486720.000000	41414520301087692221841408.000000
198	55871321433431216301801472.000000	55871321433430546286903296.000000
199	75374640006051282993283072.000000	75374640006050604388450304.000000
200	101686092440303540591656960.000000	101686092440302939296235520.000000
