0	1.000000	1.000000
1	1.349076	1.349076
2	1.820005	1.820005
3	2.455325	2.455325
4	3.312419	3.312419
5	4.468703	4.468703
6	6.028619	6.028619
7	8.133063	8.133063
8	10.972118	10.972118
9	14.802217	14.802217
10	19.969311	19.969311
11	26.940111	26.940111
12	36.344249	36.344249
13	49.031141	49.031141
14	66.146719	66.146719
15	89.236929	89.236929
16	120.387369	120.387369
17	162.411670	162.411670
18	219.105632	219.105632
19	295.590075	295.590075
20	398.773377	398.773377
21	537.975458	537.975458
22	725.769597	725.769597
23	979.118101	979.118101
24	1320.904401	1320.904401
25	1781.999980	1781.999980
26	2404.052805	2404.052805
27	3243.249131	3243.249131
28	4375.388472	4375.388472
29	5902.730104	5902.730104
30	7963.229528	7963.229528
31	10742.999156	10742.999156
32	14493.118709	14493.118709
33	19552.313731	19552.313731
34	26377.550610	26377.550610
35	35585.311578	35585.311578
36	48007.277811	48007.277811
37	64765.450142	64765.450142
38	87373.492590	87373.492590
39	117873.452445	117873.452445
40	159020.206009	159020.206009
41	214530.289854	214530.289854
42	289417.593020	289417.593020
43	390446.231190	390446.231190
44	526741.508212	526741.508212
45	710614.149427	710614.149427
46	958672.254782	958672.254782
47	1293321.407729	1293321.407729
48	1744788.435617	1744788.435617
49	2353851.615593	2353851.615593
50	3175523.928933	3175523.928933
51	4284022.049829	4284022.049829
52	5779469.887223	5779469.887223
53	7796942.169952	7796942.169952
54	10518664.927378	10518664.927378
55	14190474.860883	14190474.860883
56	19144024.281372	19144024.281372
57	25826737.250072	25826737.250072
58	34842222.679026	34842222.679026
59	47004794.661449	47004794.661449
60	63413024.522543	63413024.522543
61	85548968.101219	85548968.101219
62	115412030.860973	115412030.860974
63	155699562.053098	155699562.053098
64	210050489.907150	210050489.907149
65	283374003.937064	283374003.937065
66	382292972.241193	382292972.241192
67	515742144.990351	515742144.990352
68	695775176.195057	695775176.195058
69	938653357.131246	938653357.131246
70	1266314400.108398	1266314400.108403
71	1708353938.905345	1708353938.905342
72	2304698722.784474	2304698722.784472
73	3109212957.478769	3109212957.478760
74	4194563532.049952	4194563532.049952
75	5658783578.037857	5658783578.037824
76	7634127207.371528	7634127207.371521
77	10299015223.787420	10299015223.787384
78	13894150791.381077	13894150791.381140
79	18744260690.843353	18744260690.843410
80	25287425919.131798	25287425919.131775
81	34114650887.668972	34114650887.668892
82	46023245264.636765	46023245264.636833
83	62088840119.261574	62088840119.261818
84	83762543149.414780	83762543149.415115
85	113002008434.700378	113002008434.700745
86	152448259450.505096	152448259450.505432
87	205664236692.910767	205664236692.911407
88	277456616473.934387	277456616473.934509
89	374309968826.083557	374309968826.083435
90	504972469365.301453	504972469365.301514
91	681246068910.791870	681246068910.792358
92	919052492088.781372	919052492088.785645
93	1239871350105.668945	1239871350105.663086
94	1672680263690.907471	1672680263690.899170
95	2256572235742.549316	2256572235742.531250
96	3044286685064.341309	3044286685064.328125
97	4106973078045.691406	4106973078045.674805
98	5540617428228.716797	5540617428228.704102
99	7474712130472.406250	7474712130472.386719
100	10083952223225.960938	10083952223225.984375
101	13604014531309.707031	13604014531309.841797
102	18352844923424.343750	18352844923424.355469
103	24759376433188.386719	24759376433188.511719
104	33402272177317.882812	33402272177317.781250
105	45062192483655.500000	45062192483655.250000
106	60792307201571.734375	60792307201571.546875
107	82013422143868.015625	82013422143868.312500
108	110642311854457.578125	110642311854458.078125
109	149264850222011.843750	149264850222010.343750
110	201369576777348.937500	201369576777347.843750
111	271662795300945.593750	271662795300944.812500
112	366493665685772.125000	366493665685771.312500
113	494427685023998.500000	494427685023998.437500
114	667020356984251.125000	667020356984243.125000
115	899860930339693.375000	899860930339689.250000
116	1213980481214817.500000	1213980481214823.500000
117	1637751522576081.750000	1637751522576073.500000
118	2209450721164965.500000	2209450721164977.750000
119	2980716196543545.500000	2980716196543539.000000
120	4021211679096630.000000	4021211679096589.500000
121	5424918812080848.000000	5424918812080837.000000
122	7318625943183373.000000	7318625943183429.000000
123	9873380146622316.000000	9873380146622346.000000
124	13319936867454272.000000	13319936867454386.000000
125	17969602660712186.000000	17969602660712318.000000
126	24242353623526580.000000	24242353623526708.000000
127	32704769287581944.000000	32704769287582236.000000
128	44121208310233768.000000	44121208310233672.000000
129	59522848353930904.000000	59522848353931040.000000
130	80300826107322992.000000	80300826107323392.000000
131	108331890220987632.000000	108331890220988416.000000
132	146147916625005664.000000	146147916625006368.000000
133	197164597518409376.000000	197164597518408576.000000
134	265989960119248160.000000	265989960119250528.000000
135	358840581801877376.000000	358840581801875968.000000
136	484103095809262080.000000	484103095809262976.000000
137	653091704944072064.000000	653091704944078976.000000
138	881070124853757568.000000	881070124853761024.000000
139	1188630262845387520.000000	1188630262845396992.000000
140	1603552159921893632.000000	1603552159921894912.000000
141	2163313193317745664.000000	2163313193317741824.000000
142	2918473180573410304.000000	2918473180573435904.000000
143	3937241141058992128.000000	3937241141058933248.000000
144	5311636202804390912.000000	5311636202804402176.000000
145	7165799131966262272.000000	7165799131966239744.000000
146	9667205214953842688.000000	9667205214953791488.000000
147	13041791284817633280.000000	13041791284817559552.000000
148	17594363224403335168.000000	17594363224403349504.000000
149	23736127232200728576.000000	23736127232200884224.000000
150	32021831583070883840.000000	32021831583070646272.000000
151	43199873673725992960.000000	43199873673726320640.000000
152	58279898218330128384.000000	58279898218329817088.000000
153	78623992329049047040.000000	78623992329049571328.000000
154	106069714579804684288.000000	106069714579805765632.000000
155	143096070522031767552.000000	143096070522031734784.000000
156	193047426213635948544.000000	193047426213639094272.000000
157	260435584511535022080.000000	260435584511537086464.000000
158	351347308846295023616.000000	351347308846295351296.000000
159	473994103628595396608.000000	473994103628604309504.000000
160	639453909615577661440.000000	639453909615570583552.000000
161	862671707078972145664.000000	862671707078981320704.000000
162	1163809405187535273984.000000	1163809405187545497600.000000
163	1570066944920650514432.000000	1570066944920640552960.000000
164	2118139104688901718016.000000	2118139104688895426560.000000
165	2857529917005594886144.000000	2857529917005623721984.000000
166	3855024067355230601216.000000	3855024067355289321472.000000
167	5200719149586769248256.000000	5200719149586750373888.000000
168	7016163634857559195648.000000	7016163634857611624448.000000
169	9465335607482143211520.000000	9465335607482204028928.000000
170	12769453910276133879808.000000	12769453910276112908288.000000
171	17226959500281380864000.000000	17226959500281269714944.000000
172	23240471809488544858112.000000	23240471809488247062528.000000
173	31353154915050874470400.000000	31353154915050887053312.000000
174	42297778254477566935040.000000	42297778254477407551488.000000
175	57062903242509279821824.000000	57062903242508835225600.000000
176	76982174025163743428608.000000	76982174025163676319744.000000
177	103854777462949249286144.000000	103854777462950004260864.000000
178	140107952762583867457536.000000	140107952762584353996800.000000
179	189016229266156607766528.000000	189016229266157614399488.000000
180	254997194816890370785280.000000	254997194816890303676416.000000
181	344010509663286838951936.000000	344010509663283550617600.000000
182	464096206406407065436160.000000	464096206406407266762752.000000
183	626100897358148836261888.000000	626100897358147359866880.000000
184	844657483214600563326976.000000	844657483214603381899264.000000
185	1139506854184094986665984.000000	1139506854184107066261504.000000
186	1537280964812843239079936.000000	1537280964812852097449984.000000
187	2073908336837544781021184.000000	2073908336837527064281088.000000
188	2797859264541083412987904.000000	2797859264541072138698752.000000
189	3774523842319426231730176.000000	3774523842319468107661312.000000
190	5092118255124139850334208.000000	5092118255124141997817856.000000
191	6869652811156902425657344.000000	6869652811156850886049792.000000
192	9267681420860000753942528.000000	9267681420860000753942528.000000
193	12502803457412197427183616.000000	12502803457412124412739584.000000
194	16867227863792013734313984.000000	16867227863791882737811456.000000
195	22755166613486007727685632.000000	22755166613485719964876800.000000
196	30698441485991633229971456.000000	30698441485992062726701056.000000
197	41414520301088010049421312.000000	41414520301087760941318144.000000
198	55871321433431147582324736.000000	55871321433430572056707072.000000
199	75374640006051128374460416.000000	75374640006051205683871744.000000
200	101686092440303489052049408.000000	101686092440304399585116160.000000
