0	1.000000	1.000000
1	1.349076	1.349076
2	1.820005	1.820005
3	2.455325	2.455325
4	3.312419	3.312419
5	4.468703	4.468703
6	6.028619	6.028619
7	8.133063	8.133063
8	10.972118	10.972118
9	14.802217	14.802217
10	19.969311	19.969311
11	26.940111	26.940111
12	36.344249	36.344249
13	49.031141	49.031141
14	66.146719	66.146719
15	89.236929	89.236929
16	120.387369	120.387369
17	162.411670	162.411670
18	219.105632	219.105632
19	295.590075	295.590075
20	398.773377	398.773377
21	537.975458	537.975458
22	725.769597	725.769597
23	979.118101	979.118101
24	1320.904401	1320.904401
25	1781.999980	1781.999980
26	2404.052805	2404.052805
27	3243.249131	3243.249131
28	4375.388472	4375.388472
29	5902.730104	5902.730104
30	7963.229528	7963.229528
31	10742.999156	10742.999156
32	14493.118709	14493.118709
33	19552.313731	19552.313731
34	26377.550610	26377.550610
35	35585.311578	35585.311578
36	48007.277811	48007.277811
37	64765.450142	64765.450142
38	87373.492590	87373.492590
39	117873.452445	117873.452445
40	159020.206009	159020.206009
41	214530.289854	214530.289854
42	289417.593020	289417.593020
43	390446.231190	390446.231190
44	526741.508212	526741.508212
45	710614.149427	710614.149427
46	958672.254782	958672.254782
47	1293321.407729	1293321.407729
48	1744788.435617	1744788.435617
49	2353851.615593	2353851.615593
50	3175523.928933	3175523.928933
51	4284022.049829	4284022.049829
52	5779469.887223	5779469.887223
53	7796942.169952	7796942.169952
54	10518664.927378	10518664.927378
55	14190474.860883	14190474.860883
56	19144024.281372	19144024.281372
57	25826737.250072	25826737.250072
58	34842222.679026	34842222.679026
59	47004794.661449	47004794.661449
60	63413024.522543	63413024.522543
61	85548968.101219	85548968.101219
62	115412030.860973	115412030.860973
63	155699562.053098	155699562.053099
64	210050489.907150	210050489.907150
65	283374003.937064	283374003.937063
66	382292972.241193	382292972.241191
67	515742144.990350	515742144.990351
68	695775176.195057	695775176.195060
69	938653357.131246	938653357.131249
70	1266314400.108397	1266314400.108404
71	1708353938.905346	1708353938.905347
72	2304698722.784477	2304698722.784494
73	3109212957.478770	3109212957.478763
74	4194563532.049955	4194563532.049943
75	5658783578.037859	5658783578.037816
76	7634127207.371519	7634127207.371533
77	10299015223.787418	10299015223.787369
78	13894150791.381086	13894150791.381098
79	18744260690.843361	18744260690.843330
80	25287425919.131771	25287425919.131779
81	34114650887.668976	34114650887.668957
82	46023245264.636688	46023245264.636612
83	62088840119.261734	62088840119.261765
84	83762543149.414642	83762543149.414581
85	113002008434.700531	113002008434.700455
86	152448259450.505005	152448259450.505493
87	205664236692.910583	205664236692.910919
88	277456616473.934387	277456616473.935547
89	374309968826.084351	374309968826.082642
90	504972469365.301880	504972469365.304382
91	681246068910.790894	681246068910.791260
92	919052492088.781616	919052492088.780151
93	1239871350105.667480	1239871350105.664062
94	1672680263690.907959	1672680263690.907471
95	2256572235742.549316	2256572235742.532715
96	3044286685064.331543	3044286685064.342773
97	4106973078045.687012	4106973078045.687500
98	5540617428228.714844	5540617428228.733398
99	7474712130472.395508	7474712130472.437500
100	10083952223225.962891	10083952223225.853516
101	13604014531309.703125	13604014531309.763672
102	18352844923424.304688	18352844923424.300781
103	24759376433188.332031	24759376433188.148438
104	33402272177317.769531	33402272177317.722656
105	45062192483655.539062	45062192483655.726562
106	60792307201571.703125	60792307201571.734375
107	82013422143868.000000	82013422143868.531250
108	110642311854457.750000	110642311854458.375000
109	149264850222011.843750	149264850222011.375000
110	201369576777348.593750	201369576777349.718750
111	271662795300945.218750	271662795300946.687500
112	366493665685772.437500	366493665685771.812500
113	494427685023999.312500	494427685023996.625000
114	667020356984250.625000	667020356984249.125000
115	899860930339694.875000	899860930339690.000000
116	1213980481214820.750000	1213980481214818.750000
117	1637751522576083.250000	1637751522576069.500000
118	2209450721164961.750000	2209450721164956.000000
119	2980716196543550.000000	2980716196543536.500000
120	4021211679096628.500000	4021211679096661.500000
121	5424918812080837.000000	5424918812080849.000000
122	7318625943183386.000000	7318625943183363.000000
123	9873380146622312.000000	9873380146622370.000000
124	13319936867454264.000000	13319936867454344.000000
125	17969602660712192.000000	17969602660712004.000000
126	24242353623526552.000000	24242353623526508.000000
127	32704769287581996.000000	32704769287582284.000000
128	44121208310233760.000000	44121208310233960.000000
129	59522848353930936.000000	59522848353930736.000000
130	80300826107323024.000000	80300826107324064.000000
131	108331890220987472.000000	108331890220987440.000000
132	146147916625005440.000000	146147916625006720.000000
133	197164597518409216.000000	197164597518409760.000000
134	265989960119247968.000000	265989960119244672.000000
135	358840581801877952.000000	358840581801880192.000000
136	484103095809261952.000000	484103095809256128.000000
137	653091704944075904.000000	653091704944079616.000000
138	881070124853757312.000000	881070124853762048.000000
139	1188630262845389056.000000	1188630262845382912.000000
140	1603552159921890816.000000	1603552159921905920.000000
141	2163313193317742080.000000	2163313193317741824.000000
142	2918473180573417472.000000	2918473180573393408.000000
143	3937241141058978304.000000	3937241141058979328.000000
144	5311636202804389888.000000	5311636202804408320.000000
145	7165799131966256128.000000	7165799131966325760.000000
146	9667205214953873408.000000	9667205214953742336.000000
147	13041791284817602560.000000	13041791284817475584.000000
148	17594363224403398656.000000	17594363224403351552.000000
149	23736127232200749056.000000	23736127232200613888.000000
150	32021831583070920704.000000	32021831583070826496.000000
151	43199873673725902848.000000	43199873673726214144.000000
152	58279898218330062848.000000	58279898218329849856.000000
153	78623992329049161728.000000	78623992329049243648.000000
154	106069714579804864512.000000	106069714579805257728.000000
155	143096070522031882240.000000	143096070522031865856.000000
156	193047426213636145152.000000	193047426213635719168.000000
157	260435584511534759936.000000	260435584511532138496.000000
158	351347308846295089152.000000	351347308846294564864.000000
159	473994103628594806784.000000	473994103628597231616.000000
160	639453909615579496448.000000	639453909615584608256.000000
161	862671707078971752448.000000	862671707078969917440.000000
162	1163809405187535011840.000000	1163809405187535536128.000000
163	1570066944920646320128.000000	1570066944920643698688.000000
164	2118139104688903290880.000000	2118139104688903815168.000000
165	2857529917005589643264.000000	2857529917005584924672.000000
166	3855024067355233222656.000000	3855024067355272544256.000000
167	5200719149586760859648.000000	5200719149586791268352.000000
168	7016163634857570729984.000000	7016163634857614770176.000000
169	9465335607482132725760.000000	9465335607482101268480.000000
170	12769453910276106616832.000000	12769453910276240834560.000000
171	17226959500281387155456.000000	17226959500281265520640.000000
172	23240471809488549052416.000000	23240471809488674881536.000000
173	31353154915050908024832.000000	31353154915051361009664.000000
174	42297778254477575323648.000000	42297778254477256556544.000000
175	57062903242509380485120.000000	57062903242508407406592.000000
176	76982174025163927977984.000000	76982174025164280299520.000000
177	103854777462948947296256.000000	103854777462949282840576.000000
178	140107952762584001675264.000000	140107952762584152670208.000000
179	189016229266156674875392.000000	189016229266155735351296.000000
180	254997194816890639220736.000000	254997194816887518658560.000000
181	344010509663286973169664.000000	344010509663285161230336.000000
182	464096206406406260129792.000000	464096206406407937851392.000000
183	626100897358147494084608.000000	626100897358145615036416.000000
184	844657483214601100197888.000000	844657483214599623802880.000000
185	1139506854184094449795072.000000	1139506854184088946868224.000000
186	1537280964812849144659968.000000	1537280964812842165338112.000000
187	2073908336837543975714816.000000	2073908336837511763460096.000000
188	2797859264541075896795136.000000	2797859264541063548764160.000000
189	3774523842319423547375616.000000	3774523842319435358535680.000000
190	5092118255124128039174144.000000	5092118255124080794533888.000000
191	6869652811156903499399168.000000	6869652811156932490428416.000000
192	9267681420860032966197248.000000	9267681420860063030968320.000000
193	12502803457412214607052800.000000	12502803457412128707706880.000000
194	16867227863792037356634112.000000	16867227863792076011339776.000000
195	22755166613486033497489408.000000	22755166613485908943437824.000000
196	30698441485991753489055744.000000	30698441485992612482514944.000000
197	41414520301088010049421312.000000	41414520301088035819225088.000000
198	55871321433431413870297088.000000	55871321433431542719315968.000000
199	75374640006051205683871744.000000	75374640006051008115376128.000000
200	101686092440303626491002880.000000	101686092440302544159244288.000000
