0	1.000000	1.000000
1	1.349076	1.349076
2	1.820005	1.820005
3	2.455325	2.455325
4	3.312419	3.312419
5	4.468703	4.468703
6	6.028619	6.028619
7	8.133063	8.133063
8	10.972118	10.972118
9	14.802217	14.802217
10	19.969311	19.969311
11	26.940111	26.940111
12	36.344249	36.344249
13	49.031141	49.031141
14	66.146719	66.146719
15	89.236929	89.236929
16	120.387369	120.387369
17	162.411670	162.411670
18	219.105632	219.105632
19	295.590075	295.590075
20	398.773377	398.773377
21	537.975458	537.975458
22	725.769597	725.769597
23	979.118101	979.118101
24	1320.904401	1320.904401
25	1781.999980	1781.999980
26	2404.052805	2404.052805
27	3243.249131	3243.249131
28	4375.388472	4375.388472
29	5902.730104	5902.730104
30	7963.229528	7963.229528
31	10742.999156	10742.999156
32	14493.118709	14493.118709
33	19552.313731	19552.313731
34	26377.550610	26377.550610
35	35585.311578	35585.311578
36	48007.277811	48007.277811
37	64765.450142	64765.450142
38	87373.492590	87373.492590
39	117873.452445	117873.452445
40	159020.206009	159020.206009
41	214530.289854	214530.289854
42	289417.593020	289417.593020
43	390446.231190	390446.231190
44	526741.508212	526741.508212
45	710614.149427	710614.149427
46	958672.254782	958672.254782
47	1293321.407729	1293321.407729
48	1744788.435617	1744788.435617
49	2353851.615593	2353851.615593
50	3175523.928933	3175523.928933
51	4284022.049829	4284022.049829
52	5779469.887223	5779469.887223
53	7796942.169952	7796942.169952
54	10518664.927378	10518664.927378
55	14190474.860883	14190474.860883
56	19144024.281372	19144024.281372
57	25826737.250072	25826737.250072
58	34842222.679026	34842222.679026
59	47004794.661449	47004794.661449
60	63413024.522543	63413024.522543
61	85548968.101219	85548968.101219
62	115412030.860973	115412030.860973
63	155699562.053098	155699562.053098
64	210050489.907150	210050489.907149
65	283374003.937064	283374003.937064
66	382292972.241192	382292972.241190
67	515742144.990350	515742144.990351
68	695775176.195056	695775176.195057
69	938653357.131247	938653357.131246
70	1266314400.108398	1266314400.108390
71	1708353938.905346	1708353938.905342
72	2304698722.784475	2304698722.784489
73	3109212957.478769	3109212957.478786
74	4194563532.049952	4194563532.049969
75	5658783578.037845	5658783578.037862
76	7634127207.371527	7634127207.371512
77	10299015223.787413	10299015223.787411
78	13894150791.381098	13894150791.381128
79	18744260690.843357	18744260690.843441
80	25287425919.131794	25287425919.131977
81	34114650887.668964	34114650887.668957
82	46023245264.636696	46023245264.636925
83	62088840119.261528	62088840119.261513
84	83762543149.414703	83762543149.414154
85	113002008434.700378	113002008434.700012
86	152448259450.505005	152448259450.504852
87	205664236692.910583	205664236692.911804
88	277456616473.934082	277456616473.933472
89	374309968826.084290	374309968826.081299
90	504972469365.301758	504972469365.299683
91	681246068910.790894	681246068910.798096
92	919052492088.781250	919052492088.774536
93	1239871350105.666504	1239871350105.666016
94	1672680263690.906982	1672680263690.926758
95	2256572235742.550293	2256572235742.545898
96	3044286685064.340332	3044286685064.326660
97	4106973078045.684082	4106973078045.704590
98	5540617428228.706055	5540617428228.747070
99	7474712130472.408203	7474712130472.420898
100	10083952223225.951172	10083952223225.902344
101	13604014531309.695312	13604014531309.726562
102	18352844923424.308594	18352844923424.347656
103	24759376433188.386719	24759376433188.359375
104	33402272177317.781250	33402272177318.128906
105	45062192483655.523438	45062192483655.476562
106	60792307201571.789062	60792307201571.257812
107	82013422143867.953125	82013422143868.000000
108	110642311854457.875000	110642311854458.359375
109	149264850222011.875000	149264850222011.437500
110	201369576777348.562500	201369576777348.187500
111	271662795300945.250000	271662795300945.687500
112	366493665685772.687500	366493665685771.125000
113	494427685023998.562500	494427685024002.937500
114	667020356984251.125000	667020356984250.125000
115	899860930339692.125000	899860930339692.625000
116	1213980481214818.000000	1213980481214806.500000
117	1637751522576077.500000	1637751522576074.750000
118	2209450721164962.250000	2209450721164967.250000
119	2980716196543547.500000	2980716196543544.500000
120	4021211679096630.500000	4021211679096591.000000
121	5424918812080842.000000	5424918812080846.000000
122	7318625943183389.000000	7318625943183378.000000
123	9873380146622312.000000	9873380146622242.000000
124	13319936867454276.000000	13319936867454268.000000
125	17969602660712182.000000	17969602660712148.000000
126	24242353623526548.000000	24242353623526568.000000
127	32704769287582036.000000	32704769287581984.000000
128	44121208310233760.000000	44121208310233928.000000
129	59522848353930976.000000	59522848353930880.000000
130	80300826107323152.000000	80300826107323584.000000
131	108331890220987632.000000	108331890220987968.000000
132	146147916625005376.000000	146147916625005088.000000
133	197164597518408960.000000	197164597518409184.000000
134	265989960119248000.000000	265989960119247776.000000
135	358840581801877312.000000	358840581801876096.000000
136	484103095809262656.000000	484103095809260864.000000
137	653091704944074112.000000	653091704944076416.000000
138	881070124853756672.000000	881070124853756928.000000
139	1188630262845388544.000000	1188630262845387520.000000
140	1603552159921890560.000000	1603552159921885696.000000
141	2163313193317743360.000000	2163313193317767936.000000
142	2918473180573410816.000000	2918473180573437440.000000
143	3937241141058978304.000000	3937241141059041280.000000
144	5311636202804395008.000000	5311636202804381696.000000
145	7165799131966264320.000000	7165799131966287872.000000
146	9667205214953848832.000000	9667205214953822208.000000
147	13041791284817623040.000000	13041791284817471488.000000
148	17594363224403374080.000000	17594363224403347456.000000
149	23736127232200732672.000000	23736127232200929280.000000
150	32021831583070920704.000000	32021831583070679040.000000
151	43199873673725984768.000000	43199873673725927424.000000
152	58279898218330071040.000000	58279898218329890816.000000
153	78623992329049047040.000000	78623992329048735744.000000
154	106069714579804684288.000000	106069714579804864512.000000
155	143096070522031865856.000000	143096070522030604288.000000
156	193047426213635719168.000000	193047426213636308992.000000
157	260435584511534858240.000000	260435584511533744128.000000
158	351347308846296137728.000000	351347308846298365952.000000
159	473994103628596183040.000000	473994103628595658752.000000
160	639453909615577399296.000000	639453909615576875008.000000
161	862671707078974242816.000000	862671707078974373888.000000
162	1163809405187533307904.000000	1163809405187530948608.000000
163	1570066944920645533696.000000	1570066944920621416448.000000
164	2118139104688906174464.000000	2118139104688895688704.000000
165	2857529917005596983296.000000	2857529917005593313280.000000
166	3855024067355230601216.000000	3855024067355259437056.000000
167	5200719149586771345408.000000	5200719149586762956800.000000
168	7016163634857574924288.000000	7016163634857558147072.000000
169	9465335607482136920064.000000	9465335607482275332096.000000
170	12769453910276115005440.000000	12769453910275982884864.000000
171	17226959500281387155456.000000	17226959500281280200704.000000
172	23240471809488515497984.000000	23240471809488297394176.000000
173	31353154915050933190656.000000	31353154915051025465344.000000
174	42297778254477558546432.000000	42297778254478447738880.000000
175	57062903242509430816768.000000	57062903242509204324352.000000
176	76982174025163676319744.000000	76982174025164062195712.000000
177	103854777462949064736768.000000	103854777462947319906304.000000
178	140107952762583951343616.000000	140107952762584421105664.000000
179	189016229266157010419712.000000	189016229266156339331072.000000
180	254997194816890605666304.000000	254997194816890169458688.000000
181	344010509663286838951936.000000	344010509663290529939456.000000
182	464096206406406528565248.000000	464096206406401428291584.000000
183	626100897358148836261888.000000	626100897358148165173248.000000
184	844657483214601368633344.000000	844657483214610227003392.000000
185	1139506854184094449795072.000000	1139506854184090557480960.000000
186	1537280964812849144659968.000000	1537280964812862566432768.000000
187	2073908336837547733811200.000000	2073908336837565450551296.000000
188	2797859264541081265504256.000000	2797859264541080191762432.000000
189	3774523842319431063568384.000000	3774523842319490656239616.000000
190	5092118255124129112915968.000000	5092118255124169915105280.000000
191	6869652811156913163075584.000000	6869652811156905646882816.000000
192	9267681420860020081295360.000000	9267681420860001827684352.000000
193	12502803457412167362412544.000000	12502803457412143740092416.000000
194	16867227863792106076110848.000000	16867227863791768921178112.000000
195	22755166613486080742129664.000000	22755166613486299785461760.000000
196	30698441485991689064546304.000000	30698441485991951057551360.000000
197	41414520301087872610467840.000000	41414520301087692221841408.000000
198	55871321433431293611212800.000000	55871321433431138992390144.000000
199	75374640006051094014722048.000000	75374640006049925783617536.000000
200	101686092440303781109825536.000000	101686092440305138319491072.000000
