0	1.000000	1.000000
1	1.349076	1.349076
2	1.820005	1.820005
3	2.455325	2.455325
4	3.312419	3.312419
5	4.468703	4.468703
6	6.028619	6.028619
7	8.133063	8.133063
8	10.972118	10.972118
9	14.802217	14.802217
10	19.969311	19.969311
11	26.940111	26.940111
12	36.344249	36.344249
13	49.031141	49.031141
14	66.146719	66.146719
15	89.236929	89.236929
16	120.387369	120.387369
17	162.411670	162.411670
18	219.105632	219.105632
19	295.590075	295.590075
20	398.773377	398.773377
21	537.975458	537.975458
22	725.769597	725.769597
23	979.118101	979.118101
24	1320.904401	1320.904401
25	1781.999980	1781.999980
26	2404.052805	2404.052805
27	3243.249131	3243.249131
28	4375.388472	4375.388472
29	5902.730104	5902.730104
30	7963.229528	7963.229528
31	10742.999156	10742.999156
32	14493.118709	14493.118709
33	19552.313731	19552.313731
34	26377.550610	26377.550610
35	35585.311578	35585.311578
36	48007.277811	48007.277811
37	64765.450142	64765.450142
38	87373.492590	87373.492590
39	117873.452445	117873.452445
40	159020.206009	159020.206009
41	214530.289854	214530.289854
42	289417.593020	289417.593020
43	390446.231190	390446.231190
44	526741.508212	526741.508212
45	710614.149427	710614.149427
46	958672.254782	958672.254782
47	1293321.407729	1293321.407729
48	1744788.435617	1744788.435617
49	2353851.615593	2353851.615593
50	3175523.928933	3175523.928933
51	4284022.049829	4284022.049829
52	5779469.887223	5779469.887223
53	7796942.169952	7796942.169952
54	10518664.927378	10518664.927378
55	14190474.860883	14190474.860883
56	19144024.281372	19144024.281372
57	25826737.250072	25826737.250072
58	34842222.679026	34842222.679026
59	47004794.661449	47004794.661449
60	63413024.522543	63413024.522543
61	85548968.101219	85548968.101219
62	115412030.860973	115412030.860974
63	155699562.053098	155699562.053098
64	210050489.907150	210050489.907150
65	283374003.937064	283374003.937063
66	382292972.241192	382292972.241192
67	515742144.990350	515742144.990348
68	695775176.195057	695775176.195053
69	938653357.131246	938653357.131244
70	1266314400.108398	1266314400.108397
71	1708353938.905347	1708353938.905347
72	2304698722.784477	2304698722.784482
73	3109212957.478767	3109212957.478761
74	4194563532.049951	4194563532.049963
75	5658783578.037863	5658783578.037876
76	7634127207.371533	7634127207.371576
77	10299015223.787409	10299015223.787437
78	13894150791.381081	13894150791.381041
79	18744260690.843357	18744260690.843410
80	25287425919.131760	25287425919.131760
81	34114650887.669014	34114650887.669140
82	46023245264.636696	46023245264.636642
83	62088840119.261635	62088840119.261459
84	83762543149.414719	83762543149.414719
85	113002008434.700592	113002008434.700195
86	152448259450.505035	152448259450.505371
87	205664236692.910919	205664236692.911469
88	277456616473.933960	277456616473.934448
89	374309968826.084534	374309968826.083801
90	504972469365.301514	504972469365.304016
91	681246068910.791260	681246068910.789307
92	919052492088.781860	919052492088.786621
93	1239871350105.666260	1239871350105.663818
94	1672680263690.906006	1672680263690.904297
95	2256572235742.548828	2256572235742.544434
96	3044286685064.337402	3044286685064.344727
97	4106973078045.694824	4106973078045.677246
98	5540617428228.704102	5540617428228.726562
99	7474712130472.406250	7474712130472.459961
100	10083952223225.947266	10083952223225.990234
101	13604014531309.708984	13604014531309.736328
102	18352844923424.320312	18352844923424.269531
103	24759376433188.363281	24759376433188.535156
104	33402272177317.832031	33402272177317.683594
105	45062192483655.507812	45062192483655.242188
106	60792307201571.679688	60792307201572.054688
107	82013422143867.953125	82013422143867.218750
108	110642311854457.734375	110642311854457.593750
109	149264850222011.843750	149264850222010.718750
110	201369576777348.781250	201369576777349.625000
111	271662795300945.156250	271662795300946.437500
112	366493665685772.687500	366493665685772.187500
113	494427685023998.937500	494427685023999.312500
114	667020356984251.125000	667020356984248.750000
115	899860930339694.125000	899860930339699.875000
116	1213980481214817.750000	1213980481214814.000000
117	1637751522576080.750000	1637751522576080.750000
118	2209450721164965.500000	2209450721164944.250000
119	2980716196543546.500000	2980716196543541.500000
120	4021211679096630.500000	4021211679096604.000000
121	5424918812080845.000000	5424918812080822.000000
122	7318625943183391.000000	7318625943183387.000000
123	9873380146622298.000000	9873380146622368.000000
124	13319936867454256.000000	13319936867454214.000000
125	17969602660712180.000000	17969602660712144.000000
126	24242353623526568.000000	24242353623526640.000000
127	32704769287582004.000000	32704769287582108.000000
128	44121208310233736.000000	44121208310233584.000000
129	59522848353930904.000000	59522848353930728.000000
130	80300826107322992.000000	80300826107322624.000000
131	108331890220987376.000000	108331890220987408.000000
132	146147916625005568.000000	146147916625005696.000000
133	197164597518409376.000000	197164597518409600.000000
134	265989960119247968.000000	265989960119246912.000000
135	358840581801877312.000000	358840581801877056.000000
136	484103095809261504.000000	484103095809266368.000000
137	653091704944074240.000000	653091704944075520.000000
138	881070124853757056.000000	881070124853760896.000000
139	1188630262845387264.000000	1188630262845389312.000000
140	1603552159921888768.000000	1603552159921889024.000000
141	2163313193317744640.000000	2163313193317739776.000000
142	2918473180573408768.000000	2918473180573397504.000000
143	3937241141058984448.000000	3937241141058979840.000000
144	5311636202804386816.000000	5311636202804359168.000000
145	7165799131966264320.000000	7165799131966300160.000000
146	9667205214953863168.000000	9667205214953842688.000000
147	13041791284817610752.000000	13041791284817584128.000000
148	17594363224403365888.000000	17594363224403159040.000000
149	23736127232200765440.000000	23736127232200916992.000000
150	32021831583070928896.000000	32021831583071109120.000000
151	43199873673725960192.000000	43199873673726328832.000000
152	58279898218329964544.000000	58279898218330570752.000000
153	78623992329049030656.000000	78623992329049735168.000000
154	106069714579805028352.000000	106069714579806208000.000000
155	143096070522031636480.000000	143096070522032963584.000000
156	193047426213635784704.000000	193047426213635588096.000000
157	260435584511534563328.000000	260435584511535349760.000000
158	351347308846295744512.000000	351347308846298759168.000000
159	473994103628596445184.000000	473994103628595068928.000000
160	639453909615578185728.000000	639453909615581069312.000000
161	862671707078970834944.000000	862671707078971752448.000000
162	1163809405187533832192.000000	1163809405187547594752.000000
163	1570066944920645533696.000000	1570066944920659689472.000000
164	2118139104688907223040.000000	2118139104688904077312.000000
165	2857529917005590167552.000000	2857529917005591216128.000000
166	3855024067355230601216.000000	3855024067355252621312.000000
167	5200719149586767151104.000000	5200719149586715770880.000000
168	7016163634857550807040.000000	7016163634857586458624.000000
169	9465335607482141114368.000000	9465335607482057228288.000000
170	12769453910276129685504.000000	12769453910276234543104.000000
171	17226959500281391349760.000000	17226959500281468944384.000000
172	23240471809488536469504.000000	23240471809488507109376.000000
173	31353154915051017076736.000000	31353154915050505371648.000000
174	42297778254477650821120.000000	42297778254477365608448.000000
175	57062903242509388873728.000000	57062903242509388873728.000000
176	76982174025163844091904.000000	76982174025164196413440.000000
177	103854777462948980850688.000000	103854777462948762746880.000000
178	140107952762583934566400.000000	140107952762583733239808.000000
179	189016229266156775538688.000000	189016229266156238667776.000000
180	254997194816890572111872.000000	254997194816892249833472.000000
181	344010509663286234972160.000000	344010509663284154597376.000000
182	464096206406406931218432.000000	464096206406405790367744.000000
183	626100897358148970479616.000000	626100897358149775785984.000000
184	844657483214598818496512.000000	844657483214597342101504.000000
185	1139506854184093912924160.000000	1139506854184087873126400.000000
186	1537280964812847534047232.000000	1537280964812841628467200.000000
187	2073908336837547465375744.000000	2073908336837536727957504.000000
188	2797859264541073212440576.000000	2797859264541067306860544.000000
189	3774523842319422473633792.000000	3774523842319421399891968.000000
190	5092118255124133407883264.000000	5092118255124076499566592.000000
191	6869652811156904573140992.000000	6869652811156901351915520.000000
192	9267681420860012565102592.000000	9267681420860115644317696.000000
193	12502803457412173804863488.000000	12502803457412051398295552.000000
194	16867227863792088896241664.000000	16867227863792247810031616.000000
195	22755166613486054972325888.000000	22755166613485947598143488.000000
196	30698441485991650409840640.000000	30698441485991873748140032.000000
197	41414520301087984279617536.000000	41414520301088671474384896.000000
198	55871321433431388100493312.000000	55871321433431748877746176.000000
199	75374640006051059654983680.000000	75374640006051085424787456.000000
200	101686092440303506231918592.000000	101686092440303643670872064.000000
