0	1.000000	1.000000
1	2.000000	2.000000
2	4.000000	4.000000
3	8.000000	8.000000
4	16.000000	16.000000
5	32.000000	32.000000
6	64.000000	64.000000
7	128.000000	128.000000
8	256.000000	256.000000
9	512.000000	512.000000
10	1024.000000	1024.000000
11	2048.000000	2048.000000
12	4096.000000	4096.000000
13	8192.000000	8192.000000
14	16384.000000	16384.000000
15	32768.000000	32768.000000
16	65536.000000	65536.000000
17	131072.000000	131072.000000
18	262144.000000	262144.000000
19	524288.000000	524288.000000
20	1048576.000000	1048576.000000
21	2097152.000000	2097152.000000
22	4194304.000000	4194304.000000
23	8388608.000000	8388608.000000
24	16777216.000000	16777216.000000
25	33554432.000000	33554432.000000
26	67108864.000000	67108864.000000
27	134217728.000000	134217728.000001
28	268435456.000000	268435456.000000
29	536870912.000000	536870911.999999
30	1073741824.000000	1073741823.999999
31	2147483648.000001	2147483647.999999
32	4294967296.000000	4294967295.999992
33	8589934591.999999	8589934591.999979
34	17179869183.999990	17179869184.000015
35	34359738368.000000	34359738367.999912
36	68719476735.999969	68719476735.999794
37	137438953471.999985	137438953471.999832
38	274877906943.999847	274877906943.999725
39	549755813888.000366	549755813887.998840
40	1099511627776.000244	1099511627776.005615
41	2199023255551.999268	2199023255551.995117
42	4398046511103.996094	4398046511104.005859
43	8796093022207.992188	8796093022208.013672
44	17592186044415.994141	17592186044415.912109
45	35184372088831.980469	35184372088831.945312
46	70368744177663.960938	70368744177664.375000
47	140737488355328.156250	140737488355327.859375
48	281474976710655.937500	281474976710655.968750
49	562949953421312.875000	562949953421313.000000
50	1125899906842624.750000	1125899906842617.750000
51	2251799813685248.500000	2251799813685241.250000
52	4503599627370495.000000	4503599627370484.500000
53	9007199254740986.000000	9007199254740988.000000
54	18014398509481992.000000	18014398509481938.000000
55	36028797018963936.000000	36028797018964048.000000
56	72057594037927928.000000	72057594037927640.000000
57	144115188075855904.000000	144115188075855568.000000
58	288230376151711744.000000	288230376151711040.000000
59	576460752303423616.000000	576460752303421696.000000
60	1152921504606847744.000000	1152921504606843264.000000
61	2305843009213695488.000000	2305843009213678848.000000
62	4611686018427387904.000000	4611686018427385856.000000
63	9223372036854779904.000000	9223372036854767616.000000
64	18446744073709545472.000000	18446744073709455360.000000
65	36893488147419152384.000000	36893488147419299840.000000
66	73786976294838255616.000000	73786976294838829056.000000
67	147573952589676445696.000000	147573952589675954176.000000
68	295147905179353219072.000000	295147905179352203264.000000
69	590295810358705520640.000000	590295810358704799744.000000
70	1180591620717411827712.000000	1180591620717424934912.000000
71	2361183241434822082560.000000	2361183241434813693952.000000
72	4722366482869646262272.000000	4722366482869691351040.000000
73	9444732965739294621696.000000	9444732965739397382144.000000
74	18889465931478561980416.000000	18889465931478622797824.000000
75	37778931862957161709568.000000	37778931862957237207040.000000
76	75557863725914440859648.000000	75557863725914474414080.000000
77	151115727451828680392704.000000	151115727451827942195200.000000
78	302231454903657830547456.000000	302231454903655716618240.000000
79	604462909807313983373312.000000	604462909807312641196032.000000
80	1208925819614631053754368.000000	1208925819614626221916160.000000
81	2417851639229252175396864.000000	2417851639229246269816832.000000
82	4835703278458518846308352.000000	4835703278458493076504576.000000
83	9671406556917028028940288.000000	9671406556917087084740608.000000
84	19342813113834071090266112.000000	19342813113834118334906368.000000
85	38685626227668142180532224.000000	38685626227668112115761152.000000
86	77371252455336387440279552.000000	77371252455337229253869568.000000
87	154742504910672774880559104.000000	154742504910674080550617088.000000
88	309485009821345034365042688.000000	309485009821347748784373760.000000
89	618970019642689244096364544.000000	618970019642689381535318016.000000
90	1237940039285381099532845056.000000	1237940039285392919282843648.000000
91	2475880078570757801019179008.000000	2475880078570786938077315072.000000
92	4951760157141515052282544128.000000	4951760157141496360584871936.000000
93	9903520314283041099681366016.000000	9903520314282989422634860544.000000
94	19807040628566082199362732032.000000	19807040628565981044292976640.000000
95	39614081257132142408492908544.000000	39614081257131874127655731200.000000
96	79228162514264372777916039168.000000	79228162514264126487311417344.000000
97	158456325028528710371459989504.000000	158456325028527760393413591040.000000
98	316912650057056998530454913024.000000	316912650057057350374175801344.000000
99	633825300114114841485839958016.000000	633825300114116671073188577280.000000
100	1267650600228227853384331296768.000000	1267650600228227149696889520128.000000
101	2535301200456459928893313253376.000000	2535301200456500461289959587840.000000
102	5070602400912911413537325187072.000000	5070602400912920983686533349376.000000
103	10141204801825825078874464059392.000000	10141204801825927535765986738176.000000
104	20282409603651659164948182859776.000000	20282409603651697445545015508992.000000
105	40564819207303313826296738349056.000000	40564819207303273293900092014592.000000
106	81129638414606825810977080999936.000000	81129638414606699710187514626048.000000
107	162259276829213507506766086144000.000000	162259276829213255305186953396224.000000
108	324518553658426726783156020576256.000000	324518553658425862092027565441024.000000
109	649037107316852732990371661873152.000000	649037107316860082864963530522624.000000
110	1298074214633707195363000234016768.000000	1298074214633699124912467986087936.000000
111	2596148429267412661343743557763072.000000	2596148429267433413930826481008640.000000
112	5192296858534818405158459474444288.000000	5192296858534836851902533183995904.000000
113	10384593717069650645374974231052288.000000	10384593717069620669415854453030912.000000
114	20769187434139303596592957675798528.000000	20769187434139425806272446001577984.000000
115	41538374868278588746441841642045440.000000	41538374868278667145104154907639808.000000
116	83076749736557334290208309815279616.000000	83076749736556670207421656271421440.000000
117	166153499473114410325999587696836608.000000	166153499473116660828776580262133760.000000
118	332306998946229042012928059908292608.000000	332306998946227750740842900239679488.000000
119	664613997892455649055638390155771904.000000	664613997892452476215657712112893952.000000
120	1329227995784917053495427777691648000.000000	1329227995784915872903807060280344576.000000
121	2658455991569824957405794995445694464.000000	2658455991569827908884846788973953024.000000
122	5316911983139654637178072860536602624.000000	5316911983139743771845437025090011136.000000
123	10633823966279313996722628590718418944.000000	10633823966279343511513146526001004544.000000
124	21267647932558687023026293052002009088.000000	21267647932558946753182850882488762368.000000
125	42535295865117251264524031493228462080.000000	42535295865117761280104181414911541248.000000
126	85070591730234540307979925943618633728.000000	85070591730235805902197335008535904256.000000
127	170141183460469345068482892587369234432.000000	170141183460468041695333620565290254336.000000
128	340282366920938841252693237003385307136.000000	340282366920936007832803515216257089536.000000
129	680564733841877833621113925835417452544.000000	680564733841884180481666902638584659968.000000
130	1361129467683752342696223911440604463104.000000	1361129467683743880215486609036381519872.000000
131	2722258935367502569772263497280153190400.000000	2722258935367495013985890905847811276800.000000
132	5444517870735015415413993718908291383296.000000	5444517870734939857550267804584872247296.000000
133	10889035741470045337937822813366679240704.000000	10889035741469915982875124048044985679872.000000
134	21778071482940085840172367168216659656704.000000	21778071482940172882831379421517238501376.000000
135	43556142965880036280652937497965752221696.000000	43556142965880771307551263192503973576704.000000
136	87112285931760401389128810175067024523264.000000	87112285931762180927935282909212192014336.000000
137	174224571863520183808237977659996599484416.000000	174224571863520396579182229834731347771392.000000
138	348449143727040561044607093660661151956992.000000	348449143727044313550351177469619439927296.000000
139	696898287454082901628020660055467471405056.000000	696898287454078259352873339879436599689216.000000
140	1393796574908164565316002034730660043685888.000000	1393796574908162089435923463970110245437440.000000
141	2787593149816332225482102282912007335182336.000000	2787593149816308395136346039341715527041024.000000
142	5575186299632652690533831354711403128684544.000000	5575186299632622979972888505584805549703168.000000
143	11150372599265314046647937707084730551238656.000000	11150372599265388323050294829901224498692096.000000
144	22300745198530613238015403989606162312986624.000000	22300745198530608286255246848085062716489728.000000
145	44601490397061241331311279403775623415463936.000000	44601490397061157151388607997916930275016704.000000
146	89202980794122244978135016014538466199076864.000000	89202980794121640863395844748964315426455552.000000
147	178405961588244905904123231916849298503892992.000000	178405961588243519411279232290941411484762112.000000
148	356811923176489098754783835454660255112232960.000000	356811923176485493873389436427299748862492672.000000
149	713623846352978989791192813552696445663969280.000000	713623846352973523047979329313402491131396096.000000
150	1427247692705959405689310883863469575119044608.000000	1427247692705948155290233858327531291878096896.000000
151	2854495385411922931243072509472494014523506688.000000	2854495385411895993667817659597712209580392448.000000
152	5708990770823843327184944562486185035640602624.000000	5708990770823802128540437145030636392786427904.000000
153	11417981541647691724972290037889976058094026752.000000	11417981541647609327683275202978878772385677312.000000
154	22835963083295368238137377337027134155749588992.000000	22835963083295340349824172315980301228279070720.000000
155	45671926166590797323503565629065540153253036032.000000	45671926166590619852419533676949330614804283392.000000
156	91343852333181209281224661876393025308731637760.000000	91343852333181574364597527606460656359254786048.000000
157	182687704666362803928231793134524105615237709824.000000	182687704666364365673771274313146749553586733056.000000
158	365375409332725972939836451999115842280998567936.000000	365375409332724431476706574472163622289900830720.000000
159	730750818665450972324011928718051335093935407104.000000	730750818665445374378961320857014325652580466688.000000
160	1461501637330902593685131174289556236499911966720.000000	1461501637330909084056204342824091899620323491840.000000
161	2923003274661802591221833081165298207751659323392.000000	2923003274661875932414959885605551201012309557248.000000
162	5846006549323612970888953964572039211247812476928.000000	5846006549323711624529266126296981290678067658752.000000
163	11692013098647214259109976225781914228878884208640.000000	11692013098647175316883537214574700250156415057920.000000
164	23384026197294412941329376847080942866268780756992.000000	23384026197294399960587230510011871540027957706752.000000
165	46768052394588872613330480507610542507004524494848.000000	46768052394588966074673934134507856055938450456576.000000
166	93536104789177547919380336691771200855148538626048.000000	93536104789176717151882971119350635975735863410688.000000
167	187072209578355241223072712358716000564194295414784.000000	187072209578355573530071658587684226515959365500928.000000
168	374144419156711728597391473076062848447507603652608.000000	374144419156709900908897268816737605712799718178816.000000
169	748288838313421214122540059106590171720600984223744.000000	748288838313420632585291903205895776305012111572992.000000
170	1496577676626844920547572214930442038079439994093568.000000	1496577676626830132886119107741355983225894375260160.000000
171	2993155353253688511867148644945011172351819707842560.000000	2993155353253689841095144429860884076158879988187136.000000
172	5986310706507377688348295182347958796607169555857408.000000	5986310706507306574650520689348758442929444557422592.000000
173	11972621413014735438276653590957824036108434906546176.000000	11972621413014736767504649375873696939915495186890752.000000
174	23945242826029555947145037416531513915868727755145216.000000	23945242826029912180247907773985452136160882887491584.000000
175	47890485652059069358994209715755094909911526539264000.000000	47890485652059069358994209715755094909911526539264000.000000
176	95780971304118266323876014783433988585300839991607296.000000	95780971304117809069445464772373709675672103553073152.000000
177	191561942608235639406538862103401385812257171591659520.000000	191561942608234214474127380673585632931088551062274048.000000
178	383123885216472214589586756787577295904684780545900544.000000	383123885216472725013137138195272490966595928198217728.000000
179	766247770432945790308641197329008445307799288164646912.000000	766247770432938729449527587855891580284695078974259200.000000
180	1532495540865890219487814710904163037117168849256448000.000000	1532495540865884774969943975888747623123449940965064704.000000
181	3064991081731785883493500156823741488228056606804279296.000000	3064991081731769549939887951777495246246899881930129408.000000
182	6129982163463542502703445112939625126239874081542373376.000000	6129982163463483974136334711523909425807395817410002944.000000
183	12259964326927119033643582319725596589940491339905892352.000000	12259964326927342258876282455357628563682966579852607488.000000
184	24519928653854208122438875596866408402915528684209176576.000000	24519928653854205400179940229358700695918669230063484928.000000
185	49039857307708476134574329278902386359761965359623569408.000000	49039857307708911696003988080135619479259478022934233088.000000
186	98079714615417170049863487958421389279272687050902470656.000000	98079714615415994034003409195091659856629402859963678720.000000
187	196159429230834209431298078276472808622696120302811742208.000000	196159429230835646784015952320542477917037912091736932352.000000
188	392318858461667809076594634231219090878095722876988555264.000000	392318858461665587713303374344929601968658408294104170496.000000
189	784637716923334834142615882620218362141095922960017915904.000000	784637716923336140826904859023918061499588460949949906944.000000
190	1569275433846667926039513130035503791804201795266793177088.000000	1569275433846688658763564888974205688292283398040380768256.000000
191	3138550867693340381917894711603833208051177722232017256448.000000	3138550867693301355613797283013335520544200587599381790720.000000
192	6277101735386680763835789423207666416102355444464034512896.000000	6277101735386814568306980606946515630411991334633070395392.000000
193	12554203470773360133875003938251386486222318848405474902016.000000	12554203470773194272082589866741771314317666026216774172672.000000
194	25108406941546756506460955488765377967986830750398397022208.000000	25108406941546714692563708243846987588515069534720573308928.000000
195	50216813883093312306215124201922482114509207665543240220672.000000	50216813883092765937957760201655514489411527780686343700480.000000
196	100433627766187048326589020485684653407665595649955094069248.000000	100433627766186490807959057220106115014708779440917444558848.000000
197	200867255532373962848706849787630457601021555409741152256000.000000	200867255532377129554525041136116555673016271477075001475072.000000
198	401734511064746275442269008309148441558890934840730861961216.000000	401734511064740878661930963898348189915068953937246414700544.000000
199	803469022129494959365019457925596168975355315704504369807360.000000	803469022129514584020794164873960720407435246262629632573440.000000
200	1606938044258990097136000504096177470236456812595900787458048.000000	1606938044258972434945803267842649373947584875093588050968576.000000
