0	1.000000	1.000000
1	2.000000	2.000000
2	4.000000	4.000000
3	8.000000	8.000000
4	16.000000	16.000000
5	32.000000	32.000000
6	64.000000	64.000000
7	128.000000	128.000000
8	256.000000	256.000000
9	512.000000	512.000000
10	1024.000000	1024.000000
11	2048.000000	2048.000000
12	4096.000000	4096.000000
13	8192.000000	8192.000000
14	16384.000000	16384.000000
15	32768.000000	32768.000000
16	65536.000000	65536.000000
17	131072.000000	131072.000000
18	262144.000000	262144.000000
19	524288.000000	524288.000000
20	1048576.000000	1048576.000000
21	2097152.000000	2097152.000000
22	4194304.000000	4194304.000000
23	8388608.000000	8388608.000000
24	16777216.000000	16777216.000000
25	33554432.000000	33554432.000000
26	67108864.000000	67108864.000000
27	134217728.000000	134217728.000000
28	268435456.000000	268435456.000001
29	536870912.000000	536870911.999998
30	1073741824.000000	1073741824.000001
31	2147483648.000000	2147483648.000001
32	4294967295.999997	4294967296.000004
33	8589934592.000006	8589934592.000011
34	17179869183.999989	17179869183.999933
35	34359738367.999989	34359738367.999870
36	68719476735.999985	68719476735.999825
37	137438953471.999969	137438953471.999985
38	274877906943.999969	274877906943.999329
39	549755813888.000366	549755813887.999207
40	1099511627775.999756	1099511627775.997314
41	2199023255551.997070	2199023255551.997803
42	4398046511103.998535	4398046511103.986816
43	8796093022207.995117	8796093022208.044922
44	17592186044416.011719	17592186044416.054688
45	35184372088832.000000	35184372088832.250000
46	70368744177664.062500	70368744177663.890625
47	140737488355328.218750	140737488355327.687500
48	281474976710656.187500	281474976710655.187500
49	562949953421312.125000	562949953421310.000000
50	1125899906842623.875000	1125899906842623.375000
51	2251799813685249.000000	2251799813685244.250000
52	4503599627370487.000000	4503599627370489.000000
53	9007199254740989.000000	9007199254741032.000000
54	18014398509481980.000000	18014398509481922.000000
55	36028797018963932.000000	36028797018963912.000000
56	72057594037927968.000000	72057594037927824.000000
57	144115188075855936.000000	144115188075855408.000000
58	288230376151711872.000000	288230376151711712.000000
59	576460752303423488.000000	576460752303423488.000000
60	1152921504606848256.000000	1152921504606841344.000000
61	2305843009213692672.000000	2305843009213699072.000000
62	4611686018427386368.000000	4611686018427367936.000000
63	9223372036854784000.000000	9223372036854735872.000000
64	18446744073709551616.000000	18446744073709486080.000000
65	36893488147419062272.000000	36893488147419000832.000000
66	73786976294838099968.000000	73786976294837936128.000000
67	147573952589676331008.000000	147573952589676773376.000000
68	295147905179352825856.000000	295147905179350073344.000000
69	590295810358706438144.000000	590295810358707355648.000000
70	1180591620717412876288.000000	1180591620717406846976.000000
71	2361183241434820771840.000000	2361183241434851966976.000000
72	4722366482869645213696.000000	4722366482869640495104.000000
73	9444732965739289378816.000000	9444732965739338661888.000000
74	18889465931478593437696.000000	18889465931478566174720.000000
75	37778931862957161709568.000000	37778931862957421756416.000000
76	75557863725914390528000.000000	75557863725914088538112.000000
77	151115727451828529397760.000000	151115727451829049491456.000000
78	302231454903658166091776.000000	302231454903655716618240.000000
79	604462909807315526877184.000000	604462909807313312284672.000000
80	1208925819614627161440256.000000	1208925819614621121642496.000000
81	2417851639229258886283264.000000	2417851639229268549959680.000000
82	4835703278458516161953792.000000	4835703278458517772566528.000000
83	9671406556917026955198464.000000	9671406556917117149511680.000000
84	19342813113834056057880576.000000	19342813113834008813240320.000000
85	38685626227668090640924672.000000	38685626227668090640924672.000000
86	77371252455336198461718528.000000	77371252455336026663026688.000000
87	154742504910672328203960320.000000	154742504910673393355849728.000000
88	309485009821345034365042688.000000	309485009821345206163734528.000000
89	618970019642689106657411072.000000	618970019642688144584736768.000000
90	1237940039285379725143310336.000000	1237940039285378350753775616.000000
91	2475880078570762748821504000.000000	2475880078570759175408713728.000000
92	4951760157141518900573241344.000000	4951760157141573876154630144.000000
93	9903520314283030104565088256.000000	9903520314283138956216238080.000000
94	19807040628566060209130176512.000000	19807040628565981044292976640.000000
95	39614081257132120418260353024.000000	39614081257131975282725486592.000000
96	79228162514264293613078839296.000000	79228162514264214448241639424.000000
97	158456325028528569633971634176.000000	158456325028528112237134479360.000000
98	316912650057057315189803712512.000000	316912650057059672542733664256.000000
99	633825300114114700748351602688.000000	633825300114113011898491338752.000000
100	1267650600228226586746936098816.000000	1267650600228222223884797083648.000000
101	2535301200456460491843266674688.000000	2535301200456451203169035223040.000000
102	5070602400912909724687464923136.000000	5070602400912959264283365998592.000000
103	10141204801825819449374929846272.000000	10141204801825794679576979308544.000000
104	20282409603651679431146506027008.000000	20282409603651654661348555489280.000000
105	40564819207303403898289285758976.000000	40564819207303228257903818309632.000000
106	81129638414606699710187514626048.000000	81129638414606204314228503871488.000000
107	162259276829213507506766086144000.000000	162259276829212985089209311166464.000000
108	324518553658426402523982849900544.000000	324518553658425970178418622332928.000000
109	649037107316853381508718003224576.000000	649037107316859218173835075387392.000000
110	1298074214633705610095931399602176.000000	1298074214633698980797279910232064.000000
111	2596148429267412661343743557763072.000000	2596148429267401996819825944428544.000000
112	5192296858534829934373505542914048.000000	5192296858534826475608991722373120.000000
113	10384593717069659868747011085828096.000000	10384593717069659868747011085828096.000000
114	20769187434139259785575782615613440.000000	20769187434139266703104810256695296.000000
115	41538374868278593358127860069433344.000000	41538374868278971516381371115241472.000000
116	83076749736557214386371830703194112.000000	83076749736557242056487941267521536.000000
117	166153499473114318092279219149078528.000000	166153499473113727796468860443426816.000000
118	332306998946228857545487322812776448.000000	332306998946233395444529455362473984.000000
119	664613997892457493730045761110933504.000000	664613997892453951955183608877023232.000000
120	1329227995784914397164281163516215296.000000	1329227995784925317636772799570771968.000000
121	2658455991569825842849510533504172032.000000	2658455991569831450659708941207863296.000000
122	5316911983139669394573331828177895424.000000	5316911983139632205937279229721837568.000000
123	10633823966279352956246112265291431936.000000	10633823966279258508916454872387158016.000000
124	21267647932558632715811740051082051584.000000	21267647932558715357225190269873291264.000000
125	42535295865117232375058100014647607296.000000	42535295865116982089634507923451281408.000000
126	85070591730234653644775514815103762432.000000	85070591730234058626598673239806836736.000000
127	170141183460469609521005933287501201408.000000	170141183460471347351871629316939841536.000000
128	340282366920938841252693237003385307136.000000	340282366920939672389194222060942917632.000000
129	680564733841877984736841377664064290816.000000	680564733841874055727927630119246495744.000000
130	1361129467683753400506316074241132331008.000000	1361129467683763827491510250417764171776.000000
131	2722258935367513752336094932600019222528.000000	2722258935367485644810788892471707303936.000000
132	5444517870735009370784895645762417852416.000000	5444517870734964640529569904482953723904.000000
133	10889035741470040502234544354849980416000.000000	10889035741470113037783721232600462786560.000000
134	21778071482940051990249417958599767883776.000000	21778071482940395325182188513285384437760.000000
135	43556142965880065294872608249065945169920.000000	43556142965880036280652937497965752221696.000000
136	87112285931760217632404228751432469184512.000000	87112285931760207960997671834399071535104.000000
137	174224571863520338550742888332530961874944.000000	174224571863522814430821459093080760123392.000000
138	348449143727040406302102182988126789566464.000000	348449143727039284418941580612252662235136.000000
139	696898287454080735232951910639986397937664.000000	696898287454076479814066867145291432198144.000000
140	1393796574908164565316002034730660043685888.000000	1393796574908152959628133734290582864396288.000000
141	2787593149816321084021748714489533243064320.000000	2787593149816310561531414788757196600508416.000000
142	5575186299632648976713713498570578431311872.000000	5575186299632593269411945656458207970721792.000000
143	11150372599265323950168251990126929744232448.000000	11150372599265648290458544759758953314779136.000000
144	22300745198530576099814225428197915339259904.000000	22300745198530751887299803952196951014899712.000000
145	44601490397061345318274579375718714941898752.000000	44601490397060790721136979525355560134246400.000000
146	89202980794122591601346015921015437953859584.000000	89202980794122433145020987392340250865958912.000000
147	178405961588244747447798203388174111415992320.000000	178405961588244866290041974784680501731917824.000000
148	356811923176489653351921435305023409919885312.000000	356811923176487078436639721714051619741499392.000000
149	713623846352979306703842870610046819839770624.000000	713623846352985328044193954699703929179996160.000000
150	1427247692705959564145635912392144762206945280.000000	1427247692705954968912210085060564336657825792.000000
151	2854495385411921663592472281243092517820301312.000000	2854495385411919762116571938898990272765493248.000000
152	5708990770823833185980142736650973062014959616.000000	5708990770823864877245148442386010479595094016.000000
153	11417981541647671442562686386219552110842740736.000000	11417981541647656230755483647466734150404276224.000000
154	22835963083295383449944580075779952116188053504.000000	22835963083295261755486958165757408432680337408.000000
155	45671926166590559005190722721938058773050425344.000000	45671926166590538722781119070267634825799139328.000000
156	91343852333181270128453472831404297150485495808.000000	91343852333182771026764143055015669247080660992.000000
157	182687704666362661951364567572831137984478707712.000000	182687704666362337432810909146104354828458131456.000000
158	365375409332726135199113281212479233859008856064.000000	365375409332726378588028525032524321226024288256.000000
159	730750818665452270398226562424958467718017712128.000000	730750818665448213916305832090873678267760508928.000000
160	1461501637330902269166577515862829453343891390464.000000	1461501637330896103314058005755020573379500441600.000000
161	2923003274661803240258940398018751774063700475904.000000	2923003274661831148854555022717255125481470033920.000000
162	5846006549323606480517880796037503548127400951808.000000	5846006549323573379625407636511371666213302173696.000000
163	11692013098647231134074766463971706952991954173952.000000	11692013098647222047555264028023357024623378038784.000000
164	23384026197294444095110528056046714049246756077568.000000	23384026197294410345180947579667128601020616146944.000000
165	46768052394588955690080217064852598994945792016384.000000	46768052394588368960535202629330575048860590145536.000000
166	93536104789177776380442112224186856196987024310272.000000	93536104789177641380723790318668514404082464587776.000000
167	187072209578355511222509356169752684150003414859776.000000	187072209578356570451068497274588904371254575759360.000000
168	374144419156710690138019766110537142348241759633408.000000	374144419156705331687661758168424498876030004494336.000000
169	748288838313421878736537951564526623624131124396032.000000	748288838313425284883277150411450939629723092779008.000000
170	1496577676626840268249586967724886874754729012887552.000000	1496577676626835615951601720519331711430018031681536.000000
171	2993155353253687847253150752487074720448289567670272.000000	2993155353253632019677327786020412760551757793198080.000000
172	5986310706507363731454339440731293306633036612239360.000000	5986310706507349109946385806656691364755373528449024.000000
173	11972621413014742084416632515537188555143736308269056.000000	11972621413014720816768699956883222094230771822755840.000000
174	23945242826029534679497104857877547454955763269632000.000000	23945242826029486827289256600906122917901593177227264.000000
175	47890485652059069358994209715755094909911526539264000.000000	47890485652058516400147963190751966926174449915920384.000000
176	95780971304118159985636351990164156280736017564041216.000000	95780971304117128504711622895446782926457240016650240.000000
177	191561942608236022224201648159172782108690532330897408.000000	191561942608239850400829508716886745073024139723276288.000000
178	383123885216471661630740510262574167920947703922556928.000000	383123885216469407260059659045253723064173468458156032.000000
179	766247770432944769461540434513618055183976992860012544.000000	766247770432942812837930639117453140779984260192796672.000000
180	1532495540865890219487814710904163037117168849256448000.000000	1532495540865882733275742450257966842875805350355795968.000000
181	3064991081731770230504621793654422172996114745466552320.000000	3064991081731772272198823319285202953243759336075821056.000000
182	6129982163463542502703445112939625126239874081542373376.000000	6129982163463552711174452741093529027478097034588717056.000000
183	12259964326927082283147954858371542545482888708939055104.000000	12259964326926952975848524901755426463132064637018701824.000000
184	24519928653854243511805035374466608593874701588103168000.000000	24519928653854191788885263391820162160934371959335026688.000000
185	49039857307708329132591819433486170181931554835756220416.000000	49039857307708171241573568118039123176113706495306104832.000000
186	98079714615416560263861965636694862911976169322267541504.000000	98079714615415787142324321264505874124868084344891113472.000000
187	196159429230833730313725453595116252191248856373170012160.000000	196159429230832706744365755412218154360429701614389952512.000000
188	392318858461667634852022770710725797630296717811664289792.000000	392318858461663714799155841499626699554819103841868316672.000000
189	784637716923337708848051630708357700729779506537868296192.000000	784637716923337534623479767187864407481980501472544030720.000000
190	1569275433846668797162372447637970258043196820593414504448.000000	1569275433846667054916653812433037325565206769940171849728.000000
191	3138550867693346654002481798341591764971941904583690813440.000000	3138550867693311809088109094242933115412140891518837719040.000000
192	6277101735386675188649489790551881032172787282373658017792.000000	6277101735386580410482396035403529505370128526837257601024.000000
193	12554203470773325288960631234152727836662517835340621807616.000000	12554203470773180334116840785102307854493745620990832934912.000000
194	25108406941546692391818509713223846052796796886359067328512.000000	25108406941547314025090918754343916360943646959436046532608.000000
195	50216813883093557614412308038777039007410206797519806005248.000000	50216813883093267704724727140676199043072662368820228259840.000000
196	100433627766186736116156241056960671907609778572894010343424.000000	100433627766188787784714505874289693193690862222152560541696.000000
197	200867255532374007450197246848876740672458100706464164216832.000000	200867255532373606036783673297660193029529193035957056569344.000000
198	401734511064747301276548140717812952201931476665360137060352.000000	401734511064747524284000126024044367559114203148975196864512.000000
199	803469022129493978132230722578177941403751319176598106669056.000000	803469022129490677621941340045952994117446967219095221567488.000000
200	1606938044258991702789654798301043660808172443277929218048000.000000	1606938044258977251906766150457247945662731767139673342738432.000000
