O0
  rapi_rec;         10;      10000;       2.897e+16;          46.060;          46.314;          46.146;           0.063 ( 0.137 %)
O1
  rapi_rec;         10;      10000;       3.158e+18;          16.114;          16.236;          16.133;           0.021 ( 0.128 %)
O2
  rapi_rec;         10;      10000;       3.320e+13;          16.119;          16.138;          16.124;           0.007 ( 0.042 %)
O3
  rapi_rec;         10;      10000;       3.820e+12;          14.662;          14.843;          14.834;           0.032 ( 0.217 %)
Ofast
  rapi_rec;         10;      10000;       3.874e+16;          12.344;          14.793;          12.428;           0.426 ( 3.426 %)
