0.00000000000000000
0.00000026653041292
0.00000052539864724
0.00000080028513990
0.00000096823892355
0.00000131200296883
0.00000029412379982
0.00000221610804067
0.00000047488212348
0.00000038095192694
0.00000019677320369
0.00000059492101132
0.00000337579712286
0.00000070373260256
0.00000393582094966
0.00000085261013022
0.00000312366821136
0.00000396358508957
0.00000599717156118
0.00000440882266483
0.00000387171784113
0.00000045352828348
0.00000567860740961
0.00000288408012486
0.00000211101568049
0.00000698669031659
0.00000822420078450
0.00000170400036859
0.00000064009653339
0.00001003669472426
0.00000997563999834
0.00000508825571905
0.00000393455480658
0.00000612698759693
0.00000888376118148
0.00000933913484068
0.00000443203089152
0.00000980413373568
0.00001071951181217
0.00000895982261934
0.00001052549813897
0.00001427294061655
0.00000389297393081
0.00000999677657331
0.00000242613376563
0.00001179774877707
0.00001524311881277
0.00001151704417686
0.00000265033993147
0.00001634356512949
0.00000111642164414
0.00001007546614173
0.00000280510150726
0.00001225287710267
0.00001408089520277
0.00001333630849253
0.00000296442990637
0.00001501509546486
0.00000743272240483
0.00001555749346106
