0.00000000000000000
0.00000026653041292
0.00000066375418901
0.00000072575879990
0.00000080766204223
0.00000165798715127
0.00000159869419416
0.00000060989667279
0.00000101563139961
0.00000108002153650
0.00000214233083577
0.00000377269857235
0.00000235603963812
0.00000368565057340
0.00000402035960302
0.00000076153526120
0.00000086699007593
0.00000153242895635
0.00000155604804695
0.00000440882266483
0.00000314481328030
0.00000023995388438
0.00000207390824299
0.00000486709348281
0.00000807494421235
0.00000468518438092
0.00000626130298422
0.00000637851590509
0.00000771438163857
0.00000183417087019
0.00000865361212493
0.00000074056908382
0.00001015274777961
0.00000429999833419
0.00000953984295077
0.00000964205237602
0.00000334423756624
0.00000734314903293
0.00001324452031489
0.00000637560144891
0.00001052549813897
0.00001032652748742
0.00000967506177584
0.00000275998451456
0.00000844607244361
0.00001573150267440
0.00001306690134018
0.00001244249465706
0.00000118806903387
0.00001398057272575
0.00000960205573452
0.00001373215090137
0.00001032578585309
0.00000164291115688
0.00001252221939896
0.00001434382059999
0.00001291401436039
0.00001975737432765
0.00001331149612630
0.00001879953924397
