0.00000000000000000
0.00000026653041292
0.00000004115425102
0.00000020407441995
0.00000016535451697
0.00000148499506005
0.00000048049099901
0.00000071028488328
0.00000101563139961
0.00000038095192694
0.00000245613045385
0.00000282612653289
0.00000221035999744
0.00000447036582889
0.00000393582094966
0.00000349378133165
0.00000557657922813
0.00000216664359980
0.00000428904713263
0.00000103514047600
0.00000572202035962
0.00000579288826090
0.00000583199886351
0.00000131419454981
0.00000389129285418
0.00000660310599397
0.00000925730488991
0.00000715760182784
0.00000075999967077
0.00000667818102023
0.00000927983585444
0.00000164009045663
0.00000304624152472
0.00001143395640775
0.00001178926615977
0.00000095841636287
0.00000454081022405
0.00000910099524918
0.00000800512767176
0.00001358421839799
0.00000781473833455
0.00000819546439769
0.00000236242126595
0.00000908072694562
0.00001229488569674
0.00001030930135645
0.00001593034538306
0.00001231910125970
0.00000258387307249
0.00000767925964911
0.00000481924379267
0.00001373215090137
0.00001283268063503
0.00000280036198733
0.00000129975361151
0.00000314924162822
0.00000314533144190
0.00001306621374043
0.00000134399247902
0.00001970429620664
