0.00000000000000000
0.00000026653041292
0.00000017950979280
0.00000035312709994
0.00000016535451697
0.00000131200296883
0.00000029412379982
0.00000060989667279
0.00000220527980711
0.00000247816075564
0.00000258165030108
0.00000045969643425
0.00000410419532625
0.00000258704921572
0.00000199143192254
0.00000039723578514
0.00000086699007593
0.00000100391675347
0.00000622492148498
0.00000103514047600
0.00000043544173537
0.00000116544294714
0.00000268747405858
0.00000296670568144
0.00000629466703866
0.00000526056086484
0.00000150902409932
0.00000237178830238
0.00000465685163549
0.00000758239624823
0.00000273927690175
0.00000388889388864
0.00000910292299196
0.00000186401265053
0.00000316647719194
0.00000630995948725
0.00001019733551550
0.00000206961038420
0.00000087197865160
0.00000025507762422
0.00000928001390451
0.00000093406424010
0.00001163076795872
0.00001210369071699
0.00000104450849527
0.00001169143110417
0.00000871446639502
0.00000250932616959
0.00000929702582966
0.00000696320134494
0.00001307345149877
0.00001448010914766
0.00000656544368017
0.00001379614487660
0.00000129975361151
0.00000953015164213
0.00000314533144190
0.00001579464815464
0.00000323359831807
0.00001563288987462
