0.00000000000000000
0.00000020231735770
0.00000052539864724
0.00000020407441995
0.00000104852736421
0.00000113901087760
0.00000141232699496
0.00000060989667279
0.00000220527980711
0.00000247816075564
0.00000270717014831
0.00000336702484116
0.00000235603963812
0.00000125303328140
0.00000325951172284
0.00000376700593870
0.00000420294905874
0.00000480920461417
0.00000166992300885
0.00000115781982832
0.00000572202035962
0.00000123663441350
0.00000215060396994
0.00000189257344588
0.00000647269475603
0.00000056165291285
0.00000605468216313
0.00000615591992716
0.00000537627045974
0.00000164041046419
0.00000371340270321
0.00000756193949427
0.00000191566098417
0.00000082001878611
0.00001178926615977
0.00000923816232890
0.00000954465952034
0.00000992132348343
0.00000989888404879
0.00001113600886812
0.00001037897058197
0.00000251262949175
0.00001112058373710
0.00001494344456283
0.00001170276058087
0.00000105966381406
0.00001306690134018
0.00001077668379270
0.00001255390191978
0.00000460020894120
0.00000111642164414
0.00001348283148594
0.00000325276128975
0.00001225287710267
0.00001439263036353
0.00001098544690846
0.00000302473041821
0.00001319613918872
0.00001142189028726
0.00000711309514279
