0.00000000000000000
0.00000026653041292
0.00000052539864724
0.00000072575879990
0.00000112881580487
0.00000139849901444
0.00000169187779375
0.00000181455519870
0.00000209712995188
0.00000236164915404
0.00000264441022469
0.00000289373882143
0.00000315727766185
0.00000337176447121
0.00000368220498960
0.00000385808080771
0.00000420294905874
0.00000449209729245
0.00000474454698024
0.00000489954007411
0.00000525944473000
0.00000550812239544
0.00000575530313656
0.00000602385127495
0.00000629466703866
0.00000650720991332
0.00000677785503692
0.00000704630383888
0.00000729472065776
0.00000751780944623
0.00000781864715224
0.00000808666029507
0.00000837612121589
0.00000864997276929
0.00000888376118148
0.00000913718981711
0.00000943588018781
0.00000968694398793
0.00001002513447393
0.00001018392738428
0.00001045223436047
0.00001072116880034
0.00001103555303350
0.00001137085101484
0.00001160407306156
0.00001179774877707
0.00001203606148475
0.00001225740456102
0.00001255390191978
0.00001283487943908
0.00001307345149877
0.00001331661854232
0.00001354893628701
0.00001379614487660
0.00001408089520277
0.00001434382059999
0.00001460242869198
0.00001482020729242
0.00001506113116246
0.00001533130422039
