0	0.00000000000000000
5	0.00000020231735770
10	0.00000038704310546
15	0.00000050217977992
20	0.00000080766204223
25	0.00000087952274077
30	0.00000103959259658
35	0.00000181455519870
40	0.00000166453053098
45	0.00000166257954448
50	0.00000176577129408
55	0.00000181194220491
60	0.00000206468035677
65	0.00000337176447121
70	0.00000359766633625
75	0.00000413130541476
80	0.00000331990109270
85	0.00000322366800555
90	0.00000337804743740
95	0.00000348872752242
100	0.00000354130667712
105	0.00000315880400537
110	0.00000360782278198
115	0.00000313195679460
120	0.00000415833443023
125	0.00000430160005831
130	0.00000677785503692
135	0.00000726889981681
140	0.00000717481752038
145	0.00000842202467424
150	0.00000823612963858
155	0.00000823658052387
160	0.00000659949465216
165	0.00000682298350655
170	0.00000644688603840
175	0.00000681482204616
180	0.00000671639687461
185	0.00000687439004193
190	0.00000699512427067
195	0.00000712366547193
200	0.00000708210054958
205	0.00000724832524670
210	0.00000635886433531
215	0.00000642418302532
220	0.00000726182221187
225	0.00000584395909461
230	0.00000630917339901
235	0.00000645791488510
240	0.00000830002294494
245	0.00000825210629244
250	0.00000859920806929
255	0.00000891197553639
260	0.00001354893628701
265	0.00001437487029183
270	0.00001449654208379
275	0.00001456771217943
280	0.00001436122664461
285	0.00001456035639583
290	0.00001681076619861
295	0.00001721621455929
