          55.356
          56.352
          54.578
          58.215
          56.193
          64.832
          58.705
          57.783
          55.988
          55.080
          78.704
          56.237
          56.150
          57.282
          54.900
          58.232
          57.537
          55.757
          70.093
          55.122
          54.458
          56.320
          56.529
          54.683
          57.920
          57.726
          57.480
          55.716
          55.671
          57.327
          54.976
          55.577
          55.050
          56.384
          60.987
          57.798
          62.241
          79.698
          74.145
          62.261
          57.868
          61.706
          59.881
          62.558
          63.630
          63.580
          60.377
          59.172
          78.642
          61.681
          58.482
          58.977
          61.178
          58.273
          59.072
          57.396
          58.298
          55.439
          56.273
          55.706
          55.732
          55.857
          77.440
          55.727
          56.409
          57.126
          55.467
          56.920
          55.205
          57.480
          57.004
          56.371
          66.706
          56.103
          59.126
       -2975.285
          58.157
          54.094
          56.397
          57.701
          69.193
          54.737
          56.261
          55.359
          58.911
          55.672
          58.890
          56.787
          54.957
          68.027
          62.366
          53.939
          62.710
          55.232
          61.995
          55.759
          55.046
          59.651
          55.124
          56.458
          56.980
