0.00000000000000000
0.00000000967819206
0.00000031786533458
0.00000042765343993
0.00000040621983894
0.00000087952274077
0.00000103959259658
0.00000161377877771
0.00000134008096529
0.00000154606794288
0.00000157749152323
0.00000208239135904
0.00000199184053643
0.00000266552074127
0.00000199143192254
0.00000303840698658
0.00000282931888935
0.00000322366800555
0.00000315029751360
0.00000373408622706
0.00000340914221151
0.00000394191013539
0.00000376121423587
0.00000478446792623
0.00000451438986497
0.00000458928830027
0.00000502157805772
0.00000448645009270
0.00000549617359712
0.00000583855259422
0.00000489626974785
0.00000553801640545
0.00000627647164058
0.00000638798606304
0.00000616570813727
0.00000641093199903
0.00000628127954449
0.00000640563105094
0.00000686887384554
0.00000725967711248
0.00000803452967005
0.00000701154045895
0.00000788941700017
0.00000834788724347
0.00000834738492429
0.00000722608884232
0.00000814177758644
0.00000849390594154
0.00000909762525272
0.00000875334710535
0.00000875349232548
0.00000924440142363
0.00001050484976608
0.00001042024662112
0.00001013224983311
0.00001087350111874
0.00000995928928010
0.00001124725746429
0.00001086200707569
0.00001125989788837
