0.00000000000000000
0.00000033074346814
0.00000024868756369
0.00000072575879990
0.00000072737360157
0.00000062003460393
0.00000085322539739
0.00000131261414624
0.00000166453053098
0.00000166257954448
0.00000151473159962
0.00000201477907050
0.00000191900071609
0.00000195927701134
0.00000283681845607
0.00000303840698658
0.00000322178465203
0.00000280085824325
0.00000394742224692
0.00000355006719858
0.00000387171784113
0.00000308761253901
0.00000406799714367
0.00000445396569990
0.00000513748687576
0.00000516466478418
0.00000378185313122
0.00000504294003752
0.00000453694849811
0.00000493433736621
0.00000552249347736
0.00000561297651985
0.00000546891411161
0.00000708398197265
0.00000625943410431
0.00000651190451081
0.00000628127954449
0.00000617125155544
0.00000667949820784
0.00000746369457330
0.00000752168322056
0.00000724832524670
0.00000848463192539
0.00000761504754131
0.00000775525980843
0.00000786399487973
0.00000779816430130
0.00000843220924286
0.00000889822467577
0.00000918298208785
0.00000898491870976
0.00000874576259277
0.00000898280650562
0.00000935925002654
0.00001065180843438
0.00000986598901129
0.00000929598364983
0.00001170199653332
0.00001079202167424
0.00001050593375281
