0.00000000000000000
0.00000013810430249
0.00000031786533458
0.00000050217977992
0.00000064708516092
0.00000113901087760
0.00000122595979577
0.00000101144951476
0.00000144823082052
0.00000212862595085
0.00000170301137046
0.00000235284051317
0.00000199184053643
0.00000203774853688
0.00000292135710943
0.00000221873316544
0.00000361425041471
0.00000301226312440
0.00000360579736121
0.00000299801011313
0.00000360738890992
0.00000422667600086
0.00000376121423587
0.00000420608903016
0.00000371326513681
0.00000516466478418
0.00000450502600501
0.00000515423802649
0.00000555612516581
0.00000622607340622
0.00000531375223419
0.00000583785686306
0.00000546891411161
0.00000656198504044
0.00000607198217023
0.00000711773958150
0.00000595494154691
0.00000675720029418
0.00000661637299527
0.00000712366547193
0.00000686230921408
0.00000795867960995
0.00000797444770377
0.00000779825746685
0.00000844607244361
0.00000903348928164
0.00000894354191845
0.00000738336536530
0.00000776828807308
0.00000889655876619
0.00000960205573452
0.00000916129495182
0.00001032578585309
0.00000868407037545
0.00001096354359514
0.00001008988059072
0.00001140650156432
0.00001085748111940
0.00001037210926557
0.00001073212299348
