0.00000000000000000
0.00000020231735770
0.00000017950979280
0.00000087481147989
0.00000096823892355
0.00000087952274077
0.00000122595979577
0.00000111183772525
0.00000188083024143
0.00000131304473969
0.00000157749152323
0.00000154149305078
0.00000170048125507
0.00000172386243469
0.00000300589576278
0.00000294733211756
0.00000292743533002
0.00000343507288670
0.00000360579736121
0.00000397944493170
0.00000367347114272
0.00000387071866903
0.00000422138859757
0.00000379296124725
0.00000442537600628
0.00000468518438092
0.00000471164682610
0.00000526553601545
0.00000513646418499
0.00000467599015821
0.00000566165430614
0.00000561297651985
0.00000538815835872
0.00000595298861953
0.00000663433797248
0.00000590606944013
0.00000660761754208
0.00000640563105094
0.00000737387554608
0.00000739568875303
0.00000708210054958
0.00000764296655962
0.00000788941700017
0.00000798146739239
0.00000834738492429
0.00000722608884232
0.00000894354191845
0.00000898747953098
0.00000896469153476
0.00000846692378369
0.00000929348722214
0.00000866265612096
0.00000960953020110
0.00000984152120590
0.00001044398499387
0.00001053766374959
0.00001092409746958
0.00001059763022281
0.00001044209466701
0.00001035514092570
