0.00000000000000000
0.00000026653041292
0.00000038704310546
0.00000080028513990
0.00000064708516092
0.00000087952274077
0.00000131914339537
0.00000101144951476
0.00000134008096529
0.00000154606794288
0.00000176577129408
0.00000181194220491
0.00000235603963812
0.00000282246379237
0.00000266774114937
0.00000258303264150
0.00000331990109270
0.00000311796556497
0.00000303642255169
0.00000324336881778
0.00000340914221151
0.00000436905893359
0.00000383790996282
0.00000387558680383
0.00000522650073444
0.00000401391181635
0.00000471164682610
0.00000515423802649
0.00000531631889106
0.00000474057696021
0.00000559207389175
0.00000591281697746
0.00000603420438189
0.00000682298350655
0.00000616570813727
0.00000661287702259
0.00000649883820955
0.00000664001054643
0.00000667949820784
0.00000712366547193
0.00000708210054958
0.00000764296655962
0.00000754929418576
0.00000724862769024
0.00000775525980843
0.00000797031255263
0.00000825631534816
0.00000886408613362
0.00000936349268865
0.00000861013544452
0.00000913920296595
0.00000965993378268
0.00000951999824461
0.00000935925002654
0.00000961269123184
0.00001020182638044
0.00001062259491037
0.00001040274205037
0.00001002218225834
0.00000945038396303
