0.00000000000000000
0.00000013810430249
0.00000059457641813
0.00000050217977992
0.00000112881580487
0.00000087952274077
0.00000122595979577
0.00000141300235673
0.00000155638067575
0.00000142955634129
0.00000176577129408
0.00000187955449344
0.00000213752017710
0.00000203774853688
0.00000216050922925
0.00000312948185559
0.00000312366821136
0.00000343507288670
0.00000315029751360
0.00000305934978929
0.00000400388230674
0.00000401310160176
0.00000383790996282
0.00000437134014332
0.00000495945915839
0.00000535645694549
0.00000429840518393
0.00000526553601545
0.00000501656104762
0.00000577396579222
0.00000566165430614
0.00000598777709186
0.00000603420438189
0.00000577898964212
0.00000607198217023
0.00000600704195191
0.00000639005887702
0.00000757752852843
0.00000787887724662
0.00000732768293275
0.00000759494699906
0.00000685368393379
0.00000839960122179
0.00000816467731793
0.00000775525980843
0.00000765135953393
0.00000825631534816
0.00000874069273626
0.00000743595377817
0.00000875334710535
0.00000898491870976
0.00000874576259277
0.00001050484976608
0.00000906988731893
0.00000971660295209
0.00000975404322157
0.00001062259491037
0.00001033777932622
0.00001009216765978
0.00001058133016637
