0.00000000000000000
0.00000026653041292
0.00000052539864724
0.00000027860075994
0.00000064708516092
0.00000079302669516
0.00000085322539739
0.00000141300235673
0.00000134008096529
0.00000177909114607
0.00000170301137046
0.00000208239135904
0.00000206468035677
0.00000274399226682
0.00000292135710943
0.00000285625724855
0.00000263308600800
0.00000290656068382
0.00000292254758979
0.00000373408622706
0.00000367347114272
0.00000436905893359
0.00000406799714367
0.00000428871458674
0.00000424734828891
0.00000430160005831
0.00000440171559447
0.00000515423802649
0.00000513646418499
0.00000570937899022
0.00000503543057663
0.00000561297651985
0.00000579193712320
0.00000586598913082
0.00000719669377473
0.00000651190451081
0.00000758663153483
0.00000781190802393
0.00000693199905811
0.00000759970621385
0.00000612967142911
0.00000614332957055
0.00000678401785333
0.00000743183761578
0.00000785394732774
0.00000850190091713
0.00000859992863330
0.00000855560264022
0.00000969582698356
0.00000839531795327
0.00000967919786261
0.00000982614672630
0.00000996765802710
0.00000935925002654
0.00000888530919006
0.00000941820585241
0.00000959748620905
0.00000994800298133
0.00001079202167424
0.00001118450147481
