0.00000000000000000
0.00000007175807783
0.00000006242201102
0.00000005229722157
0.00000002547718993
0.00000031088304089
0.00000010569613564
0.00000061691019194
0.00000020498215882
0.00000037348765110
0.00000044859557579
0.00000054331864639
0.00000016090780203
0.00000057521285587
0.00000000456799930
0.00000021647642635
0.00000059173079110
0.00000019765118157
0.00000001029772081
0.00000020844379891
0.00000134472063763
0.00000012034059277
0.00000037634879392
0.00000024012013742
0.00000051437668001
0.00000012334128291
0.00000026066768374
0.00000090889002583
0.00000030071643584
0.00000044281618656
0.00000069809613923
0.00000029737324089
0.00000037300028701
0.00000091956668204
0.00000039923112194
0.00000154829043735
0.00000122726448124
0.00000076790315631
0.00000048290249523
0.00000120350369509
0.00000027769815775
0.00000079566568270
0.00000042178107581
0.00000102797827682
0.00000130881128402
0.00000105812513628
0.00000091856661671
0.00000048919488163
0.00000225594371880
0.00000141918734919
0.00000085660238710
0.00000009896540624
0.00000178551169555
0.00000081367189751
0.00000021734566609
0.00000045686570186
0.00000092820226735
0.00000149066807908
0.00000133217780562
0.00000057435890972
