0.00000000000000000
0.00000004769267185
0.00000005727068786
0.00000030750819290
0.00000008556622418
0.00000000982931365
0.00000007530197389
0.00000025418074435
0.00000014440479860
0.00000055558783268
0.00000020530353833
0.00000006614342606
0.00000028304711135
0.00000045282615163
0.00000018851989970
0.00000015503492715
0.00000059173079110
0.00000025934183412
0.00000013392893652
0.00000033232543142
0.00000004132879408
0.00000000404339603
0.00000037634879392
0.00000000965662701
0.00000026409398916
0.00000031554059063
0.00000017910315132
0.00000097184168257
0.00000055303310073
0.00000082205779044
0.00000057142621817
0.00000023390999449
0.00000019932584203
0.00000016368348738
0.00000148467543010
0.00000071656352058
0.00000077850439348
0.00000076790315631
0.00000054727104793
0.00000027997174371
0.00000060084603592
0.00000127666979777
0.00000068134770402
0.00000001239125972
0.00000000571525909
0.00000105812513628
0.00000104940464176
0.00000068584944065
0.00000212457512837
0.00000128755266980
0.00000032899715782
0.00000009896540624
0.00000006384129770
0.00000101272855127
0.00000015085905080
0.00000232226167849
0.00000026063999488
0.00000182512529379
0.00000052785461541
0.00000171612475073
