0.00000000000000000
0.00000001203270299
0.00000006242201102
0.00000017223235973
0.00000008556622418
0.00000025067229544
0.00000013563467707
0.00000043554546814
0.00000056844632010
0.00000000928728795
0.00000057024159453
0.00000036048002465
0.00000034411676601
0.00000051401950375
0.00000092432750129
0.00000009359342794
0.00000034546699174
0.00000013596052902
0.00000031937576008
0.00000034902354737
0.00000059992529846
0.00000080445253118
0.00000099952844569
0.00000048989690185
0.00000070208869814
0.00000012744835911
0.00000000937006370
0.00000002756683144
0.00000036379560206
0.00000000036764870
0.00000088810102082
0.00000099546895129
0.00000030940849489
0.00000047352249463
0.00000091002844343
0.00000071656352058
0.00000103493872934
0.00000096061846678
0.00000022515158443
0.00000101000689872
0.00000157028967041
0.00000047186326388
0.00000068134770402
0.00000037774731648
0.00000124365648278
0.00000060111772367
0.00000078772859166
0.00000153801919639
0.00000035109915758
0.00000022624614321
0.00000098850369442
0.00000142065015933
0.00000099089458885
0.00000094637633335
0.00000015085905080
0.00000112307855065
0.00000132873963083
0.00000135688519320
0.00000126515087311
0.00000016443075211
