0.00000000000000000
0.00000001203270299
0.00000000257566158
0.00000012760548566
0.00000009470087857
0.00000000982931365
0.00000046769235470
0.00000031463565228
0.00000056844632010
0.00000025208753005
0.00000008365751959
0.00000048237243914
0.00000058839538465
0.00000033043944738
0.00000036333580150
0.00000058512542156
0.00000040703294158
0.00000013596052902
0.00000013392893652
0.00000020844379891
0.00000016546135061
0.00000006623539043
0.00000005987696231
0.00000061478528406
0.00000051437668001
0.00000049952574595
0.00000051196530378
0.00000021642180167
0.00000004839977094
0.00000012604621925
0.00000057142621817
0.00000080507921209
0.00000081814283182
0.00000091956668204
0.00000078232911305
0.00000103645848857
0.00000032974430572
0.00000025399566174
0.00000048290249523
0.00000113900476297
0.00000040695730902
0.00000040710278012
0.00000048667273287
0.00000018267802838
0.00000117850168153
0.00000099283836305
0.00000098398562924
0.00000016143728327
0.00000035109915758
0.00000115591799040
0.00000098850369442
0.00000003320306907
0.00000052736794328
0.00000054826302583
0.00000048329212724
0.00000012375927746
0.00000092820226735
0.00000122310230731
0.00000139920473814
0.00000104449778543
