0.00000000000000000
0.00000001203270299
0.00000005727068786
0.00000000767034751
0.00000009470087857
0.00000025067229544
0.00000022636154199
0.00000025418074435
0.00000034021408310
0.00000000928728795
0.00000026612654769
0.00000012708963330
0.00000008337081661
0.00000057521285587
0.00000018851989970
0.00000046224242316
0.00000016076914222
0.00000025934183412
0.00000050482258364
0.00000045620706393
0.00000059992529846
0.00000031500336803
0.00000050098472428
0.00000048989690185
0.00000004875937440
0.00000044093541164
0.00000026066768374
0.00000034232511515
0.00000017455810339
0.00000018998845064
0.00000019141645499
0.00000010698350169
0.00000088173462393
0.00000072840488744
0.00000154852509529
0.00000030710037699
0.00000109904731331
0.00000070366471949
0.00000086911381141
0.00000107450583085
0.00000017470887168
0.00000092518665023
0.00000055156438992
0.00000018267802838
0.00000085272767530
0.00000073169127013
0.00000104940464176
0.00000068584944065
0.00000094225781451
0.00000036610991406
0.00000158205957736
0.00000062763930748
0.00000165307551110
0.00000147719407670
0.00000004860079506
0.00000112307855065
0.00000152900831257
0.00000015283922025
0.00000052785461541
0.00000144747396461
