0.00000000000000000
0.00000001203270299
0.00000011711703730
0.00000012760548566
0.00000009470087857
0.00000007004005909
0.00000016602883881
0.00000013327092849
0.00000014440479860
0.00000013068740900
0.00000014448052896
0.00000017764140292
0.00000016090780203
0.00000020805274314
0.00000024983719983
0.00000021647642635
0.00000016076914222
0.00000019765118157
0.00000019574454437
0.00000020844379891
0.00000028959390714
0.00000030691657598
0.00000031403082875
0.00000036500851963
0.00000045180600730
0.00000050363282214
0.00000057478970879
0.00000053118008538
0.00000055303310073
0.00000063243698850
0.00000057142621817
0.00000055122622649
0.00000056377566335
0.00000066468428924
0.00000059078011749
0.00000065258452698
0.00000071439580951
0.00000070366471949
0.00000067600815332
0.00000075201117024
0.00000079473476281
0.00000086042616647
0.00000087602267518
0.00000089793208475
0.00000091788247654
0.00000086226481659
0.00000091856661671
0.00000101360703901
0.00000100794210972
0.00000109010065071
0.00000105445434808
0.00000115631320871
0.00000105711268108
0.00000101272855127
0.00000101518504954
0.00000098983598090
0.00000092820226735
0.00000095553653555
0.00000099704314304
0.00000097733508890
