0	0.00000000000000000
5	0.00000000567536298
10	0.00000003043570816
15	0.00000003690979415
20	0.00000006184835995
25	0.00000013683832354
30	0.00000017044261821
35	0.00000011888830230
40	0.00000006513876416
45	0.00000003454764607
50	0.00000006590716906
55	0.00000005349993391
60	0.00000010376805600
65	0.00000007323163471
70	0.00000008554966587
75	0.00000004495408890
80	0.00000005861172109
85	0.00000010782817688
90	0.00000012259799187
95	0.00000012457233160
100	0.00000013736200517
105	0.00000020787241468
110	0.00000010084228168
115	0.00000007439019987
120	0.00000000600855275
125	0.00000004326025677
130	0.00000003923423474
135	0.00000004656377326
140	0.00000005936126649
145	0.00000002752749410
150	0.00000014429851012
155	0.00000019304541205
160	0.00000013169865003
165	0.00000012294777134
170	0.00000015635150403
175	0.00000010283086990
180	0.00000003379200006
185	0.00000002770310550
190	0.00000001975377602
195	0.00000011497601783
200	0.00000002518928088
205	0.00000010673215721
210	0.00000014256655587
215	0.00000011782298757
220	0.00000012993673258
225	0.00000004643906143
230	0.00000009425390585
235	0.00000020727429879
240	0.00000026303643565
245	0.00000019000727368
250	0.00000018714667844
255	0.00000016654496210
260	0.00000008424492691
265	0.00000015662912798
270	0.00000020440294318
275	0.00000021933115678
280	0.00000020522629404
285	0.00000012041427142
290	0.00000019541845080
295	0.00000023180721622
300	0.00000021848059018
