0.00000000000000000
0.00000005484948361
0.00000021057486462
0.00000034653945476
0.00000008586790515
0.00000108760518213
0.00000060168877984
0.00000100767769556
0.00000085804719813
0.00000135644470323
0.00000023783211660
0.00000163407300210
0.00000010949096748
0.00000020401320699
0.00000199327226501
0.00000026961736450
0.00000236816570607
0.00000228371012188
0.00000250224395495
0.00000196865683309
0.00000295815336178
0.00000305835099516
0.00000238697303228
0.00000091192203259
0.00000356492905669
0.00000362686208158
0.00000052681490722
0.00000390222692883
0.00000298445467073
0.00000433168525385
0.00000444369271514
0.00000321554651734
0.00000307254306318
0.00000229627475645
0.00000115943242974
0.00000274913274103
0.00000373806650603
0.00000075241282629
0.00000029156106668
0.00000401449342400
0.00000584477503274
0.00000432536090050
0.00000379930750158
0.00001060542962820
0.00000411562894679
0.00000668288488277
0.00000114163504984
0.00000706216065260
0.00000659468044286
0.00000521574888072
0.00000670344896145
0.00000748530878864
0.00000026073816800
0.00000705603433525
0.00000503158293491
0.00000806362952178
0.00000661556931012
0.00000587718396898
0.00001346436008940
0.00000876333723598
