0.00000000000000000
0.00000012427272885
0.00000027458064607
0.00000053489765024
0.00000041494722221
0.00000070431703040
0.00000014235578958
0.00000083435567072
0.00000186724033587
0.00000100375350026
0.00000105941130624
0.00000147458684746
0.00000168843494027
0.00000022870243732
0.00000211927135621
0.00000024402432307
0.00000228270095514
0.00000059147478434
0.00000261818484916
0.00000183361713674
0.00000215359681688
0.00000031044212447
0.00000260034426886
0.00000244309284046
0.00000356492905669
0.00000294736811639
0.00000317738244978
0.00000272951949809
0.00000300844820614
0.00000326887511483
0.00000444369271514
0.00000458331472157
0.00000429798844233
0.00000434072372949
0.00000789227711267
0.00000015528873254
0.00000494461591712
0.00000436974086705
0.00000618099474121
0.00000579620586637
0.00000148683033530
0.00000541303738924
0.00000330911800786
0.00000576895558037
0.00000294971611337
0.00000479239052413
0.00000671118017594
0.00000510097173274
0.00000712181579197
0.00000593204687860
0.00000670344896145
0.00000769353556255
0.00000200285385269
0.00000696187466473
0.00000810235632551
0.00000812749770298
0.00000431962968640
0.00000391349040106
0.00000024439629232
0.00000451862437939
