0.00000000000000000
0.00000012427272885
0.00000027458064607
0.00000006400216153
0.00000035290451760
0.00000083207974764
0.00000006795133264
0.00000066103364589
0.00000005038197987
0.00000123888096890
0.00000099453666786
0.00000003921145568
0.00000168843494027
0.00000063672885130
0.00000199327226501
0.00000163819461790
0.00000219723620421
0.00000178599384613
0.00000190351002480
0.00000113725618290
0.00000240765718869
0.00000223397833395
0.00000324045797858
0.00000227877994384
0.00000226236826250
0.00000345829207650
0.00000739865668423
0.00000284385995373
0.00000298445467073
0.00000386634482311
0.00000444369271514
0.00000193988748325
0.00000478816659399
0.00000312750895249
0.00000357849531010
0.00000284594679015
0.00000065965576024
0.00000456674677834
0.00000572207783150
0.00000588529148849
0.00000594853562078
0.00000541303738924
0.00000633300372277
0.00000486724007993
0.00000592970402980
0.00000668288488277
0.00000612832080228
0.00000427123795895
0.00000044476803657
0.00000849025401389
0.00000527323257219
0.00000769353556255
0.00000014347469284
0.00000573779894804
0.00000755400393433
0.00000729721134737
0.00000602045643956
0.00000581963939346
0.00000379223387473
0.00000487124282935
