0.00000000000000000
0.00000012427272885
0.00000012971561284
0.00000031271422943
0.00000063433343358
0.00000057655431315
0.00000081199590206
0.00000118099972039
0.00000095898377347
0.00000006324362567
0.00000126839639774
0.00000179355915675
0.00000168843494027
0.00000185138610349
0.00000136327680898
0.00000075766601064
0.00000236816570607
0.00000228371012188
0.00000192253948393
0.00000176609728856
0.00000215359681688
0.00000012724819976
0.00000334714359687
0.00000219457322024
0.00000233473275107
0.00000269451310877
0.00000082132241195
0.00000401656738447
0.00000294186039640
0.00000340100439238
0.00000345003449550
0.00000447810178279
0.00000337890440797
0.00000348433682808
0.00000174982144560
0.00000335015235347
0.00000325318427624
0.00000443540950415
0.00000511018861857
0.00000418138381093
0.00000318239612624
0.00000378152265613
0.00000091370902745
0.00000093248153255
0.00000421110658274
0.00000668288488277
0.00000004067845515
0.00000691129996645
0.00000035691214505
0.00000715998630354
0.00000098258340440
0.00000748530878864
0.00000555992702805
0.00000790347136988
0.00000722499249962
0.00000592350216120
0.00000750823861596
0.00000769668982536
0.00000851948813476
0.00000639925611254
