0.00000000000000000
0.00000008399700686
0.00000027458064607
0.00000044071855250
0.00000096341275064
0.00000076819838902
0.00000060168877984
0.00000083435567072
0.00000116068430854
0.00000087726624891
0.00000003602761328
0.00000099612838353
0.00000196707211194
0.00000131049154810
0.00000090470683270
0.00000112455293033
0.00000194084195142
0.00000158690733583
0.00000203848037814
0.00000250881561847
0.00000264358412001
0.00000225427282151
0.00000220050855407
0.00000244309284046
0.00000200713656287
0.00000337400707396
0.00000261459847656
0.00000333052465065
0.00000414044097177
0.00000386634482311
0.00000115692634102
0.00000026958423129
0.00000025401869114
0.00000265310263204
0.00000440117246226
0.00000274913274103
0.00000043413154146
0.00000922922001202
0.00000556910552827
0.00000347997969129
0.00000605229620881
0.00000432536090050
0.00000492539471100
0.00000634277453520
0.00000650256984549
0.00000590444602922
0.00000507553160254
0.00000691129996645
0.00000712181579197
0.00000470410745366
0.00000467730907666
0.00000570238689248
0.00000543466278671
0.00000556136151370
0.00000352271436748
0.00000538116591135
0.00000512778713372
0.00000356691785699
0.00000751033059300
0.00000864579775265
