0.00000000000000000
0.00000012427272885
0.00000027458064607
0.00000021853513169
0.00000041494722221
0.00000064043567177
0.00000066318698818
0.00000029223749071
0.00000085804719813
0.00000135644470323
0.00000154225612762
0.00000155432992478
0.00000128369489087
0.00000336589085859
0.00000211927135621
0.00000151703289145
0.00000219723620421
0.00000238325337703
0.00000389353468540
0.00000487201030455
0.00000460964188103
0.00000232557529631
0.00000057331752140
0.00000010423326686
0.00000356492905669
0.00000236258704351
0.00000347188995451
0.00000104371553792
0.00000427361659126
0.00000440924199230
0.00000314424278030
0.00000278159099355
0.00000336104517735
0.00000533984178113
0.00000374473838869
0.00000325333830435
0.00000325318427624
0.00000811285318142
0.00000465127170886
0.00000472717840095
0.00000024170327889
0.00000553389033243
0.00000626262327218
0.00000445736939791
0.00000659804748144
0.00000612685713023
0.00000159497011825
0.00000638328756495
0.00000843965416474
0.00000480643573907
0.00000515404787309
0.00000755471771327
0.00000555992702805
0.00000479620224290
0.00000667664010844
0.00000806362952178
0.00000603057918926
0.00000795661923342
0.00000549201550948
0.00000700024498615
