0.00000000000000000
0.00000012427272885
0.00000043629914964
0.00000025236035702
0.00000052464032790
0.00000064043567177
0.00000073759144512
0.00000100767769556
0.00000105974773320
0.00000088618976593
0.00000119993146527
0.00000123535761550
0.00000168843494027
0.00000141867045918
0.00000029228453374
0.00000141806246609
0.00000011031207091
0.00000158690733583
0.00000261818484916
0.00000113725618290
0.00000295815336178
0.00000314994795752
0.00000345382921516
0.00000343717132137
0.00000019802434873
0.00000362686208158
0.00000278470577681
0.00000355920556192
0.00000305104248047
0.00000241575099181
0.00000435336014972
0.00000416246296642
0.00000062165230488
0.00000298477780225
0.00000356995706931
0.00000335015235347
0.00000528290224529
0.00000345037994774
0.00000029156106668
0.00000579620586637
0.00000594853562078
0.00000021636083194
0.00000633300372277
0.00000650672280800
0.00000573874875791
0.00000479239052413
0.00000488124514465
0.00000449752898817
0.00000712181579197
0.00000675067316189
0.00000598834076682
0.00000540304104951
0.00000192201128052
0.00000790347136988
0.00000130278667489
0.00000544503409255
0.00000350134948938
0.00000469327862523
0.00000348948661220
0.00000688270550283
