0.00000000000000000
0.00000012427272885
0.00000027458064607
0.00000034653945476
0.00000052464032790
0.00000070431703040
0.00000081199590206
0.00000100767769556
0.00000116068430854
0.00000135644470323
0.00000147379119515
0.00000155432992478
0.00000168843494027
0.00000195956501457
0.00000205627181061
0.00000217742934689
0.00000236816570607
0.00000248279663218
0.00000261818484916
0.00000271137516300
0.00000295815336178
0.00000305835099516
0.00000324045797858
0.00000337504141631
0.00000356492905669
0.00000371114708412
0.00000386456662748
0.00000401656738447
0.00000414044097177
0.00000425412851539
0.00000444369271514
0.00000447810178279
0.00000478816659399
0.00000491164833043
0.00000506614477663
0.00000509280523761
0.00000539566435468
0.00000548610769765
0.00000556910552827
0.00000579620586637
0.00000605229620881
0.00000619858151999
0.00000633300372277
0.00000634277453520
0.00000659804748144
0.00000668288488277
0.00000677594232857
0.00000698673030952
0.00000720967168348
0.00000726231458895
0.00000753774185519
0.00000755471771327
0.00000782351904873
0.00000799763104039
0.00000810235632551
0.00000825523406538
0.00000840090792179
0.00000856312118554
0.00000882223539729
0.00000876333723598
