0.000000
0.000000
0.000000
0.000000
0.000000
0.000000
0.000000
0.000000
0.000001
0.000000
0.000000
0.000000
0.000000
0.000004
0.000000
0.000000
0.000008
0.000015
0.000015
0.000031
0.000061
0.000061
0.000122
0.000183
0.000244
0.000366
0.000732
0.000977
0.000977
0.001953
0.002441
0.003906
0.004883
0.005859
0.009766
0.011719
0.019531
0.027344
0.039062
0.054688
0.078125
0.093750
0.125000
0.187500
0.250000
0.375000
0.500000
0.750000
1.000000
1.500000
1.750000
2.500000
3.000000
4.500000
6.000000
8.000000
12.000000
16.000000
20.000000
28.000000
40.000000
56.000000
72.000000
96.000000
128.000000
160.000000
256.000000
320.000000
448.000000
576.000000
896.000000
1152.000000
1536.000000
2048.000000
2816.000000
3584.000000
5120.000000
7168.000000
9216.000000
12288.000000
16384.000000
22528.000000
28672.000000
40960.000000
49152.000000
73728.000000
98304.000000
131072.000000
196608.000000
262144.000000
360448.000000
524288.000000
720896.000000
917504.000000
1310720.000000
1835008.000000
2621440.000000
3407872.000000
4718592.000000
6291456.000000
8388608.000000
