0.000000
0.000000
0.000001
0.000008
0.000031
0.000122
0.000488
0.002930
0.011719
0.046875
0.250000
1.000000
4.000000
20.000000
80.000000
384.000000
1536.000000
6144.000000
28672.000000
114688.000000
458752.000000
2097152.000000
8388608.000000
37748736.000000
150994944.000000
603979776.000000
2684354560.000000
10737418240.000000
47244640256.000000
188978561024.000000
824633720832.000000
3573412790272.000000
14293651161088.000000
57174604644352.000000
228698418577408.000000
985162418487296.000000
4222124650659840.000000
18014398509481984.000000
76561193665298432.000000
306244774661193728.000000
1297036692682702848.000000
5476377146882523136.000000
23058430092136939520.000000
96845406386975145984.000000
387381625547900583936.000000
1623313478486440542208.000000
6493253913945762168832.000000
25973015655783048675328.000000
108614429106001839915008.000000
453347182355485940514816.000000
1813388729421943762059264.000000
7555786372591432341913600.000000
30223145490365729367654400.000000
120892581961462917470617600.000000
502913140959685736677769216.000000
2011652563838742946711076864.000000
8356095265176316855569088512.000000
33424381060705267422276354048.000000
133697524242821069689105416192.000000
534790096971284278756421664768.000000
2218388550399401452619230609408.000000
8873554201597605810476922437632.000000
35494216806390423241907689750528.000000
147047469626474610573617571823616.000000
588189878505898442294470287294464.000000
nan
nan
nan
nan
nan
nan
nan
nan
nan
nan
nan
nan
nan
nan
nan
nan
nan
nan
nan
nan
nan
nan
nan
nan
nan
nan
nan
nan
nan
nan
nan
nan
nan
nan
nan
nan
