1.000000
4.999661
24.996612
124.974594
624.830633
3123.941492
15618.649165
78087.954716
390413.319836
1951934.339411
9759010.443016
48791746.168904
243942201.733627
1219628368.713223
6097728671.787376
30486577640.012821
152422560305.244446
762061165550.890625
3810047665370.437988
19048947602389.425781
95238284826890.296875
476159160395302.875000
2380634494210716.000000
11902365986870594.000000
59507797786649480.000000
297518829560695040.000000
1487493357770076672.000000
7436962872827877376.000000
37182294954737860608.000000
185898878580177960960.000000
929431416200529182720.000000
4646842218835370049536.000000
23232636890005880438784.000000
116155313962465399668736.000000
580737220040781318848512.000000
2903489364676644974886912.000000
14516463212394738721226752.000000
72577398340247642919927808.000000
362862404758577890696626176.000000
1814189097408873487977676800.000000
9070330896767870363496349696.000000
45348581740660833848272093184.000000
226727546028360173328265117696.000000
1133560921971473162009376194560.000000
5667420595025914313670330941440.000000
28335183031064490880193932558336.000000
141666316085414056357636721344512.000000
708283588329389683312100909252608.000000
3541177997416764772580190387699712.000000
17704690347218493059518121423929344.000000
88517453943165946381762502202490880.000000
