1.0000000000000000
1.2271110649346892
1.5058015656851469
1.8477857628482239
2.2674383552198405
2.7823986947475774
3.4143122253845903
4.1897403109112155
5.1412766947220581
6.3089175199842780
7.7417424965330293
9.4999778793707836
11.6575279724106728
14.3050815647307878
17.5539238728743960
21.5406142174253574
26.4327260516921285
32.4358906144188452
39.8024402739646206
48.8420148715840767
59.9345768826254854
73.5463824648485058
90.2495797085341849
110.7462578660476709
135.8979584275374748
166.7618884884654733
204.6353585736008540
251.1103127825431613
308.1402433346695489
378.1223021476404256
463.9980608639475577
