1.000000
4.834052
23.368054
112.962380
546.065970
2639.711051
12760.499320
61684.911622
298188.043145
1441456.374603
6968074.433733
33684031.074077
162830342.900266
787130272.820077
3805028321.836181
18393703088.186157
88916109074.605530
429825055621.617920
2077796479883.212158
10044175311212.203125
48554061314049.054688
234712835752357.406250
1134613949399386.000000
5484782330055178.000000
26513720569018192.000000
128168692230473200.000000
619574066389809152.000000
2995052981055035392.000000
14478240529975482368.000000
69988561193993961472.000000
338328313296349495296.000000
1635496510075069267968.000000
7906074452967152418816.000000
38218371528650200711168.000000
184749578440127197216768.000000
893088987536204658376704.000000
4317238211815073145421824.000000
20869752104966612731297792.000000
100885457682364787452805120.000000
487685503909655038557945856.000000
2357496870088436720108306432.000000
11396261418314295096836620288.000000
55090115266913228865759346688.000000
266308457547712090700542640128.000000
1287348814171675018346557865984.000000
6223110541099875887146227204096.000000
30082837208085456318969289900032.000000
145421986080971451984665712263168.000000
702977378411979298058488875319296.000000
3398228891495254545023013203476480.000000
16427213668069747627995255992745984.000000
