1.000000
1.258996
1.585072
1.995599
2.512452
3.163168
3.982416
5.013847
6.312415
7.947307
10.005630
12.597051
15.859640
19.967228
25.138665
31.649486
39.846585
50.166702
63.159690
79.517815
100.112632
126.041431
158.685691
199.784694
251.528184
316.673046
398.690185
501.949456
631.952494
795.625834
1001.689958
1261.123923
1587.750317
1998.971729
2516.697955
3168.513342
3989.146484
5022.320550
6323.082848
7960.737730
10022.539122
12618.339387
15886.442243
20000.971554
25181.148616
31702.972223
39913.923829
50251.481287
63266.427586
79652.196451
100281.818360
