1.000000
4.640761
21.536661
99.946496
463.827787
2152.513844
9989.302023
46357.961956
215136.215900
998395.732675
4633315.849920
21502110.899055
99786154.903135
463083683.136903
2149060636.676584
9973276511.984983
46283591391.972527
214791079898.848175
996794039023.410278
4625882772694.838867
21467615765118.273438
99626071235324.265625
462340773115249.500000
2145612968917461.000000
9957276710352414.000000
46209340138613128.000000
214446497587638976.000000
995194914916729600.000000
4618461620112761856.000000
21433175970598072320.000000
99466244384511279104.000000
461599054919869988864.000000
2142170832139072831488.000000
9941302576678814351360.000000
46135208004113399808000.000000
214102468078572492816384.000000
993598356232602640187392.000000
4611052373043294052024320.000000
21398791426714877005135872.000000
99306673938692777495756800.000000
460858526638755046553026560.000000
2138734217468245238213509120.000000
9925354069785910240457261056.000000
46061194797374752235091656704.000000
213758990484806767605434023936.000000
992004358855405090376500903936.000000
4603655012386805656943710961664.000000
21364462044831955151419078606848.000000
99147359486526573557408866500608.000000
460119186362965682173415394377728.000000
2135303116046042593345511010336768.000000
