1.00000000000000000000000000000000
1.22711106493468924405476627725875
1.50580156568514711423745211504865
1.84778576284822326769585743022617
2.26743835521984049563570806640200
2.78239869474757872680470427440014
3.41431222538459078208461505710147
4.18974031091121368319818429881707
5.14127669472205539591413980815560
6.30891751998428063075152749661356
7.74174249653302926077458323561586
9.49997787937078541631308326032013
11.65752797241067462152841471834108
14.30508156473079139914261759258807
17.55392387287439248666487401351333
21.54061421742536097667652938980609
26.43272605169214273246325319632888
32.43589061441885235126392217352986
39.80244027396460637646669056266546
48.84201487158406962407752871513367
59.93457688262545701718408963643014
73.54638246484853425499750301241875
90.24957970853424171764345373958349
110.74625786604757138320564990863204
135.89795842753733268182259052991867
166.76188848846547330140310805290937
204.63535857360076875011145602911711
251.11031278254321819076722022145987
308.14024333466949201465467922389507
378.12230214764053926046472042798996
463.99806086394750082035898230969906
