1.00000000000000000000000000000000
2.95600276298634812022214646276552
8.73795233478292487916405661962926
25.82941124446133684955384524073452
76.35181100493835515408136416226625
225.69616428960924281454936135560274
667.15848523550562276795972138643265
1972.12232570594142089248634874820709
5829.59904373382596531882882118225098
17232.31088037976223859004676342010498
50938.75857504228770267218351364135742
150575.11109091952675953507423400878906
445100.44442173442803323268890380859375
1315718.14351709838956594467163085937500
3889266.46754781156778335571289062500000
11496682.42406148463487625122070312500000
33984225.01070233434438705444335937500000
100457463.02958585321903228759765625000000
296952538.27805471420288085937500000000000
877792523.62573897838592529296875000000000
2594757125.16644382476806640625000000000000
7670109231.27052116394042968750000000000000
22672864080.04275512695312500000000000000000
67021048865.42031097412109375000000000000000
198114405624.42547607421875000000000000000000
585626730413.19982910156250000000000000000000
1731114233180.07983398437500000000000000000000
5117178456325.30957031250000000000000000000000
15126393655591.83007812500000000000000000000000
44713661439948.61718750000000000000000000000000
132173706759724.25000000000000000000000000000000
