1.00000000000000000000000000000000
1.69370193858337669823299620475154
2.86862625676108828898236424720380
4.85859785214743045145269206841476
8.22901660097913278946180071216077
13.93750136971314645961683709174395
23.60597308889162349032631027512252
39.98148238280276700606918893754482
67.71671421919016609081154456362128
114.69193014753889769963279832154512
194.25394443075586536906484980136156
329.00828225983872243887162767350674
557.24196547347560226626228541135788
943.80179718243664410692872479557991
1598.51893352636784584319684654474258
2707.41461657584113709162920713424683
4585.55338464347187255043536424636841
7766.56065704821230610832571983337402
13154.23884096794063225388526916503906
22279.35982553615031065419316291809082
37734.59492690717888763174414634704590
63911.15657936113711912184953689575195
108246.44979556968610268086194992065430
183337.22186352455173619091510772705078
310518.60808474215446040034294128417969
525925.96847933961544185876846313476562
890761.83236479735933244228363037109375
1508685.04229233809746801853179931640625
2555262.78084227675572037696838378906250
4327853.52550251409411430358886718750000
7330093.90604850929230451583862304687500
