0.00000000000000000
0.00000000000000000
0.00000000000000000
0.00000008011776000
0.00000002004087734
0.00000004379764725
0.00000001504746634
0.00000004091847879
0.00000002887579827
0.00000004183577109
0.00000009236089678
0.00000012308240330
0.00000030159489645
0.00000005578306358
0.00000038789253029
0.00000006721453810
0.00000010172326983
0.00000034217656000
0.00000038163109337
0.00000021713831239
0.00000008610597323
0.00000009511716843
0.00000042617943815
0.00000015500189578
0.00000044580783245
0.00000043394046084
0.00000012114642864
0.00000049628775824
0.00000016220878676
0.00000083472320755
0.00000005391479419
0.00000018022074058
0.00000023715727847
0.00000012764230326
0.00000087705653117
0.00000012692251084
0.00000083151298657
0.00000018564812920
0.00000037465856348
0.00000057436644888
0.00000107172113523
0.00000010400156213
0.00000074756213822
0.00000012128812926
0.00000027863194446
0.00000099286582165
0.00000028505496303
0.00000025166750906
0.00000109769283684
0.00000017097913832
0.00000131086204415
0.00000015815125222
0.00000087501881585
0.00000028063463174
0.00000021076883925
0.00000087611475393
0.00000142864938229
0.00000027926918936
0.00000111968696392
0.00000017022666788
