0.00000000000000000
0.00000000000000000
0.00000000000000000
0.00000005409996800
0.00000006792005288
0.00000007149450321
0.00000006051039739
0.00000004091847879
0.00000002887579827
0.00000021197695455
0.00000001914282921
0.00000012308240330
0.00000001425198254
0.00000005578306358
0.00000002348360904
0.00000004062524857
0.00000010172326983
0.00000012099179695
0.00000010403612968
0.00000049900714804
0.00000019040221522
0.00000038334392761
0.00000038012866904
0.00000003757476664
0.00000013797965904
0.00000037301262606
0.00000012114642864
0.00000063010930500
0.00000004864023609
0.00000076029492218
0.00000044413336298
0.00000077878041408
0.00000015335847891
0.00000023747906582
0.00000056259588308
0.00000031562063208
0.00000028147382006
0.00000086793980821
0.00000058711376060
0.00000015666253491
0.00000098047232287
0.00000103221404947
0.00000019302345742
0.00000053223624657
0.00000073131414864
0.00000112514464738
0.00000121867598970
0.00000047908715149
0.00000108825263712
0.00000030121379521
0.00000139621262890
0.00000129616808739
0.00000028849406360
0.00000028063463174
0.00000033672407071
0.00000046338465148
0.00000127621861712
0.00000027926918936
0.00000111083839880
0.00000029204309303
