0.00000000000000000
0.00000000000000000
0.00000000000000000
0.00000001300889600
0.00000015588098310
0.00000007149450321
0.00000006051039739
0.00000004091847879
0.00000002887579827
0.00000004183577109
0.00000020386462277
0.00000005000732143
0.00000020581392515
0.00000025807202319
0.00000002348360904
0.00000004062524857
0.00000031374491760
0.00000012099179695
0.00000038163109337
0.00000021713831239
0.00000050329094118
0.00000009511716843
0.00000006782027940
0.00000015500189578
0.00000013797965904
0.00000007040521848
0.00000064999120367
0.00000014970404648
0.00000038934588810
0.00000061143835144
0.00000005391479419
0.00000065091359346
0.00000015335847891
0.00000012764230326
0.00000020268277952
0.00000069301687457
0.00000089334558694
0.00000078689458226
0.00000090007261928
0.00000015666253491
0.00000066200629947
0.00000016380238379
0.00000019302345742
0.00000053223624657
0.00000101925907939
0.00000006613941287
0.00000005371173953
0.00000088543070307
0.00000020344241568
0.00000082215242278
0.00000031079906592
0.00000004628053378
0.00000103118662896
0.00000028063463174
0.00000084054499655
0.00000143517381979
0.00000051885557728
0.00000134286656462
0.00000121262552070
0.00000147429507154
