0.00000000000000000
0.00000000000000000
0.00000000000000000
0.00000001300889600
0.00000002004087734
0.00000004379764725
0.00000006051039739
0.00000013995368193
0.00000002887579827
0.00000004323482064
0.00000009236089678
0.00000012308240330
0.00000030159489645
0.00000018132509828
0.00000002348360904
0.00000004062524857
0.00000010172326983
0.00000021362546834
0.00000004332772680
0.00000041943543021
0.00000019040221522
0.00000009511716843
0.00000038012866904
0.00000054956087905
0.00000013797965904
0.00000063567873256
0.00000073822633079
0.00000006305811853
0.00000016220878676
0.00000013284450224
0.00000044413336298
0.00000049988779213
0.00000015335847891
0.00000067682611607
0.00000001326508262
0.00000022127157146
0.00000089334558694
0.00000050982903302
0.00000005597576779
0.00000001742789692
0.00000057075748712
0.00000010400156213
0.00000019302345742
0.00000012128812926
0.00000027863194446
0.00000121339508359
0.00000097908463352
0.00000032747405654
0.00000020344241568
0.00000075703509433
0.00000031079906592
0.00000140803880583
0.00000021517846957
0.00000116080859939
0.00000142664916973
0.00000013320056952
0.00000030246613733
0.00000149339310274
0.00000028323995290
0.00000102294164388
