0.00000000000000000
0.00000000000000000
0.00000000000000000
0.00000008011776000
0.00000006792005288
0.00000007149450321
0.00000009060533007
0.00000004091847879
0.00000002887579827
0.00000004183577109
0.00000009236089678
0.00000019615748516
0.00000008152898876
0.00000018132509828
0.00000030561730242
0.00000017505432477
0.00000010172326983
0.00000012099179695
0.00000004332772680
0.00000005799487674
0.00000001819026876
0.00000023182033873
0.00000015741006909
0.00000003757476664
0.00000021493670239
0.00000007040521848
0.00000038556881616
0.00000014970404648
0.00000004864023609
0.00000013284450224
0.00000005391479419
0.00000043595438182
0.00000015335847891
0.00000086088855980
0.00000005871753809
0.00000003257345022
0.00000034330642043
0.00000010460290324
0.00000079956895773
0.00000022627985391
0.00000088922351052
0.00000094121306542
0.00000089846265416
0.00000063497327589
0.00000014397246538
0.00000019861189576
0.00000028505496303
0.00000010005441411
0.00000020344241568
0.00000121285639346
0.00000073755198963
0.00000015815125222
0.00000021517846957
0.00000125690481480
0.00000002183599206
0.00000054593067197
0.00000099587050239
0.00000120105358125
0.00000028323995290
0.00000035295130560
