0.00000000000000000
0.00000000000000000
0.00000000000000000
0.00000001300889600
0.00000002004087734
0.00000004379764725
0.00000009060533007
0.00000005811672435
0.00000015868321973
0.00000012690636282
0.00000001914282921
0.00000005000732143
0.00000001425198254
0.00000005578306358
0.00000010575883691
0.00000036414460857
0.00000003104938724
0.00000006427554583
0.00000010403612968
0.00000045585346587
0.00000019040221522
0.00000009511716843
0.00000015741006909
0.00000003757476664
0.00000052276487580
0.00000063567873256
0.00000012114642864
0.00000071675523294
0.00000063277106794
0.00000050498592908
0.00000005391479419
0.00000011628733026
0.00000065615127628
0.00000023747906582
0.00000005871753809
0.00000091091715598
0.00000015780861932
0.00000010460290324
0.00000079956895773
0.00000015666253491
0.00000029701105006
0.00000016380238379
0.00000019302345742
0.00000012128812926
0.00000027863194446
0.00000019861189576
0.00000028505496303
0.00000017586096159
0.00000099833167893
0.00000088726975123
0.00000014009789644
0.00000082937556281
0.00000139776459912
0.00000008844220092
0.00000058863453363
0.00000029829261050
0.00000030246613733
0.00000149339310274
0.00000028323995290
0.00000126657449417
