0.00000000000000000
0.00000000000000000
0.00000000000000000
0.00000001300889600
0.00000010800180756
0.00000015908979771
0.00000006051039739
0.00000015715192749
0.00000016583533393
0.00000004183577109
0.00000009236089678
0.00000012308240330
0.00000027309093137
0.00000038361405790
0.00000002348360904
0.00000006721453810
0.00000010172326983
0.00000021362546834
0.00000050304789914
0.00000041943543021
0.00000019040221522
0.00000043687509418
0.00000006782027940
0.00000066698800819
0.00000013797965904
0.00000063567873256
0.00000012114642864
0.00000006305811853
0.00000050291443877
0.00000076029492218
0.00000015146943638
0.00000058698018315
0.00000076842831628
0.00000023747906582
0.00000013070015881
0.00000003257345022
0.00000021964121969
0.00000034773858111
0.00000037465856348
0.00000036551449189
0.00000088922351052
0.00000076181060043
0.00000082008052119
0.00000032676218791
0.00000048062116308
0.00000037511276818
0.00000028505496303
0.00000085811988887
0.00000148569726875
0.00000030121379521
0.00000107895432859
0.00000015815125222
0.00000087501881585
0.00000096861616857
0.00000033672407071
0.00000145393689736
0.00000019427141736
0.00000020836269767
0.00000028323995290
0.00000023113488046
