0.00000000000000000
0.00000000000000000
0.00000000000000000
0.00000001300889600
0.00000010800180756
0.00000004379764725
0.00000001504746634
0.00000015715192749
0.00000002887579827
0.00000004183577109
0.00000020386462277
0.00000012308240330
0.00000008152898876
0.00000005578306358
0.00000002348360904
0.00000006721453810
0.00000010172326983
0.00000002835812556
0.00000010403612968
0.00000041943543021
0.00000008610597323
0.00000004158600186
0.00000015741006909
0.00000054956087905
0.00000055463373113
0.00000007040521848
0.00000045167441304
0.00000058293368618
0.00000038934588810
0.00000068586663681
0.00000072652234339
0.00000024415415089
0.00000073995007584
0.00000023747906582
0.00000080507391046
0.00000059866781395
0.00000095517818731
0.00000010460290324
0.00000026843096491
0.00000008704521592
0.00000011451342536
0.00000109201487113
0.00000019302345742
0.00000022402515859
0.00000073131414864
0.00000028686233197
0.00000087166115446
0.00000032747405654
0.00000089897052103
0.00000088726975123
0.00000031079906592
0.00000027002197065
0.00000006854728150
0.00000028063463174
0.00000109245545947
0.00000038083863099
0.00000008607669738
0.00000042108217273
0.00000130556407748
0.00000059658415588
