0.00000000000000000
0.00000000000000000
0.00000000000000000
0.00000005409996800
0.00000006792005288
0.00000004379764725
0.00000009060533007
0.00000015715192749
0.00000002887579827
0.00000012830541237
0.00000009236089678
0.00000016921792417
0.00000020581392515
0.00000005578306358
0.00000022334207456
0.00000028289411144
0.00000010172326983
0.00000002835812556
0.00000038163109337
0.00000033986371239
0.00000053967147870
0.00000045169551276
0.00000002176951029
0.00000003757476664
0.00000013797965904
0.00000053480959670
0.00000060601513703
0.00000071675523294
0.00000004864023609
0.00000013284450224
0.00000024902407858
0.00000005235391995
0.00000068462951671
0.00000001780554070
0.00000013070015881
0.00000031562063208
0.00000009597601895
0.00000059087425897
0.00000100630021785
0.00000015666253491
0.00000020576223771
0.00000022360320546
0.00000011464132445
0.00000012128812926
0.00000014397246538
0.00000019861189576
0.00000121867598970
0.00000017586096159
0.00000099833167893
0.00000023609646676
0.00000114016087467
0.00000027002197065
0.00000021517846957
0.00000066501949337
0.00000002183599206
0.00000021574659001
0.00000030246613733
0.00000098833410620
0.00000037617850968
0.00000114475806902
