0.00000000000000000
0.00000005767102208
0.00000018537800418
0.00000001874785819
0.00000030538570148
0.00000035369910801
0.00000011808208659
0.00000057476464384
0.00000027663805738
0.00000066924278408
0.00000021380187817
0.00000099638082999
0.00000055946640818
0.00000083304372592
0.00000032859801515
0.00000093411632857
0.00000121992915741
0.00000148738329356
0.00000163622919700
0.00000070429008368
0.00000184643854262
0.00000159134219965
0.00000182524490995
0.00000165746943204
0.00000094416747811
0.00000109857560730
0.00000069684220829
0.00000263761049379
0.00000226719979896
0.00000240216232241
0.00000082976680519
0.00000296604046897
0.00000094711545714
0.00000309065376268
0.00000093510447878
0.00000127805762936
0.00000318999462042
0.00000244545896705
0.00000350038788347
0.00000147631194400
0.00000333487881412
0.00000153463306157
0.00000079179618866
0.00000077273466070
0.00000108789615547
0.00000433363658058
0.00000158947089743
0.00000453600669454
0.00000417951946552
0.00000427608105263
0.00000191855382333
0.00000724055443383
0.00000397518890872
0.00000151568397197
0.00000360183476833
0.00000450257964384
0.00000522150628191
0.00000520926487344
0.00000197552085822
0.00000094611112369
