0.00000000000000000
0.00000005767102208
0.00000008986401049
0.00000010424379134
0.00000038191432626
0.00000035369910801
0.00000036335003888
0.00000057476464384
0.00000027663805738
0.00000021027812119
0.00000073092411576
0.00000099638082999
0.00000081178050486
0.00000040913090940
0.00000022751727250
0.00000120555275635
0.00000130091802542
0.00000112491185993
0.00000053308786991
0.00000174981212043
0.00000044122322822
0.00000168442031611
0.00000174192936512
0.00000043068455781
0.00000072470422911
0.00000247289992701
0.00000005501061015
0.00000215885000640
0.00000047549022450
0.00000082005250081
0.00000109306671530
0.00000247428172311
0.00000279441660024
0.00000318915666024
0.00000058241910483
0.00000064667024857
0.00000340193105198
0.00000130721509610
0.00000057504517664
0.00000400963003433
0.00000038399998666
0.00000153463306157
0.00000327800411476
0.00000109799681155
0.00000403628706136
0.00000433363658058
0.00000130954045365
0.00000319963486278
0.00000178710862864
0.00000121146385562
0.00000131616434022
0.00000123519283724
0.00000092034162737
0.00000142976124735
0.00000144833651521
0.00000443373582632
0.00000398904469306
0.00000509894548511
0.00000454298061791
0.00000165324026779
