0.00000000000000000
0.00000005767102208
0.00000008986401049
0.00000001874785819
0.00000030538570148
0.00000049070282727
0.00000036335003888
0.00000057476464384
0.00000066966987119
0.00000014153024092
0.00000002237962032
0.00000085544121947
0.00000119025164987
0.00000049426882537
0.00000032859801515
0.00000156746799339
0.00000113894028940
0.00000126990043338
0.00000044027212458
0.00000128513565965
0.00000174245391667
0.00000140518596672
0.00000140866718583
0.00000057983841423
0.00000234601971218
0.00000229364023313
0.00000251231578239
0.00000225460210388
0.00000201007260926
0.00000094449371191
0.00000280988235859
0.00000259722140957
0.00000083707039663
0.00000318915666024
0.00000305121672242
0.00000085287478083
0.00000361386748355
0.00000071632956337
0.00000270794256622
0.00000390829731071
0.00000369769625810
0.00000307725755040
0.00000393207916352
0.00000176431011592
0.00000357045222347
0.00000402090504287
0.00000064997265280
0.00000453600669454
0.00000135293059476
0.00000146538731914
0.00000455425010475
0.00000423397575965
0.00000063236924290
0.00000492852037455
0.00000144833651521
0.00000505333018407
0.00000429716009027
0.00000554022303843
0.00000227176621511
0.00000029136487848
