0.00000000000000000
0.00000005767102208
0.00000000564998320
0.00000006674807497
0.00000030538570148
0.00000007969166948
0.00000018850285376
0.00000068453605869
0.00000076792782464
0.00000012232603066
0.00000065219694960
0.00000106685063525
0.00000087485902903
0.00000083304372592
0.00000108653238204
0.00000129603156561
0.00000024806274133
0.00000061495102148
0.00000050516279088
0.00000174981212043
0.00000174245391667
0.00000054945447897
0.00000050759034510
0.00000065441534244
0.00000292761488265
0.00000085956268214
0.00000069379292100
0.00000263761049379
0.00000073261741419
0.00000074333310026
0.00000232917397847
0.00000284310078250
0.00000017680003356
0.00000259813927484
0.00000331573075288
0.00000246190896836
0.00000128256673634
0.00000096927264581
0.00000068825165054
0.00000105700614633
0.00000110963487462
0.00000114466210325
0.00000160647899014
0.00000430135489254
0.00000380336964242
0.00000120632120354
0.00000457539563107
0.00000420191373660
0.00000470285933608
0.00000400839593515
0.00000329630415226
0.00000498464595922
0.00000522306924146
0.00000200714773746
0.00000155117890879
0.00000374529765104
0.00000112567090066
0.00000030670454301
0.00000385174145184
0.00000577161574526
