-nan
0.00000000000000000
0.00000000000000011
0.00000007947285955
0.00000005960464500
0.00000009536743129
0.00000000000000044
0.00000000000000051
0.00000005960464522
0.00000000000000000
0.00000000000000036
0.00000000000000065
0.00000007947286059
0.00000000000000109
0.00000006811959530
0.00000006357828918
0.00000000000000155
0.00000011219698007
0.00000000000000178
0.00000010038677202
0.00000009536743359
0.00000000000000203
0.00000008669766303
0.00000008292820359
0.00000023841858132
0.00000007629394759
0.00000000000000232
0.00000007064253959
0.00000013623919047
0.00000006577064496
0.00000019073486577
0.00000006152737777
0.00000005960464222
0.00000011559688468
0.00000022439395513
0.00000000000000122
0.00000000000000079
0.00000000000000038
0.00000000000000000
0.00000009781275004
0.00000000000000071
0.00000009304139568
0.00000009082612402
0.00000008871389155
0.00000000000000194
0.00000000000000221
0.00000000000000247
0.00000000000000272
0.00000000000000296
0.00000000000000319
0.00000000000000341
0.00000007479798198
0.00000000000000383
0.00000007197541608
0.00000021192762166
0.00000013871626860
0.00000006811958946
0.00000006692451817
0.00000000000000490
0.00000019396765252
0.00000006357828255
0.00000012507204685
0.00000000000000550
0.00000012110149486
0.00000011920928378
0.00000000000000590
0.00000011559689287
0.00000011387156632
0.00000000000000627
0.00000011057092885
0.00000000000000650
0.00000000000000661
0.00000010596380622
0.00000010451224704
0.00000000000000691
0.00000000000000701
0.00000010038676304
0.00000000000000720
0.00000009781275769
0.00000009657460694
0.00000009536742418
0.00000009419006349
0.00000000000000763
0.00000000000000770
0.00000009082613315
0.00000008975757486
0.00000000000000793
0.00000000000000800
0.00000000000000807
0.00000017144705997
0.00000016954210891
0.00000008383949207
0.00000000000000834
0.00000016407299227
0.00000000000000847
0.00000000000000853
0.00000000000000859
0.00000007865356051
0.00000000000000870
0.00000007706459998
0.00000007629393650
0.00000000000000886
0.00000007479797668
0.00000000000000897
0.00000000000000902
0.00000021798269182
0.00000007197541099
0.00000007130276179
0.00000000000000921
0.00000000000000926
0.00000020807438701
0.00000020619984285
0.00000006811960342
0.00000000000000943
0.00000000000000947
0.00000006634255163
0.00000019731193709
0.00000006520849067
0.00000000000000963
0.00000012822510850
0.00000012715656581
0.00000006305283762
0.00000006253601096
0.00000012405520545
0.00000024610949115
0.00000006103514636
0.00000018165226067
0.00000012014793542
0.00000000000000999
0.00000011828517706
0.00000000000000896
0.00000011647929736
0.00000000000000797
0.00000011472772983
0.00000011387155317
0.00000011302807366
0.00000011219698446
0.00000000000000560
0.00000000000000515
0.00000010977545618
0.00000000000000426
0.00000021643672046
0.00000010745626441
0.00000000000000298
0.00000000000000257
0.00000000000000216
0.00000010451225210
0.00000020760257093
0.00000010309992514
0.00000010240798086
0.00000000000000019
0.00000010105158338
0.00000010038676959
0.00000009973064840
0.00000009908304715
0.00000009844379875
0.00000009781275240
0.00000019437948086
0.00000000000000270
0.00000000000000304
0.00000009536743502
0.00000009477509105
0.00000000000000404
0.00000000000000436
0.00000018608279812
0.00000018495502393
0.00000000000000531
0.00000018273998316
0.00000009082613129
0.00000000000000622
0.00000000000000652
0.00000000000000681
0.00000008871388279
0.00000008820110024
0.00000008769418234
0.00000008719307240
0.00000008669767336
0.00000008620783930
0.00000008572354284
0.00000008524464068
0.00000008477104103
0.00000008430269242
0.00000000000000984
0.00000008338135090
0.00000008292819108
0.00000008247993028
0.00000000000001085
0.00000008159781357
0.00000008116378295
0.00000008073434524
0.00000016061884405
0.00000007988896002
0.00000000000001229
0.00000007906109574
0.00000023596064286
0.00000000000001297
0.00000007785097780
0.00000000000001342
0.00000000000001364
0.00000023003200977
