-nan
0.00000005960464478
0.00000005960464466
0.00000007947285955
0.00000011920928933
0.00000000000000036
0.00000007947285926
0.00000000000000051
0.00000011920928911
0.00000010596381293
0.00000009536743200
0.00000008669766448
0.00000007947286059
0.00000007335956389
0.00000000000000127
0.00000000000000142
0.00000000000000155
0.00000000000000167
0.00000010596381116
0.00000000000000187
0.00000000000000195
0.00000000000000203
0.00000008669766723
0.00000000000000216
0.00000015894572162
0.00000007629394759
0.00000000000000232
0.00000007064254432
0.00000013623919047
0.00000013154128257
0.00000000000000249
0.00000000000000252
0.00000005960464222
0.00000011559688899
0.00000011219698007
0.00000000000000122
0.00000000000000079
0.00000010309992648
0.00000000000000000
0.00000000000000036
0.00000009536743093
0.00000000000000104
0.00000009082612402
0.00000000000000165
0.00000008669766319
0.00000000000000221
0.00000008292819896
0.00000008116376889
0.00000000000000296
0.00000000000000319
0.00000000000000341
0.00000000000000362
0.00000007335955897
0.00000007197541608
0.00000007064254617
0.00000000000000439
0.00000000000000457
0.00000006692451817
0.00000006577063761
0.00000000000000506
0.00000012715657031
0.00000006253601539
0.00000018458212026
0.00000000000000564
0.00000005960465055
0.00000011737529458
0.00000000000000603
0.00000011387155402
0.00000000000000627
0.00000022114186409
0.00000010899134395
0.00000000000000661
0.00000010596380622
0.00000000000000681
0.00000010309993301
0.00000000000000701
0.00000000000000711
0.00000009908305306
0.00000019562550809
0.00000000000000738
0.00000009536742418
0.00000009419006349
0.00000009304138910
0.00000000000000770
0.00000000000000778
0.00000017951517330
0.00000008871388197
0.00000017538837202
0.00000000000000807
0.00000008572352592
0.00000008477104214
0.00000016767899241
0.00000008292820977
0.00000024610949260
0.00000008116376314
0.00000000000000853
0.00000015894571082
0.00000000000000864
0.00000007785097331
0.00000000000000876
0.00000007629393650
0.00000007553855085
0.00000014959596228
0.00000000000000897
0.00000000000000902
0.00000021798269182
0.00000021592626943
0.00000007130276179
0.00000014128509312
0.00000000000000926
0.00000006935812280
0.00000006873329341
0.00000000000000939
0.00000000000000943
0.00000020077353082
0.00000013268513180
0.00000000000000956
0.00000006520850986
0.00000006465587622
0.00000000000000967
0.00000006357827805
0.00000006305285711
0.00000006253601096
0.00000012405518581
0.00000012305474065
0.00000006103516614
0.00000000000000993
0.00000006007396273
0.00000000000000999
0.00000011828517706
0.00000011737529152
0.00000023295860318
0.00000023119378164
0.00000000000000748
0.00000022774311334
0.00000011302807366
0.00000011219697234
0.00000000000000560
0.00000011057093009
0.00000021955091706
0.00000021798269663
0.00000000000000383
0.00000021491251860
0.00000010670481564
0.00000010596381037
0.00000010523302586
0.00000000000000175
0.00000000000000135
0.00000000000000096
0.00000010240797971
0.00000000000000019
0.00000010105158338
0.00000010038676959
0.00000009973064840
0.00000009908304715
0.00000009844379875
0.00000000000000200
0.00000000000000235
0.00000000000000270
0.00000009596722377
0.00000009536743502
0.00000000000000371
0.00000000000000404
0.00000009361219848
0.00000000000000468
0.00000009247751447
0.00000018384083739
0.00000018273998316
0.00000009082613129
0.00000000000000622
0.00000008975758924
0.00000000000000681
0.00000017742777269
0.00000000000000739
0.00000008769419769
0.00000017438616867
0.00000000000000824
0.00000000000000851
0.00000008572352528
0.00000008524464068
0.00000000000000932
0.00000016860539443
0.00000008383951018
0.00000016676271190
0.00000000000001035
0.00000000000001060
0.00000000000001085
0.00000008159779138
0.00000016232755456
0.00000000000001158
0.00000016061882042
0.00000000000001205
0.00000000000001229
0.00000000000001252
0.00000007865356461
0.00000007825018735
0.00000000000001320
0.00000015491157750
0.00000023119378731
0.00000000000001385
