-nan
0.00000000000000000
0.00000000000000011
0.00000000000000015
0.00000000000000022
0.00000009536743129
0.00000007947285926
0.00000006811959352
0.00000011920928911
0.00000000000000000
0.00000009536743129
0.00000008669766577
0.00000015894572029
0.00000000000000109
0.00000006811959530
0.00000006357828918
0.00000000000000155
0.00000000000000167
0.00000000000000178
0.00000000000000187
0.00000000000000195
0.00000000000000203
0.00000000000000210
0.00000008292820359
0.00000000000000222
0.00000000000000227
0.00000000000000232
0.00000007064254432
0.00000006811959162
0.00000006577064006
0.00000006357828527
0.00000024610950353
0.00000011920928700
0.00000000000000215
0.00000000000000167
0.00000010899135166
0.00000000000000079
0.00000010309992648
0.00000000000000000
0.00000009781275004
0.00000000000000071
0.00000000000000104
0.00000009082612402
0.00000000000000165
0.00000000000000194
0.00000008477104814
0.00000008292819896
0.00000000000000272
0.00000000000000296
0.00000007785096779
0.00000007629394190
0.00000000000000362
0.00000000000000383
0.00000007197541608
0.00000000000000421
0.00000000000000439
0.00000000000000457
0.00000000000000474
0.00000006577063761
0.00000000000000506
0.00000006357829297
0.00000000000000536
0.00000006152738075
0.00000006055075589
0.00000011920928378
0.00000011737530638
0.00000011559688081
0.00000011387155402
0.00000000000000627
0.00000000000000638
0.00000000000000650
0.00000010745625440
0.00000000000000671
0.00000010451226067
0.00000000000000691
0.00000000000000701
0.00000000000000711
0.00000009908305306
0.00000009781275769
0.00000000000000738
0.00000000000000746
0.00000009419004840
0.00000018608278582
0.00000009192040833
0.00000000000000778
0.00000000000000786
0.00000008871389783
0.00000008769418201
0.00000000000000807
0.00000008572354220
0.00000008477105856
0.00000000000000828
0.00000008292819309
0.00000016407300908
0.00000016232755168
0.00000008030940759
0.00000000000000859
0.00000007865354322
0.00000000000000870
0.00000000000000876
0.00000015258789944
0.00000007553855085
0.00000014959596228
0.00000007407178260
0.00000000000000902
0.00000007266090937
0.00000000000000912
0.00000021390824872
0.00000007064255117
0.00000000000000926
0.00000013871627351
0.00000006873329341
0.00000000000000939
0.00000013503352209
0.00000006692452291
0.00000006634257066
0.00000000000000956
0.00000006520850986
0.00000006465589549
0.00000019233766759
0.00000006357827805
0.00000012610570448
0.00000000000000978
0.00000000000000982
0.00000006152736540
0.00000000000000989
0.00000018165224082
0.00000012014793542
0.00000000000000999
0.00000011828519600
0.00000000000000896
0.00000011647929736
0.00000011559689480
0.00000000000000748
0.00000011387155317
0.00000000000000653
0.00000022439395074
0.00000000000000560
0.00000033171280056
0.00000000000000470
0.00000010899135471
0.00000010821835832
0.00000010745625760
0.00000000000000298
0.00000000000000257
0.00000021046605819
0.00000010451225560
0.00000000000000135
0.00000010309992706
0.00000000000000057
0.00000000000000019
0.00000010105158301
0.00000000000000056
0.00000009973064840
0.00000019816609301
0.00000009844379875
0.00000009781275240
0.00000009718974160
0.00000019314923134
0.00000028790168346
0.00000009536743502
0.00000000000000371
0.00000009419005998
0.00000000000000436
0.00000000000000468
0.00000009247751447
0.00000009192041073
0.00000000000000562
0.00000000000000592
0.00000000000000622
0.00000017951517196
0.00000017846537597
0.00000000000000711
0.00000000000000739
0.00000008769418234
0.00000000000000796
0.00000008669767336
0.00000000000000851
0.00000000000000878
0.00000017048925422
0.00000008477104103
0.00000008430269242
0.00000008383949051
0.00000000000001010
0.00000008292819108
0.00000000000001060
0.00000000000001085
0.00000008159779138
0.00000008116378295
0.00000000000001158
0.00000008030942794
0.00000007988896002
0.00000000000001229
0.00000007906107071
0.00000015730711648
0.00000015650038767
0.00000000000001320
0.00000000000001342
0.00000000000001364
0.00000015335467780
