-nan
0.00000000000000000
0.00000000000000011
0.00000000000000015
0.00000011920928933
0.00000009536743129
0.00000007947285926
0.00000000000000051
0.00000000000000044
0.00000000000000000
0.00000009536743129
0.00000000000000065
0.00000007947286059
0.00000007335956171
0.00000000000000127
0.00000000000000142
0.00000000000000155
0.00000000000000167
0.00000010596381471
0.00000000000000187
0.00000009536743359
0.00000009082612740
0.00000008669766723
0.00000000000000216
0.00000007947285748
0.00000007629394759
0.00000007335956048
0.00000014128508628
0.00000000000000241
0.00000006577064496
0.00000012715657303
0.00000000000000252
0.00000011920929210
0.00000000000000215
0.00000011219698007
0.00000000000000122
0.00000000000000079
0.00000000000000038
0.00000000000000000
0.00000009781275004
0.00000009536743093
0.00000000000000104
0.00000009082612673
0.00000008871388825
0.00000000000000194
0.00000000000000221
0.00000008292819896
0.00000000000000272
0.00000007947285674
0.00000000000000319
0.00000000000000341
0.00000000000000362
0.00000007335955897
0.00000014395084423
0.00000000000000421
0.00000013871626860
0.00000006811959860
0.00000013384902213
0.00000000000000490
0.00000006465589092
0.00000006357829297
0.00000006253602611
0.00000006152738075
0.00000000000000564
0.00000000000000577
0.00000011737529458
0.00000011559688081
0.00000000000000615
0.00000011219697213
0.00000000000000638
0.00000000000000650
0.00000000000000661
0.00000010596381964
0.00000000000000681
0.00000010309991918
0.00000010172525341
0.00000010038676304
0.00000000000000720
0.00000000000000729
0.00000000000000738
0.00000000000000746
0.00000000000000754
0.00000000000000763
0.00000000000000770
0.00000009082611759
0.00000008975757486
0.00000000000000793
0.00000008769418201
0.00000000000000807
0.00000000000000814
0.00000000000000821
0.00000008383950862
0.00000000000000834
0.00000000000000840
0.00000008116378008
0.00000008030942464
0.00000015894571082
0.00000015730711238
0.00000000000000870
0.00000007706458247
0.00000007629395412
0.00000007553856858
0.00000000000000892
0.00000000000000897
0.00000007335957182
0.00000007266089123
0.00000007197541099
0.00000000000000916
0.00000007064255117
0.00000013998888123
0.00000020807438701
0.00000000000000935
0.00000006811958464
0.00000027006705362
0.00000006692450396
0.00000000000000952
0.00000006577063296
0.00000000000000960
0.00000012931176208
0.00000006411256876
0.00000006357827805
0.00000006305283762
0.00000000000000978
0.00000012405518581
0.00000000000000986
0.00000000000000989
0.00000012110149057
0.00000006007396273
0.00000005960465477
0.00000011828519600
0.00000011737530944
0.00000000000000846
0.00000000000000797
0.00000000000000748
0.00000011387156717
0.00000022605614079
0.00000011219697234
0.00000000000000560
0.00000000000000515
0.00000000000000470
0.00000010899134618
0.00000000000000383
0.00000000000000340
0.00000010670482160
0.00000010596381037
0.00000000000000216
0.00000020902450946
0.00000010380128479
0.00000010309992706
0.00000000000000057
0.00000010172526023
0.00000010105158301
0.00000000000000056
0.00000000000000093
0.00000009908304457
0.00000000000000165
0.00000009781275240
0.00000009718973690
0.00000009657461702
0.00000009596722985
0.00000009536743502
0.00000000000000371
0.00000009419005191
0.00000009361220720
0.00000000000000468
0.00000000000000500
0.00000009192042135
0.00000009136998877
0.00000000000000592
0.00000009028869890
0.00000000000000652
0.00000008923267776
0.00000008871388279
0.00000000000000739
0.00000008769418234
0.00000017438615276
0.00000008669765689
0.00000000000000851
0.00000000000000878
0.00000008524464068
0.00000008477105966
0.00000000000000958
0.00000000000000984
0.00000008338137109
0.00000008292819108
0.00000008247995148
0.00000008203648949
0.00000024479341851
0.00000008116378295
0.00000016146867891
0.00000008030942794
0.00000007988896002
0.00000007947287199
0.00000007906107071
0.00000007865356461
0.00000000000001297
0.00000007785095141
0.00000000000001342
0.00000007706457759
0.00000007667734583
