-nan
0.00000009536743359
0.00000009536743235
0.00000006357828255
0.00000009536742418
0.00000000000000881
0.00000012715656581
0.00000000000000426
0.00000009536743502
0.00000000000000932
0.00000000000001407
0.00000013871628216
0.00000012715659672
0.00000011737527665
0.00000010899132426
0.00000010172528865
0.00000009536740162
0.00000017951513384
0.00000025431318404
0.00000000000003426
0.00000015258785524
0.00000007266086389
0.00000013871622687
0.00000019902772161
0.00000006357824880
0.00000006103519593
0.00000000000003607
0.00000011302804081
0.00000000000001726
0.00000010523301920
0.00000000000000095
0.00000009844380682
0.00000000000001332
0.00000000000001981
0.00000000000002591
0.00000008719304869
0.00000008477101324
0.00000016495983951
0.00000016061878512
0.00000000000005174
0.00000000000005613
0.00000000000006031
0.00000007266083601
0.00000007097118000
0.00000006935820380
0.00000000000007516
0.00000006634248267
0.00000006493093565
0.00000012715666019
0.00000006228085927
0.00000006103524663
0.00000011967687003
0.00000011737520494
0.00000000000009803
0.00000000000010042
0.00000000000010273
0.00000010899145540
0.00000010707932860
0.00000000000010918
0.00000010344930619
0.00000010172514730
0.00000000000011499
0.00000000000011680
0.00000000000011856
0.00000000000012026
0.00000000000012191
0.00000027743265191
0.00000000000012506
0.00000000000012656
0.00000008845687621
0.00000008719320980
0.00000000000013082
0.00000000000013216
0.00000008360966962
0.00000016495974702
0.00000008138007236
0.00000032123752730
0.00000007926629834
0.00000007825033981
0.00000000000014060
0.00000007629380363
0.00000015070423225
0.00000007443326115
0.00000000000014478
0.00000007266104606
0.00000014361198563
0.00000014194207618
0.00000007015520343
0.00000013871611473
0.00000013715750415
0.00000020345067204
0.00000013414304851
0.00000000000015286
0.00000006562935393
0.00000006493117173
0.00000012849522100
0.00000006357844372
0.00000012584552629
0.00000012456138595
0.00000006165183111
0.00000012207015368
0.00000024172323159
0.00000011967661680
0.00000011851502059
0.00000011737544434
0.00000000000013383
0.00000011516054819
0.00000000000011432
0.00000000000010484
0.00000000000009554
0.00000011097292496
0.00000000000007743
0.00000021798276951
0.00000010802676526
0.00000000000005146
0.00000000000004310
0.00000021046602114
0.00000010433362725
0.00000010344939849
0.00000010258008346
0.00000020345051742
0.00000010088455165
0.00000000000001156
0.00000009924417536
0.00000009844382644
0.00000009765621689
0.00000019376236073
0.00000009611840321
0.00000019073491693
0.00000018925623817
0.00000000000006681
0.00000000000007325
0.00000009247758905
0.00000018356446552
0.00000000000009197
0.00000009042235568
0.00000008975747873
0.00000008910230801
0.00000008845686385
0.00000008782024733
0.00000008719295335
0.00000008657482227
0.00000000000013803
0.00000008536371147
0.00000000000014874
0.00000016837269084
0.00000008360996224
0.00000008304086465
0.00000024743999194
0.00000008192655850
0.00000008138038750
0.00000000000018401
0.00000000000018878
0.00000007978432448
0.00000015853267524
0.00000015750987792
0.00000000000020726
0.00000007775157967
0.00000007725990760
0.00000007677356094
0.00000015258766581
0.00000007582029894
0.00000007535227802
0.00000007488952485
0.00000029773222800
0.00000000000024556
0.00000007353658239
0.00000014619224453
0.00000007266115772
0.00000007223121542
0.00000014361186726
0.00000014277256418
0.00000014194249642
0.00000000000027627
0.00000007015563192
0.00000006975418078
0.00000013871597715
0.00000006896598767
0.00000020573677579
0.00000013639111312
0.00000013563398145
0.00000006744246586
0.00000020121510840
0.00000006670477793
0.00000026537055869
0.00000000000031734
0.00000000000032052
0.00000000000032367
0.00000025972374236
0.00000012917460399
0.00000006424719997
0.00000006391082244
0.00000012715623659
0.00000000000034189
0.00000006292318631
0.00000006260050796
0.00000006228042111
0.00000018589352349
0.00000000000035622
0.00000012268337216
0.00000024414098675
0.00000006073113428
0.00000006043121495
0.00000012026668758
0.00000000000037249
0.00000000000037511
0.00000000000037771
0.00000011794195064
0.00000011737491766
0.00000011681408151
0.00000011625782831
0.00000011570606704
0.00000011516106493
0.00000011461961656
0.00000011408480179
0.00000000000039997
0.00000000000040233
0.00000011250760512
0.00000000000040698
0.00000022295906561
0.00000022194643427
0.00000011047045724
0.00000000000041603
0.00000010948051914
0.00000010899177088
0.00000000000042261
0.00000010802640046
0.00000000000042690
0.00000010707965051
0.00000021322368439
0.00000010614766463
0.00000010568814699
0.00000010523346532
0.00000020956320757
0.00000000000044134
0.00000020777881199
0.00000020689928005
0.00000010301336921
0.00000030774073282
0.00000000000045113
0.00000010172571346
0.00000020260587286
0.00000000000045681
0.00000010046985168
0.00000000000046052
0.00000000000046236
0.00000009924369233
0.00000000000046598
0.00000009844333264
0.00000009804891332
0.00000000000047130
0.00000009726765432
0.00000000000047478
0.00000019299606501
0.00000009611787810
0.00000009574094168
0.00000009536695007
0.00000018999318752
0.00000009462863411
0.00000009426230305
0.00000009390072854
0.00000000000048977
0.00000009318393603
0.00000009282962794
0.00000009247800401
0.00000009212903384
0.00000018356388204
0.00000018287737186
0.00000000000050073
0.00000018151769556
0.00000009042194994
0.00000018017707777
0.00000008975808946
0.00000000000050822
0.00000017820534545
0.00000008877789795
0.00000008845623561
0.00000017627533351
0.00000000000051543
0.00000000000051685
0.00000008719256211
0.00000000000051964
0.00000008657521074
0.00000000000052240
0.00000000000052376
0.00000008566285208
0.00000017072823625
0.00000008506694765
0.00000008477157946
0.00000008447825535
0.00000033674622140
0.00000008389765503
0.00000008360926875
0.00000008332498100
0.00000008304049203
0.00000008276007204
0.00000008248048028
0.00000008220169000
0.00000032770499503
0.00000032661007488
0.00000008138075267
0.00000000000054555
0.00000016168307986
0.00000008057391575
0.00000016061828310
0.00000000000055032
0.00000007978506947
0.00000015904871444
0.00000007926588287
0.00000015802037697
0.00000015751063676
0.00000000000055725
0.00000007825075870
0.00000015599983986
0.00000000000056061
0.00000007750439860
0.00000007726025428
0.00000007701540612
0.00000000000056500
0.00000015306678865
0.00000007629337816
0.00000000000056822
0.00000007582063916
0.00000000000057033
0.00000007535261613
0.00000015024095704
0.00000014978009800
0.00000007466131607
0.00000014886681026
0.00000000000057652
0.00000000000057753
0.00000014751641543
0.00000000000057953
0.00000007331608352
0.00000007309657701
0.00000007287721602
0.00000014532121714
0.00000014489116306
0.00000000000058539
0.00000007201729714
0.00000007180547888
0.00000021478706184
0.00000007138673684
0.00000007117743467
0.00000007097052088
0.00000014153138906
0.00000000000059288
0.00000007035693503
0.00000007015475731
0.00000006995492941
0.00000000000059650
0.00000000000059739
0.00000006935873038
0.00000013832389944
0.00000006896687828
0.00000013754341318
0.00000020573587997
0.00000013677406202
0.00000013639201411
0.00000000000060435
0.00000000000060519
0.00000020288755202
0.00000013488371633
0.00000006725576282
0.00000013414380909
0.00000013377629429
0.00000006670447862
0.00000000000061100
0.00000006634194933
0.00000026465169663
0.00000006598456612
0.00000006580671260
0.00000019688821582
0.00000006545263487
0.00000013055586737
0.00000006510478403
0.00000019479367000
0.00000000000061891
0.00000006458808661
0.00000000000062045
0.00000006424815410
0.00000006407828223
0.00000000000062272
0.00000000000062347
0.00000006357891197
0.00000012682567375
0.00000006324949227
0.00000012617149206
0.00000006292221434
0.00000018828388623
0.00000006260078886
0.00000012487948577
0.00000006228140172
0.00000006212166569
0.00000012392988272
0.00000006180712101
0.00000012330271310
0.00000012299339174
0.00000012268309691
0.00000012237561820
0.00000006103452063
0.00000024353115921
0.00000012146363450
0.00000018174176308
0.00000006043020944
0.00000012056391061
0.00000006013251920
0.00000017995687498
0.00000011967741795
0.00000023876897906
0.00000011909234983
0.00000011880385142
0.00000023702911579
0.00000011822851249
0.00000000000059666
0.00000000000058646
0.00000011737587679
0.00000011709439114
0.00000011681425231
0.00000000000054613
0.00000011625690431
0.00000011598182079
0.00000000000051639
0.00000011543342619
0.00000011516116896
0.00000011489019294
0.00000011462048912
0.00000000000046774
0.00000022816926656
0.00000000000044860
0.00000011355421817
0.00000000000042964
0.00000011302848735
0.00000011276662148
0.00000011250679894
0.00000011224895545
0.00000011199072940
0.00000022347005342
0.00000033443957696
0.00000011122544176
0.00000011097266493
0.00000011072170928
0.00000000000032841
0.00000022044332171
0.00000000000031054
0.00000000000030167
0.00000000000029283
0.00000021847007390
0.00000032697377605
0.00000000000026657
0.00000000000025789
0.00000021653295435
0.00000000000024065
0.00000010778858750
0.00000021510209581
0.00000010731477552
0.00000000000020663
0.00000000000019822
0.00000010661181648
0.00000010637917580
0.00000010614827103
0.00000010591767672
0.00000021137700780
0.00000010546046168
0.00000010523288767
0.00000010500658821
0.00000020956289237
0.00000020911414177
0.00000020866730891
0.00000000000010006
0.00000010388971977
0.00000010366897101
0.00000010344934107
0.00000010323077670
0.00000010301298257
0.00000000000005285
0.00000010258004945
0.00000000000003737
0.00000010215091880
0.00000010193760845
0.00000010172524602
0.00000010151378020
0.00000000000000075
0.00000000000000829
0.00000010088457157
0.00000020135311604
0.00000010046942369
0.00000010026305225
0.00000030017285412
0.00000009985296354
0.00000009964929483
0.00000019889249877
0.00000019848823833
0.00000000000008191
0.00000009884226919
0.00000009864277305
0.00000000000010342
0.00000009824561382
0.00000009804856139
0.00000009785182924
0.00000000000013169
0.00000009746146604
0.00000009726703561
0.00000009707395976
0.00000009688135992
0.00000019337887928
0.00000000000017327
0.00000009630775875
0.00000009611854321
0.00000000000019369
0.00000009574122112
0.00000000000020717
0.00000000000021387
0.00000009518130967
0.00000009499657934
0.00000018962355259
0.00000000000024042
0.00000009444486907
0.00000009426253604
0.00000018816259146
0.00000028170098771
0.00000009371973657
0.00000009354074882
0.00000009336132979
0.00000009318315237
0.00000009300565372
0.00000009282882997
0.00000000000031133
0.00000018495470131
0.00000018460506361
0.00000009212886790
0.00000009195470127
0.00000018356472230
0.00000009161033940
0.00000018287651772
0.00000027380220902
0.00000009109688094
0.00000027278244795
0.00000009075897600
0.00000009058982796
0.00000000000039142
0.00000027076554528
0.00000027026597114
0.00000008992247278
0.00000017951475015
0.00000008959246870
0.00000017885717364
0.00000008926487782
0.00000017820439695
0.00000008893967376
0.00000008877795864
0.00000008861683052
0.00000008845628619
0.00000008829632249
0.00000000000047346
0.00000000000047916
0.00000008782085355
0.00000008766221147
0.00000017501070457
0.00000008734855906
0.00000000000050737
0.00000000000051295
0.00000000000051851
0.00000017345745123
0.00000008657521929
0.00000008642199525
0.00000008626931264
0.00000000000054602
0.00000017192946614
0.00000008581337106
0.00000017132619209
0.00000008551392144
0.00000000000057305
0.00000008521429944
0.00000008506700359
0.00000000000058904
0.00000000000059433
0.00000016924766729
0.00000025343377960
0.00000000000061010
0.00000008418580709
0.00000000000062052
0.00000000000062571
0.00000008375384700
0.00000000000063602
0.00000000000064115
0.00000008332379912
0.00000008318314711
0.00000008304168536
0.00000008289938094
0.00000016551973435
0.00000008262017243
0.00000016495920517
0.00000008234017002
0.00000000000068656
0.00000000000069152
0.00000008192568776
0.00000000000070139
0.00000000000070630
0.00000000000071120
0.00000008137949226
0.00000016249032160
0.00000000000072578
0.00000008097460106
0.00000016168179769
0.00000008070838485
0.00000008057371869
0.00000024132591452
0.00000000000075452
0.00000016035584957
0.00000016009297709
0.00000007991432952
0.00000000000077337
0.00000023896231331
0.00000007952385085
0.00000015878986306
0.00000007926722866
0.00000000000079658
0.00000015802062319
0.00000000000080576
0.00000023626593130
0.00000007862740573
0.00000000000081942
0.00000007837497862
0.00000007824937186
0.00000000000083295
0.00000007800103711
0.00000015575075300
0.00000015550442915
0.00000015525721009
0.00000015500906542
0.00000023214553499
0.00000000000086402
0.00000007713676983
0.00000000000087277
0.00000007689380791
0.00000007677289998
0.00000007665414325
0.00000038266466632
0.00000007641423557
0.00000015258699193
0.00000000000090297
0.00000000000090723
0.00000045562882749
0.00000030327936379
0.00000007570159945
0.00000000000092414
0.00000000000092833
0.00000007535297727
0.00000015047094313
0.00000000000094084
0.00000007500574529
0.00000014977857543
0.00000014954919991
0.00000000000095733
0.00000029818798433
0.00000007443408288
0.00000014864061950
0.00000007420785053
0.00000000000097767
0.00000022194700443
0.00000022161123534
0.00000022127450121
0.00000007364625364
0.00000007353533513
0.00000007342675355
0.00000007331449737
0.00000000000100958
0.00000029238296852
0.00000000000101744
0.00000007287677716
0.00000014553940081
0.00000007266192943
0.00000007255190161
0.00000014488954176
0.00000007233900369
0.00000007223199872
0.00000007212321304
0.00000014403681919
0.00000014382258167
0.00000007180712601
0.00000000000106361
0.00000000000106739
0.00000000000107115
0.00000000000107491
0.00000007128085566
0.00000000000108238
0.00000007107550386
0.00000007097002211
0.00000007086919946
0.00000007076430136
0.00000021198786440
0.00000000000110454
0.00000007046016303
0.00000000000111184
0.00000007025517949
0.00000007015647111
0.00000021016521884
0.00000006995320750
0.00000006985312617
0.00000006975333080
0.00000006965609427
0.00000006955687424
0.00000006945793650
0.00000006935698438
0.00000006926090303
0.00000006916049537
0.00000000000115829
0.00000013793139471
0.00000027547485728
0.00000020631718989
0.00000020602467164
0.00000013715883019
0.00000013696410836
0.00000013677464198
0.00000013658335386
0.00000006819451585
0.00000000000119287
0.00000013601029397
0.00000000000119967
0.00000027126856417
0.00000020316954902
0.00000006762777219
0.00000013506967204
0.00000006744337811
0.00000013469705601
0.00000013451396423
0.00000006716263182
0.00000006707283009
0.00000013396042379
0.00000006688907888
0.00000006679510093
0.00000013340893462
0.00000000000124624
0.00000000000124950
0.00000019929721664
0.00000013268637827
0.00000000000125922
0.00000000000126245
0.00000019821845694
0.00000006598268383
0.00000006589617760
0.00000013161092151
0.00000006571880872
0.00000000000128161
0.00000006554239215
0.00000000000128792
0.00000000000129107
0.00000006527694777
0.00000006518979078
0.00000013020703288
0.00000006501617313
0.00000000000130667
0.00000000000130977
0.00000032379261950
0.00000006467169731
0.00000006458614792
0.00000006450082456
0.00000000000132513
0.00000012866303283
0.00000006424620168
0.00000012832488126
0.00000000000133727
0.00000012798850244
0.00000000000134329
0.00000006382626809
0.00000006374293923
0.00000006365982766
0.00000019073350804
0.00000006349696939
0.00000019023808688
0.00000012666316698
0.00000000000136707
0.00000006316567398
0.00000006308405988
0.00000018901347263
0.00000006292146272
0.00000006284324140
0.00000000000138458
0.00000006268190737
0.00000018780187113
0.00000012503861957
0.00000012488151120
0.00000012471922683
0.00000006227936986
0.00000006220002844
0.00000006212088892
0.00000012408531138
0.00000006196603881
0.00000018565968596
0.00000006180917198
0.00000006173103603
0.00000006165024856
0.00000006157250091
0.00000012299132819
0.00000006141759239
0.00000012268229562
0.00000006126633793
0.00000006118956763
0.00000006111010187
0.00000000000144655
0.00000012191646582
0.00000012176734977
0.00000000000145474
0.00000006073295621
0.00000006065751606
0.00000018174386361
0.00000000000146556
0.00000000000146825
0.00000006035467864
0.00000006028016220
0.00000012041608787
0.00000006013167993
0.00000012011987028
0.00000000000148424
0.00000000000148688
0.00000005983689896
0.00000000000149215
0.00000000000149477
0.00000011923989788
0.00000011909448781
0.00000023789435610
0.00000000000150520
0.00000000000150779
0.00000000000151038
0.00000011837272508
0.00000011822639004
0.00000023616837308
0.00000011794385158
0.00000011779853710
0.00000011765965829
0.00000011751807463
0.00000000000153084
0.00000035170471464
0.00000000000153589
0.00000011695205441
0.00000035043954760
0.00000023334981105
0.00000011653645046
0.00000000000154842
0.00000023251333005
0.00000011611764994
0.00000011598285040
0.00000011584527126
0.00000011570489655
0.00000011556796337
0.00000000000156571
0.00000011529506703
0.00000011515910158
0.00000011502345642
0.00000000000157546
0.00000011475627823
0.00000011462159204
0.00000011448722163
0.00000022870157647
0.00000022843408499
0.00000011408599412
0.00000022790097479
0.00000011382006788
0.00000022737034705
0.00000011355537851
0.00000011342349496
0.00000022658223062
0.00000022631968301
0.00000011302967601
0.00000033869380776
0.00000000000161357
0.00000000000161590
0.00000011250558223
0.00000011237611247
0.00000011224694035
0.00000000000162519
0.00000011198948489
0.00000022372728845
0.00000011173647191
0.00000000000163439
0.00000000000163668
0.00000022270360620
0.00000000000164123
0.00000022219687754
0.00000000000164577
0.00000011084869684
0.00000011071972159
0.00000011059432707
0.00000000000165479
0.00000011034438817
0.00000011022316039
0.00000011009889937
0.00000010997491822
0.00000021970076605
0.00000021945391535
0.00000021920427801
0.00000010947842832
0.00000000000167477
0.00000021847203491
0.00000010911144933
0.00000000000168135
0.00000021773800432
0.00000010875029372
0.00000010862932970
0.00000021701557893
0.00000000000169221
0.00000010826804691
0.00000032444106529
0.00000010802512656
0.00000032372407650
0.00000010779005835
0.00000010766780981
0.00000000000170721
0.00000021486694585
0.00000032194539277
0.00000010719504824
0.00000021415672731
0.00000021392215955
0.00000010684663235
0.00000021345456218
0.00000031983660398
0.00000021299245680
0.00000010638108554
0.00000000000173032
0.00000010614636544
0.00000010603111028
0.00000000000173652
0.00000010580482634
0.00000010568684161
0.00000000000174269
0.00000021092237109
0.00000010534829478
0.00000010523477683
0.00000010511800157
0.00000000000175288
0.00000010489568616
0.00000000000175693
0.00000000000175894
0.00000010455877380
0.00000010444695013
0.00000000000176496
0.00000010422048490
0.00000020822051249
0.00000010399849529
0.00000000000177293
0.00000000000177492
0.00000010366727831
0.00000000000177887
0.00000000000178084
0.00000000000178280
0.00000000000178476
0.00000000000178672
0.00000000000178867
0.00000010290258240
0.00000010279426007
0.00000020537412558
0.00000010258189098
0.00000010247425378
0.00000010236684223
0.00000010225965563
0.00000010215269327
0.00000010204595444
0.00000000000180798
0.00000010182952484
0.00000000000181179
0.00000010161759318
0.00000010151195780
0.00000000000181748
0.00000000000181937
0.00000010119636528
0.00000010109160337
0.00000020197594128
0.00000010088638267
0.00000010077861501
0.00000030202780856
0.00000010057103055
0.00000000000183433
0.00000010036429947
0.00000000000183804
0.00000020032235270
0.00000000000184173
0.00000019991228369
0.00000009985117096
0.00000009974917422
0.00000000000184906
0.00000009954580457
0.00000000000185270
0.00000000000185452
0.00000009924601283
0.00000009914525915
0.00000019808383985
0.00000019788686681
0.00000009884049476
0.00000009874055124
0.00000019728348641
0.00000009854126933
0.00000009844567110
0.00000009834279016
0.00000019648957444
0.00000029443907875
0.00000009804656598
0.00000019589832104
0.00000000000188132
0.00000000000188308
