-nan
0.00000005960464478
0.00000000000000011
0.00000000000000015
0.00000011920928933
0.00000000000000036
0.00000007947285926
0.00000013623918755
0.00000000000000044
0.00000010596381293
0.00000000000000036
0.00000017339533090
0.00000000000000089
0.00000000000000109
0.00000000000000127
0.00000006357828918
0.00000000000000155
0.00000011219698007
0.00000000000000178
0.00000000000000187
0.00000000000000195
0.00000018165225277
0.00000008669766303
0.00000008292819926
0.00000007947286192
0.00000000000000227
0.00000014671912328
0.00000000000000237
0.00000013623919047
0.00000006577064496
0.00000012715657303
0.00000006152737777
0.00000000000000255
0.00000000000000215
0.00000022439395513
0.00000000000000122
0.00000000000000079
0.00000000000000038
0.00000000000000000
0.00000000000000036
0.00000009536743093
0.00000009304139776
0.00000009082612402
0.00000008871388825
0.00000008669766319
0.00000008477104814
0.00000008292819896
0.00000000000000272
0.00000000000000296
0.00000000000000319
0.00000015258788721
0.00000000000000362
0.00000014671912177
0.00000000000000402
0.00000007064254617
0.00000013871625981
0.00000000000000457
0.00000006692451817
0.00000006577063761
0.00000012931176666
0.00000006357828255
0.00000006253601539
0.00000000000000550
0.00000006055075589
0.00000005960465055
0.00000000000000590
0.00000000000000603
0.00000000000000615
0.00000000000000627
0.00000011057092885
0.00000010899134395
0.00000000000000661
0.00000021192763258
0.00000010451224704
0.00000020619984528
0.00000000000000701
0.00000010038676304
0.00000009908303866
0.00000000000000729
0.00000009657460694
0.00000009536742418
0.00000009419006349
0.00000000000000763
0.00000000000000770
0.00000009082611759
0.00000008975757486
0.00000008871388197
0.00000008769418201
0.00000000000000807
0.00000000000000814
0.00000008477104214
0.00000025151849275
0.00000016585639451
0.00000016407299227
0.00000016232753475
0.00000000000000853
0.00000007947286829
0.00000007865354322
0.00000007785095590
0.00000007706459998
0.00000000000000881
0.00000007553855085
0.00000007479797668
0.00000000000000897
0.00000007335957182
0.00000007266089123
0.00000014395083110
0.00000007130274346
0.00000007064253275
0.00000013998888123
0.00000006935812280
0.00000020619986154
0.00000006811960342
0.00000000000000943
0.00000000000000947
0.00000006634255163
0.00000000000000956
0.00000013041699094
0.00000006465587622
0.00000012822510850
0.00000006357827805
0.00000006305283762
0.00000012507205128
0.00000000000000982
0.00000018458211590
0.00000012207030261
0.00000006055074032
0.00000000000000996
0.00000011920927956
0.00000000000000947
0.00000011737530944
0.00000011647929736
0.00000000000000797
0.00000000000000748
0.00000000000000700
0.00000000000000653
0.00000011219698446
0.00000000000000560
0.00000022114187562
0.00000000000000470
0.00000000000000426
0.00000010821835832
0.00000000000000340
0.00000010670481564
0.00000010596381037
0.00000010523302586
0.00000010451225210
0.00000010380128749
0.00000000000000096
0.00000000000000057
0.00000010172526023
0.00000020210316620
0.00000000000000056
0.00000000000000093
0.00000009908304715
0.00000000000000165
0.00000000000000200
0.00000000000000235
0.00000009657461702
0.00000009596722377
0.00000009536743502
0.00000000000000371
0.00000009419005998
0.00000009361220720
0.00000027912419485
0.00000009247751447
0.00000000000000531
0.00000000000000562
0.00000000000000592
0.00000009028869890
0.00000000000000652
0.00000008923269139
0.00000000000000711
0.00000008820108545
0.00000000000000768
0.00000008719308832
0.00000008669765689
0.00000008620783930
0.00000017144705934
0.00000000000000905
0.00000000000000932
0.00000016860539443
0.00000000000000984
0.00000008338135090
0.00000008292821178
0.00000000000001060
0.00000000000001085
0.00000008159781357
0.00000016232755456
0.00000024220301257
0.00000000000001182
0.00000007988893592
0.00000007947284741
0.00000007906107071
0.00000007865353912
0.00000000000001297
0.00000007785097780
0.00000007745576863
0.00000000000001364
0.00000023003200977
