-nan
0.00000000000000000
0.00000011920928966
0.00000007947285955
0.00000000000000022
0.00000000000000036
0.00000000000000044
0.00000006811959352
0.00000005960464522
0.00000000000000000
0.00000009536743200
0.00000026009299603
0.00000000000000089
0.00000007335956389
0.00000000000000127
0.00000000000000142
0.00000000000000155
0.00000011219697673
0.00000000000000178
0.00000000000000187
0.00000000000000195
0.00000000000000203
0.00000008669766723
0.00000016585640502
0.00000015894572162
0.00000007629394759
0.00000000000000232
0.00000000000000237
0.00000006811959644
0.00000000000000245
0.00000006357829025
0.00000006152737273
0.00000005960464222
0.00000011559688468
0.00000000000000167
0.00000010899135166
0.00000010596381214
0.00000020619985181
0.00000010038677015
0.00000000000000036
0.00000000000000071
0.00000000000000104
0.00000000000000135
0.00000008871388825
0.00000008669766707
0.00000016954210291
0.00000000000000247
0.00000008116377433
0.00000000000000296
0.00000000000000319
0.00000007629394190
0.00000007479798198
0.00000007335956663
0.00000000000000402
0.00000000000000421
0.00000013871625981
0.00000013623918349
0.00000020077353556
0.00000006577063761
0.00000019396765252
0.00000006357829297
0.00000006253601539
0.00000018458213126
0.00000012110150614
0.00000011920928378
0.00000000000000590
0.00000011559689287
0.00000011387155402
0.00000000000000627
0.00000000000000638
0.00000010899135694
0.00000010745625440
0.00000010596381964
0.00000020902451452
0.00000010309991918
0.00000010172526743
0.00000000000000711
0.00000000000000720
0.00000009781274311
0.00000000000000738
0.00000000000000746
0.00000000000000754
0.00000018608278582
0.00000009192042374
0.00000000000000778
0.00000008975759058
0.00000017742778773
0.00000000000000800
0.00000000000000807
0.00000000000000814
0.00000000000000821
0.00000000000000828
0.00000016585639451
0.00000008203650874
0.00000000000000847
0.00000008030940759
0.00000000000000859
0.00000000000000864
0.00000000000000870
0.00000000000000876
0.00000000000000881
0.00000000000000886
0.00000000000000892
0.00000022221536573
0.00000000000000902
0.00000007266089123
0.00000000000000912
0.00000007130274346
0.00000007064255117
0.00000006999443598
0.00000006935814140
0.00000000000000935
0.00000000000000939
0.00000013503354096
0.00000000000000947
0.00000000000000952
0.00000026308256049
0.00000000000000960
0.00000006465587622
0.00000000000000967
0.00000006357829747
0.00000018915853235
0.00000000000000978
0.00000006202758799
0.00000000000000986
0.00000000000000989
0.00000030275376117
0.00000000000000996
0.00000011920927956
0.00000000000000947
0.00000011737529152
0.00000000000000846
0.00000011559689480
0.00000000000000748
0.00000011387155317
0.00000000000000653
0.00000000000000606
0.00000011137801675
0.00000000000000515
0.00000000000000470
0.00000010899134618
0.00000000000000383
0.00000021491252541
0.00000010670482160
0.00000010596381037
0.00000010523303017
0.00000000000000175
0.00000010380128479
0.00000010309992514
0.00000010240797971
0.00000000000000019
0.00000000000000019
0.00000010038677071
0.00000000000000093
0.00000019816609301
0.00000000000000165
0.00000000000000200
0.00000000000000235
0.00000019314922594
0.00000009596722377
0.00000019073485991
0.00000009477508364
0.00000009419005998
0.00000000000000436
0.00000009304139204
0.00000000000000500
0.00000000000000531
0.00000000000000562
0.00000018165225667
0.00000009028869890
0.00000008975757620
0.00000000000000681
0.00000017742777269
0.00000017640217830
0.00000008769419769
0.00000000000000796
0.00000000000000824
0.00000000000000851
0.00000008572354284
0.00000000000000905
0.00000000000000932
0.00000008430269242
0.00000000000000984
0.00000008338135090
0.00000008292819108
0.00000008247995148
0.00000000000001085
0.00000000000001110
0.00000008116376027
0.00000000000001158
0.00000008030940430
0.00000007988896002
0.00000000000001229
0.00000000000001252
0.00000007865353912
0.00000007825021329
0.00000007785095141
0.00000007745579546
0.00000007706457759
0.00000007667734583
