-nan
0.00000000000000000
0.00000011920928966
0.00000000000000015
0.00000005960464500
0.00000009536743129
0.00000007947286014
0.00000006811959352
0.00000005960464522
0.00000010596381293
0.00000009536743200
0.00000017339533090
0.00000015894571851
0.00000000000000109
0.00000000000000127
0.00000006357828918
0.00000011920929111
0.00000011219697673
0.00000010596381116
0.00000000000000187
0.00000000000000195
0.00000009082612334
0.00000000000000210
0.00000016585640502
0.00000007947286192
0.00000000000000227
0.00000007335956048
0.00000007064253959
0.00000013623919047
0.00000013154128747
0.00000019073486079
0.00000000000000252
0.00000005960464222
0.00000000000000215
0.00000000000000167
0.00000000000000122
0.00000010596381214
0.00000000000000038
0.00000020077354030
0.00000000000000036
0.00000009536743235
0.00000000000000104
0.00000009082612402
0.00000008871388825
0.00000017339533219
0.00000025431314883
0.00000000000000247
0.00000008116377433
0.00000000000000296
0.00000007785096141
0.00000007629394872
0.00000014959596758
0.00000000000000383
0.00000007197541608
0.00000007064254617
0.00000006935812771
0.00000000000000457
0.00000006692451817
0.00000000000000490
0.00000000000000506
0.00000006357829297
0.00000006253602611
0.00000018458212026
0.00000006055075589
0.00000011920928378
0.00000000000000590
0.00000011559689287
0.00000000000000615
0.00000011219698467
0.00000011057092885
0.00000021798269440
0.00000010745625440
0.00000010596380622
0.00000000000000681
0.00000010309993301
0.00000010172526743
0.00000000000000711
0.00000000000000720
0.00000000000000729
0.00000000000000738
0.00000019073487074
0.00000009419004840
0.00000000000000763
0.00000000000000770
0.00000009082613315
0.00000008975759058
0.00000000000000793
0.00000017538837202
0.00000008669765705
0.00000008572352592
0.00000008477104214
0.00000000000000828
0.00000008292819309
0.00000016407299227
0.00000016232755168
0.00000008030940759
0.00000007947285111
0.00000007865356051
0.00000015570193791
0.00000000000000876
0.00000007629393650
0.00000007553856858
0.00000014959598012
0.00000000000000897
0.00000000000000902
0.00000000000000907
0.00000014395083110
0.00000007130276179
0.00000014128507470
0.00000006999443598
0.00000000000000930
0.00000000000000935
0.00000006811960342
0.00000006751675633
0.00000013384901739
0.00000013268511277
0.00000000000000956
0.00000006520849067
0.00000006465587622
0.00000006411254941
0.00000006357827805
0.00000000000000975
0.00000006253603053
0.00000018608278362
0.00000006152738511
0.00000018310545886
0.00000000000000993
0.00000006007398265
0.00000005960465477
0.00000000000000947
0.00000000000000896
0.00000011647929736
0.00000011559687887
0.00000011472772983
0.00000000000000700
0.00000011302807366
0.00000011219697234
0.00000011137801675
0.00000000000000515
0.00000000000000470
0.00000000000000426
0.00000010821835832
0.00000000000000340
0.00000021340964022
0.00000000000000257
0.00000000000000216
0.00000010451225560
0.00000010380128749
0.00000010309992514
0.00000000000000057
0.00000010172526061
0.00000010105158301
0.00000000000000056
0.00000009973064840
0.00000000000000129
0.00000009844380205
0.00000000000000200
0.00000000000000235
0.00000000000000270
0.00000009596722985
0.00000000000000338
0.00000009477509105
0.00000000000000404
0.00000009361219848
0.00000000000000468
0.00000009247751447
0.00000000000000531
0.00000009136998877
0.00000009082613129
0.00000018057737913
0.00000008975758924
0.00000000000000681
0.00000000000000711
0.00000008820110024
0.00000000000000768
0.00000000000000796
0.00000008669767336
0.00000008620785632
0.00000008572354284
0.00000000000000905
0.00000008477104103
0.00000000000000958
0.00000000000000984
0.00000008338135090
0.00000008292821178
0.00000008247995148
0.00000000000001085
0.00000008159781357
0.00000008116376027
0.00000008073434524
0.00000000000001182
0.00000015977788389
0.00000000000001229
0.00000015812215393
0.00000000000001275
0.00000000000001297
0.00000023355288062
0.00000000000001342
0.00000000000001364
0.00000015335467780
