-nan
0.00000005960464478
0.00000000000000011
0.00000000000000015
0.00000000000000022
0.00000000000000036
0.00000007947285926
0.00000006811959352
0.00000000000000044
0.00000000000000000
0.00000000000000036
0.00000008669766448
0.00000007947285881
0.00000007335956389
0.00000006811959530
0.00000006357828634
0.00000005960464322
0.00000011219698007
0.00000000000000178
0.00000000000000187
0.00000009536743359
0.00000000000000203
0.00000000000000210
0.00000000000000216
0.00000000000000222
0.00000000000000227
0.00000007335956512
0.00000000000000237
0.00000000000000241
0.00000000000000245
0.00000006357829025
0.00000006152737777
0.00000000000000255
0.00000000000000215
0.00000011219698007
0.00000010899134923
0.00000010596381372
0.00000010309992648
0.00000010038677015
0.00000009781275004
0.00000000000000071
0.00000000000000104
0.00000009082612673
0.00000000000000165
0.00000000000000194
0.00000016954209848
0.00000016585640038
0.00000008116377433
0.00000000000000296
0.00000007785096779
0.00000000000000341
0.00000007479798922
0.00000007335956663
0.00000007197541608
0.00000014128507970
0.00000006935812771
0.00000000000000457
0.00000013384902213
0.00000013154128992
0.00000006465588080
0.00000006357828255
0.00000012507204685
0.00000012305474500
0.00000000000000564
0.00000000000000577
0.00000011737530638
0.00000023119376765
0.00000000000000615
0.00000011219697213
0.00000011057092885
0.00000010899134395
0.00000000000000661
0.00000000000000671
0.00000000000000681
0.00000010309991918
0.00000010172525341
0.00000000000000711
0.00000000000000720
0.00000009781275769
0.00000000000000738
0.00000009536743910
0.00000009419006349
0.00000009304140435
0.00000018384083978
0.00000000000000778
0.00000000000000786
0.00000008871389783
0.00000008769419802
0.00000000000000807
0.00000008572354220
0.00000025431314283
0.00000000000000828
0.00000008292819309
0.00000008203649193
0.00000008116378008
0.00000000000000853
0.00000000000000859
0.00000000000000864
0.00000015570192051
0.00000007706458247
0.00000022888184475
0.00000007553855085
0.00000007479797668
0.00000007407178260
0.00000000000000902
0.00000000000000907
0.00000007197542922
0.00000007130274346
0.00000007064253275
0.00000000000000926
0.00000006935814140
0.00000000000000935
0.00000013623919745
0.00000006751677520
0.00000006692450396
0.00000006634255163
0.00000000000000956
0.00000013041699094
0.00000006465589549
0.00000012822510850
0.00000000000000971
0.00000006305283762
0.00000000000000978
0.00000012405518581
0.00000012305474065
0.00000000000000989
0.00000012110149057
0.00000006007396273
0.00000011920927956
0.00000011828517706
0.00000000000000896
0.00000000000000846
0.00000011559689480
0.00000011472772983
0.00000000000000700
0.00000011302807366
0.00000000000000606
0.00000000000000560
0.00000022114187562
0.00000000000000470
0.00000010899135471
0.00000000000000383
0.00000010745626441
0.00000010670481564
0.00000000000000257
0.00000000000000216
0.00000000000000175
0.00000010380128479
0.00000010309992514
0.00000000000000057
0.00000020345052102
0.00000010105158301
0.00000020077353974
0.00000009973064840
0.00000009908304457
0.00000009844380205
0.00000009781274840
0.00000009718973690
0.00000009657461702
0.00000000000000304
0.00000000000000338
0.00000000000000371
0.00000009419005191
0.00000000000000436
0.00000000000000468
0.00000018495502393
0.00000009192041073
0.00000018273999439
0.00000009082613129
0.00000000000000622
0.00000008975758924
0.00000008923269139
0.00000026614167680
0.00000008820110024
0.00000008769418234
0.00000008719308832
0.00000017339533849
0.00000000000000851
0.00000008572354284
0.00000008524464068
0.00000016954211001
0.00000000000000958
0.00000000000000984
0.00000008338137109
0.00000008292821178
0.00000000000001060
0.00000008203651119
0.00000000000001110
0.00000000000001134
0.00000016146867891
0.00000024092826017
0.00000007988893592
0.00000000000001229
0.00000007906109574
0.00000000000001275
0.00000023475058799
0.00000000000001320
0.00000000000001342
0.00000015412916881
0.00000015335465009
