-nan
0.00000000000000000
0.00000000000000011
0.00000007947285955
0.00000005960464500
0.00000000000000036
0.00000000000000044
0.00000000000000051
0.00000011920928911
0.00000010596381293
0.00000009536743200
0.00000000000000065
0.00000023841857999
0.00000000000000109
0.00000000000000127
0.00000006357828634
0.00000011920929111
0.00000000000000167
0.00000000000000178
0.00000010038676828
0.00000009536742969
0.00000000000000203
0.00000000000000210
0.00000008292819926
0.00000007947285748
0.00000000000000227
0.00000022007869072
0.00000000000000237
0.00000006811959162
0.00000006577064496
0.00000012715657801
0.00000006152737273
0.00000011920929210
0.00000000000000215
0.00000000000000167
0.00000010899134923
0.00000010596381214
0.00000010309992648
0.00000010038677015
0.00000009781275004
0.00000000000000071
0.00000000000000104
0.00000018165224939
0.00000008871389155
0.00000000000000194
0.00000008477104814
0.00000008292820390
0.00000008116376889
0.00000007947285674
0.00000015570193240
0.00000007629394190
0.00000014959596758
0.00000000000000383
0.00000000000000402
0.00000000000000421
0.00000006935812771
0.00000006811958946
0.00000013384903160
0.00000000000000490
0.00000006465589092
0.00000012715658073
0.00000012507203614
0.00000006152736975
0.00000000000000564
0.00000011920928378
0.00000000000000590
0.00000000000000603
0.00000011387155402
0.00000000000000627
0.00000011057094162
0.00000021798270739
0.00000010745625440
0.00000010596381964
0.00000000000000681
0.00000010309993301
0.00000000000000701
0.00000010038677725
0.00000000000000720
0.00000009781275769
0.00000000000000738
0.00000000000000746
0.00000000000000754
0.00000009304140435
0.00000009192040833
0.00000000000000778
0.00000008975757486
0.00000000000000793
0.00000035077676806
0.00000000000000807
0.00000017144705997
0.00000000000000821
0.00000000000000828
0.00000000000000834
0.00000008203649193
0.00000000000000847
0.00000008030940759
0.00000015894571082
0.00000007865356051
0.00000007785095590
0.00000007706458247
0.00000007629395412
0.00000007553856858
0.00000007479797668
0.00000007407180053
0.00000007335955378
0.00000007266089123
0.00000007197542922
0.00000021390824872
0.00000007064255117
0.00000000000000926
0.00000000000000930
0.00000013746657748
0.00000006811960342
0.00000006751677520
0.00000006692450396
0.00000013268511277
0.00000006577065207
0.00000013041699094
0.00000000000000963
0.00000012822510850
0.00000006357827805
0.00000006305283762
0.00000012507203171
0.00000000000000982
0.00000000000000986
0.00000000000000989
0.00000012110149057
0.00000000000000996
0.00000011920927956
0.00000011828517706
0.00000000000000896
0.00000011647931428
0.00000011559687887
0.00000000000000748
0.00000000000000700
0.00000011302806060
0.00000011219698446
0.00000011137801675
0.00000011057094038
0.00000010977545618
0.00000010899134618
0.00000000000000383
0.00000000000000340
0.00000021340964022
0.00000010596381550
0.00000000000000216
0.00000010451225560
0.00000010380128479
0.00000010309992514
0.00000010240798086
0.00000000000000019
0.00000010105158301
0.00000010038676959
0.00000000000000093
0.00000009908304715
0.00000009844379875
0.00000009781274840
0.00000019437948086
0.00000009657461162
0.00000019193445666
0.00000000000000338
0.00000009477509105
0.00000000000000404
0.00000018722440132
0.00000000000000468
0.00000009247751447
0.00000018384083739
0.00000000000000562
0.00000018165225667
0.00000000000000622
0.00000000000000652
0.00000000000000681
0.00000000000000711
0.00000000000000739
0.00000008769419769
0.00000000000000796
0.00000000000000824
0.00000017241570413
0.00000008572354284
0.00000008524464068
0.00000008477105966
0.00000008430271158
0.00000000000000984
0.00000000000001010
0.00000000000001035
0.00000000000001060
0.00000008203651119
0.00000016319561604
0.00000016232755456
0.00000000000001158
0.00000008030942794
0.00000000000001205
0.00000015894570711
0.00000007906109574
0.00000007865353912
0.00000000000001297
0.00000000000001320
0.00000000000001342
0.00000007706457759
0.00000000000001385
