-nan
0.00000000000000000
0.00000000000000011
0.00000000000000015
0.00000005960464500
0.00000009536743129
0.00000000000000044
0.00000020435878158
0.00000000000000044
0.00000010596381293
0.00000009536743200
0.00000008669766448
0.00000000000000089
0.00000007335956171
0.00000006811959530
0.00000006357828918
0.00000011920929111
0.00000033659093687
0.00000000000000178
0.00000010038677202
0.00000000000000195
0.00000009082612334
0.00000008669766723
0.00000008292819926
0.00000007947286192
0.00000000000000227
0.00000007335956048
0.00000014128508628
0.00000006811959162
0.00000006577064496
0.00000000000000249
0.00000012305475303
0.00000000000000255
0.00000011559688899
0.00000011219697673
0.00000000000000122
0.00000010596381214
0.00000000000000038
0.00000020077354030
0.00000009781275004
0.00000009536743093
0.00000000000000104
0.00000000000000135
0.00000008871389155
0.00000008669766319
0.00000016954210291
0.00000000000000247
0.00000000000000272
0.00000007947285674
0.00000000000000319
0.00000015258789404
0.00000000000000362
0.00000014671912177
0.00000014395083619
0.00000007064254617
0.00000013871625981
0.00000006811958946
0.00000000000000474
0.00000019731193243
0.00000000000000506
0.00000006357828255
0.00000012507203614
0.00000000000000550
0.00000006055075589
0.00000005960465055
0.00000011737529458
0.00000011559688081
0.00000011387156632
0.00000011219698467
0.00000000000000638
0.00000021798269440
0.00000010745625440
0.00000010596381964
0.00000000000000681
0.00000000000000691
0.00000020345051382
0.00000010038677725
0.00000009908303866
0.00000000000000729
0.00000000000000738
0.00000000000000746
0.00000009419006349
0.00000018608280107
0.00000009192042374
0.00000009082611759
0.00000008975759058
0.00000000000000793
0.00000000000000800
0.00000008669765705
0.00000000000000814
0.00000000000000821
0.00000000000000828
0.00000016585641119
0.00000000000000840
0.00000008116378008
0.00000000000000853
0.00000007947286829
0.00000000000000864
0.00000007785095590
0.00000007706458247
0.00000015258788181
0.00000007553855085
0.00000000000000892
0.00000007407180053
0.00000022007867938
0.00000007266090937
0.00000007197541099
0.00000007130274346
0.00000014128507470
0.00000006999445450
0.00000000000000930
0.00000000000000935
0.00000006811960342
0.00000000000000943
0.00000006692452291
0.00000013268511277
0.00000006577065207
0.00000000000000960
0.00000019396766721
0.00000006411256876
0.00000012715656581
0.00000006305285711
0.00000000000000978
0.00000006202760764
0.00000012305474065
0.00000000000000989
0.00000000000000993
0.00000006007398265
0.00000011920927956
0.00000000000000947
0.00000000000000896
0.00000000000000846
0.00000011559689480
0.00000000000000748
0.00000011387155317
0.00000000000000653
0.00000011219697234
0.00000011137801675
0.00000022114186532
0.00000000000000470
0.00000010899135471
0.00000010821835832
0.00000000000000340
0.00000000000000298
0.00000000000000257
0.00000010523303017
0.00000000000000175
0.00000010380128479
0.00000000000000096
0.00000010240797971
0.00000010172526061
0.00000000000000019
0.00000000000000056
0.00000009973064840
0.00000000000000129
0.00000009844380205
0.00000009781274840
0.00000009718974160
0.00000009657461162
0.00000000000000304
0.00000009536743502
0.00000000000000371
0.00000009419005998
0.00000009361220720
0.00000018608278877
0.00000009247750447
0.00000018384083739
0.00000018273999439
0.00000009082611945
0.00000009028868646
0.00000017951517196
0.00000008923269139
0.00000000000000711
0.00000008820110024
0.00000017538837235
0.00000000000000796
0.00000008669765689
0.00000008620785632
0.00000025717061096
0.00000008524464068
0.00000000000000932
0.00000008430271158
0.00000000000000984
0.00000016676273209
0.00000000000001035
0.00000000000001060
0.00000000000001085
0.00000008159781357
0.00000008116376027
0.00000000000001158
0.00000016061884405
0.00000000000001205
0.00000007947287199
0.00000000000001252
0.00000000000001275
0.00000007825018735
0.00000007785095141
0.00000023236735955
0.00000000000001364
0.00000007667734583
