-nan
0.00000011920928955
0.00000005960464466
0.00000007947285955
0.00000000000000022
0.00000009536743129
0.00000015894571896
0.00000006811959454
0.00000000000000044
0.00000000000000000
0.00000009536743200
0.00000008669766577
0.00000007947286059
0.00000014671912451
0.00000006811959530
0.00000006357828634
0.00000000000000155
0.00000000000000167
0.00000000000000178
0.00000010038676828
0.00000009536743359
0.00000009082612334
0.00000017339532816
0.00000008292819926
0.00000000000000222
0.00000000000000227
0.00000007335956512
0.00000007064254432
0.00000000000000241
0.00000006577064496
0.00000006357828527
0.00000000000000252
0.00000000000000255
0.00000000000000215
0.00000000000000167
0.00000010899134923
0.00000000000000079
0.00000010309992648
0.00000000000000000
0.00000009781275004
0.00000009536743093
0.00000027912418913
0.00000009082612402
0.00000008871388825
0.00000000000000194
0.00000000000000221
0.00000008292820390
0.00000000000000272
0.00000007947286266
0.00000000000000319
0.00000000000000341
0.00000007479798198
0.00000000000000383
0.00000000000000402
0.00000000000000421
0.00000000000000439
0.00000013623918349
0.00000000000000474
0.00000013154128992
0.00000006465589092
0.00000006357829297
0.00000006253601539
0.00000006152736975
0.00000006055074461
0.00000000000000577
0.00000011737529458
0.00000011559688081
0.00000011387155402
0.00000011219697213
0.00000000000000638
0.00000010899135694
0.00000010745625440
0.00000010596380622
0.00000010451224704
0.00000010309991918
0.00000000000000701
0.00000000000000711
0.00000009908305306
0.00000009781274311
0.00000000000000738
0.00000009536742418
0.00000000000000754
0.00000027912418254
0.00000018384082437
0.00000000000000778
0.00000000000000786
0.00000000000000793
0.00000008769419802
0.00000008669765705
0.00000008572354220
0.00000025431314283
0.00000000000000828
0.00000008292819309
0.00000000000000840
0.00000016232755168
0.00000016061884076
0.00000007947286829
0.00000007865354322
0.00000015570192051
0.00000007706458247
0.00000007629393650
0.00000000000000886
0.00000000000000892
0.00000014814359210
0.00000000000000902
0.00000007266089123
0.00000014395083110
0.00000007130276179
0.00000014128509312
0.00000020998332647
0.00000006935812280
0.00000000000000935
0.00000006811960342
0.00000006751675633
0.00000000000000947
0.00000000000000952
0.00000019731191798
0.00000006520850986
0.00000012931176208
0.00000006411256876
0.00000006357827805
0.00000006305283762
0.00000000000000978
0.00000006202760764
0.00000012305474065
0.00000000000000989
0.00000000000000993
0.00000000000000996
0.00000011920927956
0.00000011828517706
0.00000011737529152
0.00000000000000846
0.00000011559687887
0.00000011472772983
0.00000000000000700
0.00000000000000653
0.00000011219697234
0.00000022275603911
0.00000011057094038
0.00000010977546558
0.00000010899135471
0.00000010821836598
0.00000000000000340
0.00000010670481564
0.00000000000000257
0.00000010523302586
0.00000000000000175
0.00000020760257363
0.00000000000000096
0.00000010240797971
0.00000010172526061
0.00000000000000019
0.00000000000000056
0.00000009973064840
0.00000009908304457
0.00000009844379875
0.00000000000000200
0.00000000000000235
0.00000019314923134
0.00000009596722377
0.00000009536743502
0.00000009477508364
0.00000009419005191
0.00000018722441003
0.00000009304139204
0.00000009247750447
0.00000000000000531
0.00000009137000000
0.00000009082613129
0.00000000000000622
0.00000008975758924
0.00000008923269139
0.00000000000000711
0.00000000000000739
0.00000008769419769
0.00000008719308832
0.00000000000000824
0.00000008620783930
0.00000000000000878
0.00000008524464068
0.00000008477105966
0.00000008430269242
0.00000008383949051
0.00000000000001010
0.00000008292821178
0.00000000000001060
0.00000024610951186
0.00000000000001110
0.00000000000001134
0.00000008073432208
0.00000008030942794
0.00000007988893592
0.00000015894573169
0.00000007906109574
0.00000000000001275
0.00000000000001297
0.00000007785097780
0.00000000000001342
0.00000007706457759
0.00000000000001385
