-nan
0.00000000000000000
0.00000005960464466
0.00000000000000015
0.00000011920928977
0.00000000000000036
0.00000007947286014
0.00000006811959454
0.00000000000000044
0.00000000000000000
0.00000000000000036
0.00000000000000065
0.00000007947285881
0.00000000000000109
0.00000006811959530
0.00000000000000142
0.00000000000000155
0.00000022439395847
0.00000021192762764
0.00000010038676828
0.00000009536743359
0.00000000000000203
0.00000008669766303
0.00000000000000216
0.00000000000000222
0.00000000000000227
0.00000000000000232
0.00000000000000237
0.00000000000000241
0.00000006577064006
0.00000025431315353
0.00000006152737273
0.00000000000000255
0.00000011559688899
0.00000011219698007
0.00000010899134923
0.00000000000000079
0.00000000000000038
0.00000010038677015
0.00000009781275077
0.00000009536743093
0.00000000000000104
0.00000000000000135
0.00000000000000165
0.00000000000000194
0.00000016954210291
0.00000008292820390
0.00000000000000272
0.00000007947285674
0.00000000000000319
0.00000007629394190
0.00000000000000362
0.00000014671912177
0.00000014395083619
0.00000000000000421
0.00000013871626860
0.00000006811958946
0.00000006692450870
0.00000000000000490
0.00000006465588080
0.00000006357829297
0.00000006253602611
0.00000000000000550
0.00000006055074461
0.00000000000000577
0.00000011737529458
0.00000000000000603
0.00000011387155402
0.00000000000000627
0.00000011057092885
0.00000010899135694
0.00000010745625440
0.00000010596380622
0.00000010451226067
0.00000010309993301
0.00000010172525341
0.00000000000000711
0.00000000000000720
0.00000009781275769
0.00000028972383558
0.00000009536743910
0.00000000000000754
0.00000000000000763
0.00000009192040833
0.00000009082611759
0.00000000000000786
0.00000000000000793
0.00000000000000800
0.00000026009300346
0.00000008572352592
0.00000008477104214
0.00000008383949207
0.00000000000000834
0.00000008203650874
0.00000000000000847
0.00000000000000853
0.00000007947286829
0.00000007865354322
0.00000007785097331
0.00000000000000876
0.00000007629393650
0.00000007553855085
0.00000007479799452
0.00000022221538366
0.00000000000000902
0.00000007266090937
0.00000000000000912
0.00000021390826705
0.00000000000000921
0.00000006999443598
0.00000000000000930
0.00000000000000935
0.00000006811960342
0.00000020255028786
0.00000013384901739
0.00000019902769294
0.00000006577065207
0.00000006520849067
0.00000000000000963
0.00000006411254941
0.00000000000000971
0.00000006305285711
0.00000006253601096
0.00000018608278362
0.00000024610951086
0.00000012207032239
0.00000000000000993
0.00000006007396273
0.00000000000000999
0.00000011828517706
0.00000011737529152
0.00000000000000846
0.00000000000000797
0.00000011472772983
0.00000000000000700
0.00000011302806060
0.00000000000000606
0.00000011137802796
0.00000011057094038
0.00000010977545618
0.00000010899134618
0.00000000000000383
0.00000000000000340
0.00000021340963426
0.00000010596381550
0.00000000000000216
0.00000000000000175
0.00000000000000135
0.00000030929977925
0.00000010240797971
0.00000000000000019
0.00000010105158338
0.00000000000000056
0.00000000000000093
0.00000000000000129
0.00000000000000165
0.00000009781275240
0.00000000000000235
0.00000000000000270
0.00000009596722985
0.00000009536743502
0.00000009477509105
0.00000000000000404
0.00000009361220720
0.00000009304139204
0.00000009247750447
0.00000018384082677
0.00000009137000000
0.00000000000000592
0.00000018057737913
0.00000008975758924
0.00000000000000681
0.00000000000000711
0.00000008820108545
0.00000008769418234
0.00000008719308832
0.00000000000000824
0.00000008620785632
0.00000017144707690
0.00000008524462258
0.00000000000000932
0.00000000000000958
0.00000008383949051
0.00000008338137109
0.00000016585641320
0.00000000000001060
0.00000000000001085
0.00000016319561604
0.00000008116376027
0.00000008073432208
0.00000000000001182
0.00000007988893592
0.00000007947287199
0.00000007906109574
0.00000000000001275
0.00000007825021329
0.00000007785095141
0.00000007745579546
0.00000007706457759
0.00000000000001385
