-nan
0.00000000000000000
0.00000000000000011
0.00000007947285955
0.00000000000000022
0.00000000000000036
0.00000000000000044
0.00000006811959352
0.00000005960464522
0.00000000000000000
0.00000000000000036
0.00000000000000065
0.00000007947286059
0.00000022007868949
0.00000006811959530
0.00000006357828918
0.00000000000000155
0.00000000000000167
0.00000010596381116
0.00000000000000187
0.00000019073486133
0.00000009082612740
0.00000000000000210
0.00000000000000216
0.00000000000000222
0.00000000000000227
0.00000007335956512
0.00000000000000237
0.00000013623919047
0.00000000000000245
0.00000000000000249
0.00000012305474798
0.00000011920929210
0.00000011559688468
0.00000000000000167
0.00000000000000122
0.00000000000000079
0.00000000000000038
0.00000000000000000
0.00000009781275004
0.00000000000000071
0.00000009304139568
0.00000009082612673
0.00000000000000165
0.00000008669766707
0.00000000000000221
0.00000000000000247
0.00000000000000272
0.00000000000000296
0.00000000000000319
0.00000007629394872
0.00000007479798922
0.00000007335955897
0.00000007197541608
0.00000000000000421
0.00000006935812771
0.00000013623918349
0.00000013384903160
0.00000000000000490
0.00000000000000506
0.00000012715657031
0.00000006253601539
0.00000000000000550
0.00000006055074461
0.00000011920929532
0.00000000000000590
0.00000011559688081
0.00000011387155402
0.00000000000000627
0.00000011057094162
0.00000000000000650
0.00000000000000661
0.00000010596380622
0.00000010451224704
0.00000000000000691
0.00000010172525341
0.00000020077353319
0.00000009908303866
0.00000000000000729
0.00000009657460694
0.00000009536742418
0.00000000000000754
0.00000009304138910
0.00000009192042374
0.00000000000000778
0.00000008975759058
0.00000008871388197
0.00000000000000800
0.00000000000000807
0.00000008572352592
0.00000000000000821
0.00000000000000828
0.00000008292819309
0.00000008203649193
0.00000000000000847
0.00000000000000853
0.00000000000000859
0.00000007865354322
0.00000015570192051
0.00000015412919121
0.00000007629395412
0.00000015107711057
0.00000007479799452
0.00000007407180053
0.00000029343824218
0.00000000000000907
0.00000007197541099
0.00000007130276179
0.00000007064255117
0.00000000000000926
0.00000006935814140
0.00000006873329341
0.00000006811960342
0.00000006751675633
0.00000006692452291
0.00000013268513180
0.00000000000000956
0.00000006520849067
0.00000012931178135
0.00000006411256876
0.00000000000000971
0.00000006305283762
0.00000025014407321
0.00000012405518581
0.00000006152738511
0.00000006103516614
0.00000000000000993
0.00000000000000996
0.00000000000000999
0.00000000000000947
0.00000011737529152
0.00000000000000846
0.00000000000000797
0.00000011472772983
0.00000011387155317
0.00000011302807366
0.00000000000000606
0.00000000000000560
0.00000000000000515
0.00000021955091706
0.00000000000000426
0.00000000000000383
0.00000010745625760
0.00000010670481564
0.00000000000000257
0.00000000000000216
0.00000000000000175
0.00000000000000135
0.00000010309992514
0.00000010240798086
0.00000000000000019
0.00000000000000019
0.00000000000000056
0.00000009973064840
0.00000009908304457
0.00000009844379875
0.00000009781274840
0.00000000000000235
0.00000000000000270
0.00000000000000304
0.00000009536742827
0.00000000000000371
0.00000000000000404
0.00000000000000436
0.00000009304140140
0.00000009247751447
0.00000000000000531
0.00000009137000000
0.00000009082613129
0.00000000000000622
0.00000017951517196
0.00000026769806054
0.00000017742778690
0.00000008820108545
0.00000008769419769
0.00000008719307240
0.00000000000000824
0.00000000000000851
0.00000008572352528
0.00000000000000905
0.00000008477104103
0.00000000000000958
0.00000016767899085
0.00000000000001010
0.00000000000001035
0.00000016495989236
0.00000016407301152
0.00000000000001110
0.00000016232753188
0.00000016146865575
0.00000008030940430
0.00000007988896002
0.00000015894570711
0.00000015812217897
0.00000015730711648
0.00000007825018735
0.00000000000001320
0.00000015491157750
0.00000000000001364
0.00000000000001385
