-nan
0.00000000000000000
0.00000011920928966
0.00000000000000015
0.00000000000000022
0.00000000000000036
0.00000000000000044
0.00000000000000051
0.00000000000000044
0.00000000000000000
0.00000000000000036
0.00000000000000065
0.00000000000000089
0.00000000000000109
0.00000000000000127
0.00000006357828634
0.00000000000000155
0.00000000000000167
0.00000010596381116
0.00000010038676828
0.00000019073486133
0.00000009082612740
0.00000008669766723
0.00000008292820359
0.00000007947286192
0.00000000000000227
0.00000007335956512
0.00000007064254432
0.00000006811959162
0.00000006577064496
0.00000006357829025
0.00000006152737777
0.00000005960464222
0.00000011559688899
0.00000011219698007
0.00000000000000122
0.00000000000000079
0.00000020619985258
0.00000010038677015
0.00000000000000036
0.00000000000000071
0.00000000000000104
0.00000009082612402
0.00000008871389155
0.00000000000000194
0.00000000000000221
0.00000000000000247
0.00000000000000272
0.00000000000000296
0.00000007785096779
0.00000007629394190
0.00000007479798198
0.00000007335955897
0.00000014395084423
0.00000000000000421
0.00000006935812771
0.00000000000000457
0.00000013384902213
0.00000013154128012
0.00000000000000506
0.00000006357829297
0.00000025014407763
0.00000000000000550
0.00000000000000564
0.00000011920929532
0.00000011737529458
0.00000000000000603
0.00000000000000615
0.00000011219697213
0.00000000000000638
0.00000010899135694
0.00000000000000661
0.00000000000000671
0.00000000000000681
0.00000000000000691
0.00000000000000701
0.00000010038676304
0.00000000000000720
0.00000009781275769
0.00000000000000738
0.00000009536742418
0.00000009419004840
0.00000000000000763
0.00000000000000770
0.00000000000000778
0.00000000000000786
0.00000008871388197
0.00000000000000800
0.00000008669767320
0.00000008572352592
0.00000008477104214
0.00000025151850931
0.00000016585641119
0.00000000000000840
0.00000000000000847
0.00000000000000853
0.00000007947286829
0.00000000000000864
0.00000007785095590
0.00000007706458247
0.00000007629393650
0.00000007553856858
0.00000000000000892
0.00000000000000897
0.00000000000000902
0.00000007266090937
0.00000007197542922
0.00000007130274346
0.00000000000000921
0.00000006999443598
0.00000013871625490
0.00000013746655878
0.00000020435879148
0.00000013503352209
0.00000006692450396
0.00000006634255163
0.00000019731191798
0.00000000000000960
0.00000006465587622
0.00000006411254941
0.00000019073485357
0.00000006305285711
0.00000012507203171
0.00000006202758799
0.00000012305476036
0.00000000000000989
0.00000006055076017
0.00000018022190810
0.00000005960465477
0.00000011828519600
0.00000000000000896
0.00000000000000846
0.00000011559689480
0.00000022945546714
0.00000000000000700
0.00000011302806060
0.00000000000000606
0.00000011137801675
0.00000000000000515
0.00000010977545618
0.00000010899135471
0.00000000000000383
0.00000010745625760
0.00000010670481564
0.00000010596381037
0.00000000000000216
0.00000000000000175
0.00000010380128749
0.00000000000000096
0.00000010240798086
0.00000010172526061
0.00000000000000019
0.00000000000000056
0.00000009973064654
0.00000009908304715
0.00000019688760246
0.00000009781275240
0.00000009718974160
0.00000000000000270
0.00000009596722377
0.00000000000000338
0.00000009477508364
0.00000009419005998
0.00000009361220720
0.00000009304140140
0.00000000000000500
0.00000009192041073
0.00000000000000562
0.00000000000000592
0.00000009028869890
0.00000000000000652
0.00000008923267776
0.00000008871388279
0.00000000000000739
0.00000000000000768
0.00000008719307240
0.00000008669767336
0.00000017241568711
0.00000008572354284
0.00000000000000905
0.00000000000000932
0.00000008430271158
0.00000008383951018
0.00000008338137109
0.00000000000001035
0.00000008247995148
0.00000008203651119
0.00000008159781357
0.00000008116378295
0.00000008073432208
0.00000016061884405
0.00000007988893592
0.00000000000001229
0.00000007906109574
0.00000007865353912
0.00000023475058799
0.00000007785097780
0.00000007745579546
0.00000023119378731
0.00000015335467780
