-nan
0.00000000000000000
0.00000000000000011
0.00000007947285985
0.00000000000000022
0.00000000000000036
0.00000000000000044
0.00000000000000051
0.00000005960464522
0.00000010596381293
0.00000009536743200
0.00000008669766448
0.00000007947285881
0.00000000000000109
0.00000006811959530
0.00000000000000142
0.00000011920929111
0.00000000000000167
0.00000010596381471
0.00000010038677202
0.00000000000000195
0.00000000000000203
0.00000008669766723
0.00000008292819926
0.00000007947285748
0.00000000000000227
0.00000007335956048
0.00000007064253959
0.00000006811959644
0.00000013154128257
0.00000006357828527
0.00000012305474798
0.00000011920928700
0.00000000000000215
0.00000011219698007
0.00000000000000122
0.00000000000000079
0.00000020619985258
0.00000000000000000
0.00000000000000036
0.00000009536743235
0.00000009304139776
0.00000000000000135
0.00000017742777814
0.00000000000000194
0.00000008477104814
0.00000000000000247
0.00000000000000272
0.00000000000000296
0.00000007785096779
0.00000007629394872
0.00000000000000362
0.00000007335956663
0.00000000000000402
0.00000007064253775
0.00000006935813649
0.00000000000000457
0.00000000000000474
0.00000006577063761
0.00000006465589092
0.00000006357829297
0.00000000000000536
0.00000000000000550
0.00000006055075589
0.00000011920928378
0.00000000000000590
0.00000000000000603
0.00000000000000615
0.00000000000000627
0.00000011057092885
0.00000010899134395
0.00000010745625440
0.00000000000000671
0.00000000000000681
0.00000010309991918
0.00000000000000701
0.00000010038676304
0.00000019816609892
0.00000000000000729
0.00000009657460694
0.00000019073485582
0.00000000000000754
0.00000000000000763
0.00000000000000770
0.00000000000000778
0.00000000000000786
0.00000026614166176
0.00000000000000800
0.00000000000000807
0.00000008572352592
0.00000000000000821
0.00000008383949207
0.00000008292819309
0.00000008203649193
0.00000000000000847
0.00000016061882371
0.00000007947286829
0.00000015730709509
0.00000000000000870
0.00000007706459998
0.00000007629395412
0.00000015107711057
0.00000014959598012
0.00000007407178260
0.00000007335957182
0.00000007266090937
0.00000007197542922
0.00000021390826705
0.00000007064253275
0.00000020998334498
0.00000000000000930
0.00000006873329341
0.00000000000000939
0.00000013503352209
0.00000013384901739
0.00000006634257066
0.00000000000000956
0.00000006520849067
0.00000012931176208
0.00000006411254941
0.00000006357829747
0.00000000000000975
0.00000000000000978
0.00000006202760764
0.00000006152736540
0.00000006103514636
0.00000006055074032
0.00000018022190810
0.00000005960465477
0.00000000000000947
0.00000000000000896
0.00000011647929736
0.00000000000000797
0.00000011472774479
0.00000000000000700
0.00000000000000653
0.00000000000000606
0.00000000000000560
0.00000011057093009
0.00000010977545618
0.00000000000000426
0.00000000000000383
0.00000010745625760
0.00000000000000298
0.00000000000000257
0.00000000000000216
0.00000020902450595
0.00000010380128479
0.00000010309992706
0.00000020481596000
0.00000000000000019
0.00000000000000019
0.00000000000000056
0.00000009973064840
0.00000009908304715
0.00000019688760246
0.00000000000000200
0.00000000000000235
0.00000000000000270
0.00000009596722377
0.00000000000000338
0.00000009477509105
0.00000000000000404
0.00000000000000436
0.00000000000000468
0.00000018495501394
0.00000009192041073
0.00000018273998316
0.00000009082613129
0.00000000000000622
0.00000000000000652
0.00000000000000681
0.00000000000000711
0.00000008820108545
0.00000000000000768
0.00000017438615276
0.00000000000000824
0.00000008620785632
0.00000008572354284
0.00000008524464068
0.00000008477105966
0.00000000000000958
0.00000008383949051
0.00000000000001010
0.00000000000001035
0.00000000000001060
0.00000008203648949
0.00000008159781357
0.00000008116378295
0.00000000000001158
0.00000016061884405
0.00000000000001205
0.00000000000001229
0.00000007906109574
0.00000007865356461
0.00000007825021329
0.00000007785095141
0.00000015491155067
0.00000000000001364
0.00000015335467780
