-nan
0.00000005960464478
0.00000005960464466
0.00000000000000015
0.00000005960464500
0.00000009536743200
0.00000000000000044
0.00000006811959454
0.00000000000000044
0.00000010596381293
0.00000000000000036
0.00000000000000065
0.00000000000000089
0.00000007335956389
0.00000000000000127
0.00000000000000142
0.00000000000000155
0.00000000000000167
0.00000010596381471
0.00000000000000187
0.00000000000000195
0.00000018165225277
0.00000008669766723
0.00000000000000216
0.00000007947286192
0.00000000000000227
0.00000014671912792
0.00000007064253959
0.00000006811959162
0.00000000000000245
0.00000006357828527
0.00000006152737777
0.00000000000000255
0.00000000000000215
0.00000011219698007
0.00000000000000122
0.00000021192762666
0.00000000000000038
0.00000010038677015
0.00000009781275077
0.00000000000000071
0.00000000000000104
0.00000009082612673
0.00000008871389155
0.00000008669766707
0.00000008477104814
0.00000008292819896
0.00000000000000272
0.00000000000000296
0.00000000000000319
0.00000015258789404
0.00000000000000362
0.00000007335956663
0.00000000000000402
0.00000007064254617
0.00000000000000439
0.00000000000000457
0.00000000000000474
0.00000000000000490
0.00000000000000506
0.00000006357829297
0.00000006253602611
0.00000000000000550
0.00000012110150614
0.00000000000000577
0.00000011737529458
0.00000011559688081
0.00000011387156632
0.00000000000000627
0.00000011057092885
0.00000010899134395
0.00000010745625440
0.00000000000000671
0.00000010451224704
0.00000010309991918
0.00000000000000701
0.00000010038676304
0.00000019816608452
0.00000009781274311
0.00000009657462169
0.00000000000000746
0.00000009419006349
0.00000009304140435
0.00000018384083978
0.00000009082613315
0.00000000000000786
0.00000008871389783
0.00000008769418201
0.00000000000000807
0.00000008572352592
0.00000016954210891
0.00000008383949207
0.00000008292820977
0.00000000000000840
0.00000008116376314
0.00000000000000853
0.00000007947286829
0.00000000000000864
0.00000000000000870
0.00000015412917369
0.00000000000000881
0.00000000000000886
0.00000000000000892
0.00000014814359210
0.00000000000000902
0.00000007266089123
0.00000000000000912
0.00000014260549609
0.00000014128507470
0.00000013998888123
0.00000006935812280
0.00000000000000935
0.00000013623917867
0.00000000000000943
0.00000006692452291
0.00000000000000952
0.00000013154127547
0.00000019562549121
0.00000006465587622
0.00000012822512785
0.00000000000000971
0.00000006305285711
0.00000012507205128
0.00000012405520545
0.00000006152736540
0.00000012207030261
0.00000000000000993
0.00000012014793542
0.00000005960465477
0.00000000000000947
0.00000000000000896
0.00000011647929736
0.00000011559689480
0.00000011472772983
0.00000000000000700
0.00000011302806060
0.00000000000000606
0.00000000000000560
0.00000011057094038
0.00000010977545618
0.00000010899134618
0.00000010821835832
0.00000000000000340
0.00000010670481564
0.00000010596381037
0.00000000000000216
0.00000000000000175
0.00000020760257093
0.00000010309992706
0.00000020481596114
0.00000000000000019
0.00000020210316658
0.00000000000000056
0.00000009973064654
0.00000000000000129
0.00000009844379875
0.00000000000000200
0.00000000000000235
0.00000009657461702
0.00000000000000304
0.00000009536742827
0.00000009477509105
0.00000018838011592
0.00000000000000436
0.00000009304140140
0.00000009247750447
0.00000000000000531
0.00000000000000562
0.00000009082613129
0.00000009028869890
0.00000000000000652
0.00000008923267776
0.00000000000000711
0.00000008820110024
0.00000008769419769
0.00000000000000796
0.00000000000000824
0.00000008620783930
0.00000000000000878
0.00000000000000905
0.00000000000000932
0.00000008430269242
0.00000008383949051
0.00000008338137109
0.00000008292821178
0.00000000000001060
0.00000008203651119
0.00000000000001110
0.00000008116376027
0.00000008073434524
0.00000000000001182
0.00000000000001205
0.00000000000001229
0.00000000000001252
0.00000007865356461
0.00000000000001297
0.00000007785095141
0.00000015491157750
0.00000015412919609
0.00000007667734583
