-nan
0.00000000000000000
0.00000000000000011
0.00000007947285955
0.00000000000000022
0.00000009536743129
0.00000000000000044
0.00000006811959454
0.00000011920928999
0.00000000000000000
0.00000000000000036
0.00000008669766577
0.00000007947285881
0.00000000000000109
0.00000006811959276
0.00000006357828918
0.00000000000000155
0.00000000000000167
0.00000010596381116
0.00000010038676828
0.00000009536743359
0.00000018165224871
0.00000000000000210
0.00000000000000216
0.00000015894571718
0.00000000000000227
0.00000014671912792
0.00000000000000237
0.00000006811959162
0.00000000000000245
0.00000006357829025
0.00000012305474798
0.00000011920929210
0.00000011559688899
0.00000000000000167
0.00000010899134923
0.00000010596381214
0.00000010309992571
0.00000000000000000
0.00000000000000036
0.00000009536743093
0.00000009304139568
0.00000009082612673
0.00000000000000165
0.00000008669766707
0.00000000000000221
0.00000000000000247
0.00000000000000272
0.00000007947285674
0.00000015570193240
0.00000000000000341
0.00000007479798198
0.00000000000000383
0.00000000000000402
0.00000021192762166
0.00000006935813649
0.00000000000000457
0.00000000000000474
0.00000000000000490
0.00000012931176666
0.00000000000000521
0.00000006253602611
0.00000006152738075
0.00000000000000564
0.00000011920928378
0.00000011737529458
0.00000000000000603
0.00000000000000615
0.00000011219697213
0.00000011057094162
0.00000000000000650
0.00000000000000661
0.00000010596380622
0.00000000000000681
0.00000000000000691
0.00000000000000701
0.00000020077354740
0.00000009908303866
0.00000009781274311
0.00000000000000738
0.00000009536743910
0.00000009419004840
0.00000009304138910
0.00000018384082437
0.00000000000000778
0.00000000000000786
0.00000008871388197
0.00000008769419802
0.00000008669765705
0.00000008572354220
0.00000008477105856
0.00000000000000828
0.00000000000000834
0.00000016407299227
0.00000008116376314
0.00000008030942464
0.00000000000000859
0.00000007865356051
0.00000015570192051
0.00000007706459998
0.00000000000000881
0.00000007553856858
0.00000014959596228
0.00000029628715729
0.00000007335955378
0.00000007266089123
0.00000014395084933
0.00000007130276179
0.00000007064253275
0.00000006999445450
0.00000006935814140
0.00000006873327472
0.00000027247836673
0.00000006751675633
0.00000013384901739
0.00000000000000952
0.00000000000000956
0.00000000000000960
0.00000012931176208
0.00000012822512785
0.00000000000000971
0.00000000000000975
0.00000012507203171
0.00000012405520545
0.00000018458211590
0.00000006103514636
0.00000006055076017
0.00000006007396273
0.00000000000000999
0.00000000000000947
0.00000011737529152
0.00000011647929736
0.00000011559689480
0.00000000000000748
0.00000011387155317
0.00000011302807366
0.00000000000000606
0.00000000000000560
0.00000000000000515
0.00000010977546558
0.00000000000000426
0.00000010821835832
0.00000010745625760
0.00000000000000298
0.00000000000000257
0.00000000000000216
0.00000010451225560
0.00000010380128479
0.00000010309992514
0.00000010240798086
0.00000010172526023
0.00000010105158338
0.00000000000000056
0.00000019946129401
0.00000009908304457
0.00000009844380205
0.00000000000000200
0.00000000000000235
0.00000009657461702
0.00000009596722985
0.00000000000000338
0.00000009477508364
0.00000018838011592
0.00000009361220720
0.00000000000000468
0.00000027743253340
0.00000000000000531
0.00000000000000562
0.00000009082611945
0.00000009028869890
0.00000000000000652
0.00000000000000681
0.00000017742777269
0.00000000000000739
0.00000008769419769
0.00000008719308832
0.00000008669765689
0.00000017241570413
0.00000017144705934
0.00000000000000905
0.00000000000000932
0.00000008430269242
0.00000000000000984
0.00000000000001010
0.00000008292819108
0.00000000000001060
0.00000008203648949
0.00000008159781357
0.00000000000001134
0.00000000000001158
0.00000000000001182
0.00000000000001205
0.00000007947287199
0.00000007906107071
0.00000007865353912
0.00000000000001297
0.00000007785097780
0.00000015491157750
0.00000007706460486
0.00000007667731812
