-nan
0.00000000000000000
0.00000000000000011
0.00000007947285985
0.00000000000000022
0.00000000000000036
0.00000000000000044
0.00000006811959352
0.00000000000000044
0.00000010596381293
0.00000009536743129
0.00000008669766577
0.00000015894572029
0.00000000000000109
0.00000006811959530
0.00000012715657694
0.00000011920929111
0.00000011219698007
0.00000010596381471
0.00000000000000187
0.00000000000000195
0.00000000000000203
0.00000008669766723
0.00000000000000216
0.00000000000000222
0.00000000000000227
0.00000007335956512
0.00000014128508628
0.00000006811959162
0.00000006577064006
0.00000000000000249
0.00000000000000252
0.00000011920929210
0.00000011559688899
0.00000000000000167
0.00000000000000122
0.00000000000000079
0.00000000000000038
0.00000010038677015
0.00000000000000036
0.00000000000000071
0.00000000000000104
0.00000000000000135
0.00000000000000165
0.00000000000000194
0.00000000000000221
0.00000000000000247
0.00000000000000272
0.00000007947285674
0.00000000000000319
0.00000000000000341
0.00000007479798198
0.00000014671912943
0.00000007197541608
0.00000007064253775
0.00000006935812771
0.00000000000000457
0.00000006692450870
0.00000006577064741
0.00000006465588080
0.00000006357828255
0.00000000000000536
0.00000006152736975
0.00000006055074461
0.00000023841857333
0.00000000000000590
0.00000011559688081
0.00000011387156632
0.00000000000000627
0.00000011057094162
0.00000021798269440
0.00000010745626761
0.00000010596380622
0.00000010451224704
0.00000010309991918
0.00000010172526743
0.00000010038676304
0.00000009908303866
0.00000000000000729
0.00000009657460694
0.00000000000000746
0.00000000000000754
0.00000009304140435
0.00000000000000770
0.00000000000000778
0.00000000000000786
0.00000008871389783
0.00000017538838803
0.00000008669765705
0.00000025717059403
0.00000008477104214
0.00000000000000828
0.00000000000000834
0.00000000000000840
0.00000000000000847
0.00000008030940759
0.00000000000000859
0.00000000000000864
0.00000000000000870
0.00000007706458247
0.00000007629395412
0.00000007553856858
0.00000007479797668
0.00000000000000897
0.00000036679782302
0.00000000000000907
0.00000007197541099
0.00000000000000916
0.00000014128509312
0.00000013998889974
0.00000013871627351
0.00000020619984285
0.00000006811958464
0.00000013503354096
0.00000006692450396
0.00000000000000952
0.00000000000000956
0.00000013041701013
0.00000006465587622
0.00000006411254941
0.00000000000000971
0.00000000000000975
0.00000006253603053
0.00000000000000982
0.00000000000000986
0.00000000000000989
0.00000006055074032
0.00000006007396273
0.00000005960465477
0.00000000000000947
0.00000000000000896
0.00000023295860318
0.00000023119376571
0.00000011472772983
0.00000000000000700
0.00000000000000653
0.00000011219698446
0.00000000000000560
0.00000000000000515
0.00000010977546558
0.00000000000000426
0.00000010821836598
0.00000000000000340
0.00000010670482160
0.00000010596381550
0.00000010523302586
0.00000010451225210
0.00000010380128479
0.00000000000000096
0.00000020481596000
0.00000000000000019
0.00000000000000019
0.00000000000000056
0.00000000000000093
0.00000009908304457
0.00000000000000165
0.00000019562550281
0.00000000000000235
0.00000000000000270
0.00000019193445058
0.00000009536742827
0.00000018955017840
0.00000018838011592
0.00000018722441003
0.00000009304140140
0.00000009247750447
0.00000027576125343
0.00000009136998877
0.00000009082613129
0.00000009028869890
0.00000000000000652
0.00000008923269139
0.00000000000000711
0.00000000000000739
0.00000000000000768
0.00000008719307240
0.00000000000000824
0.00000017241570413
0.00000000000000878
0.00000000000000905
0.00000008477104103
0.00000000000000958
0.00000000000000984
0.00000000000001010
0.00000008292821178
0.00000008247995148
0.00000000000001085
0.00000008159781357
0.00000000000001134
0.00000008073434524
0.00000008030942794
0.00000015977788389
0.00000007947284741
0.00000007906107071
0.00000007865353912
0.00000007825018735
0.00000000000001320
0.00000007745579546
0.00000000000001364
0.00000000000001385
