-nan
0.00000000000000000
0.00000000000000011
0.00000000000000015
0.00000011920928933
0.00000000000000036
0.00000007947285926
0.00000006811959454
0.00000011920928911
0.00000010596381293
0.00000009536743200
0.00000000000000065
0.00000015894572029
0.00000007335956389
0.00000000000000127
0.00000006357828918
0.00000000000000155
0.00000011219697673
0.00000000000000178
0.00000010038676828
0.00000000000000195
0.00000009082612334
0.00000008669766723
0.00000008292820359
0.00000007947286192
0.00000007629394759
0.00000014671912792
0.00000000000000237
0.00000000000000241
0.00000000000000245
0.00000006357829025
0.00000006152737777
0.00000000000000255
0.00000000000000215
0.00000011219698007
0.00000010899135166
0.00000010596381214
0.00000010309992648
0.00000010038677015
0.00000009781275077
0.00000009536743093
0.00000009304139776
0.00000009082612402
0.00000017742777814
0.00000008669766707
0.00000000000000221
0.00000008292819896
0.00000008116376889
0.00000000000000296
0.00000000000000319
0.00000000000000341
0.00000000000000362
0.00000007335955897
0.00000000000000402
0.00000007064254617
0.00000013871626860
0.00000006811958946
0.00000006692451817
0.00000006577063761
0.00000006465588080
0.00000006357829297
0.00000006253601539
0.00000006152738075
0.00000006055074461
0.00000011920928378
0.00000000000000590
0.00000000000000603
0.00000000000000615
0.00000011219698467
0.00000011057092885
0.00000010899134395
0.00000000000000661
0.00000000000000671
0.00000010451226067
0.00000000000000691
0.00000010172526743
0.00000010038676304
0.00000000000000720
0.00000009781274311
0.00000009657460694
0.00000000000000746
0.00000009419004840
0.00000009304140435
0.00000018384082437
0.00000000000000778
0.00000008975759058
0.00000000000000793
0.00000008769418201
0.00000000000000807
0.00000008572352592
0.00000008477104214
0.00000008383949207
0.00000016585639451
0.00000008203650874
0.00000000000000847
0.00000008030942464
0.00000007947285111
0.00000007865354322
0.00000000000000870
0.00000007706459998
0.00000007629393650
0.00000000000000886
0.00000000000000892
0.00000000000000897
0.00000007335955378
0.00000014532180966
0.00000000000000912
0.00000000000000916
0.00000007064253275
0.00000006999443598
0.00000006935812280
0.00000000000000935
0.00000006811958464
0.00000000000000943
0.00000006692450396
0.00000006634255163
0.00000026308256049
0.00000006520850986
0.00000025862353380
0.00000000000000967
0.00000012715658523
0.00000000000000975
0.00000012507203171
0.00000006202758799
0.00000006152736540
0.00000000000000989
0.00000000000000993
0.00000006007396273
0.00000005960465477
0.00000011828517706
0.00000011737529152
0.00000011647929736
0.00000011559689480
0.00000011472774479
0.00000011387156717
0.00000011302806060
0.00000011219697234
0.00000000000000560
0.00000000000000515
0.00000000000000470
0.00000010899134618
0.00000000000000383
0.00000021491251860
0.00000000000000298
0.00000010596381037
0.00000000000000216
0.00000000000000175
0.00000010380128479
0.00000000000000096
0.00000010240798086
0.00000010172526023
0.00000000000000019
0.00000000000000056
0.00000000000000093
0.00000000000000129
0.00000000000000165
0.00000009781275240
0.00000009718973690
0.00000009657461702
0.00000009596722985
0.00000028610229830
0.00000000000000371
0.00000009419005998
0.00000000000000436
0.00000009304139204
0.00000000000000500
0.00000009192042135
0.00000009137000000
0.00000009082613129
0.00000009028869890
0.00000008975757620
0.00000000000000681
0.00000000000000711
0.00000017640217830
0.00000000000000768
0.00000008719308832
0.00000008669767336
0.00000008620785632
0.00000000000000878
0.00000008524464068
0.00000008477105966
0.00000008430269242
0.00000000000000984
0.00000008338137109
0.00000016585641320
0.00000024743983324
0.00000016407301152
0.00000008159781357
0.00000000000001134
0.00000008073434524
0.00000008030940430
0.00000000000001205
0.00000000000001229
0.00000007906109574
0.00000007865353912
0.00000015650038767
0.00000007785097780
0.00000000000001342
0.00000023119376004
0.00000015335467780
