0.00000000000000000
0.50000000000000000
1.00000000000000000
1.49999988079071045
1.99999988079071045
2.50000023841857910
2.99999976158142090
3.50000023841857910
4.00000095367431641
4.49999952316284180
5.00000095367431641
5.49999952316284180
6.00000000000000000
6.50000000000000000
7.00000000000000000
7.50000095367431641
8.00000000000000000
8.50000000000000000
9.00000095367431641
9.50000000000000000
10.00000095367431641
10.50000000000000000
11.00000095367431641
11.49999904632568359
12.00000000000000000
12.50000095367431641
13.00000000000000000
13.50000286102294922
14.00000000000000000
14.50000000000000000
15.00000000000000000
15.50000095367431641
16.00000000000000000
16.50000000000000000
17.00000190734863281
17.50000000000000000
17.99999809265136719
18.50000000000000000
19.00000190734863281
19.49999809265136719
20.00000190734863281
20.49999809265136719
20.99999809265136719
21.50000190734863281
22.00000190734863281
22.49999809265136719
23.00000190734863281
23.50000381469726562
24.00000000000000000
24.50000000000000000
25.00000000000000000
25.50000572204589844
26.00000381469726562
26.50000190734863281
27.00000190734863281
27.49999809265136719
28.00000381469726562
28.49999618530273438
28.99999809265136719
29.50000381469726562
29.99999046325683594
30.50000381469726562
31.00000190734863281
31.50000190734863281
32.00000381469726562
32.50000000000000000
33.00000000000000000
33.50000000000000000
34.00000000000000000
34.50000381469726562
35.00000000000000000
35.49999618530273438
36.00000000000000000
36.50000000000000000
36.99999237060546875
37.50000000000000000
38.00000000000000000
38.50000000000000000
39.00000000000000000
39.50000381469726562
40.00000381469726562
40.50000381469726562
41.00000381469726562
41.50000000000000000
42.00000000000000000
42.49999618530273438
42.99999237060546875
43.50000000000000000
44.00000381469726562
44.49999618530273438
45.00000381469726562
45.50000381469726562
46.00000381469726562
46.49999618530273438
46.99999618530273438
47.50000000000000000
48.00000381469726562
48.50000000000000000
49.00000000000000000
49.49998855590820312
50.00000762939453125
50.50000000000000000
50.99999618530273438
51.50000381469726562
52.00000000000000000
52.50000381469726562
52.99999618530273438
53.50000381469726562
54.00000000000000000
54.50000000000000000
55.00000381469726562
55.50000000000000000
55.99998855590820312
56.50000762939453125
56.99998855590820312
57.49999237060546875
58.00000000000000000
58.50000381469726562
58.99999618530273438
59.50000381469726562
60.00000381469726562
60.49999237060546875
61.00000381469726562
61.50000381469726562
62.00000000000000000
62.50000381469726562
62.99999618530273438
63.49999618530273438
63.99999237060546875
64.50000762939453125
65.00000000000000000
65.50000762939453125
65.99999237060546875
66.50000762939453125
67.00000762939453125
67.50000762939453125
68.00001525878906250
68.50000000000000000
68.99999237060546875
69.49999237060546875
70.00000762939453125
70.50000000000000000
71.00001525878906250
71.50000000000000000
72.00000762939453125
72.49999237060546875
73.00000000000000000
73.50000000000000000
74.00000000000000000
74.50000000000000000
74.99999237060546875
75.50000762939453125
75.99999237060546875
76.49999237060546875
77.00000000000000000
77.49999237060546875
78.00001525878906250
78.50000000000000000
79.00000762939453125
79.50000762939453125
79.99999237060546875
80.50000000000000000
80.99999237060546875
81.49998474121093750
82.00000000000000000
82.50000000000000000
83.00000000000000000
83.49999237060546875
84.00000000000000000
84.49998474121093750
84.99999237060546875
85.49999237060546875
86.00000762939453125
86.50000762939453125
86.99999237060546875
87.50000000000000000
87.99998474121093750
88.50000000000000000
89.00000000000000000
89.49998474121093750
89.99999237060546875
90.50000000000000000
91.00000000000000000
91.50000000000000000
92.00000762939453125
92.49999237060546875
93.00000000000000000
93.50000000000000000
94.00001525878906250
94.50001525878906250
95.00000762939453125
95.50000762939453125
96.00000000000000000
96.50000762939453125
97.00000762939453125
97.50000762939453125
97.99997711181640625
98.49999237060546875
99.00001525878906250
99.49999237060546875
