0.00000000000000000
0.50000005960464478
1.00000011920928955
1.49999988079071045
2.00000000000000000
2.50000000000000000
3.00000023841857910
3.50000000000000000
3.99999976158142090
4.50000000000000000
5.00000047683715820
5.50000000000000000
6.00000095367431641
6.50000000000000000
6.99999952316284180
7.50000143051147461
8.00000000000000000
8.50000000000000000
9.00000000000000000
9.50000000000000000
10.00000095367431641
10.50000000000000000
11.00000095367431641
11.50000000000000000
12.00000000000000000
12.49999809265136719
12.99999904632568359
13.49999809265136719
14.00000190734863281
14.50000095367431641
14.99999904632568359
15.50000000000000000
16.00000000000000000
16.50000000000000000
17.00000190734863281
17.50000000000000000
18.00000190734863281
18.50000190734863281
19.00000000000000000
19.50000000000000000
20.00000190734863281
20.49999809265136719
20.99999809265136719
21.50000381469726562
21.99999618530273438
22.50000190734863281
22.99999809265136719
23.49999809265136719
23.99999809265136719
24.50000000000000000
24.99999809265136719
25.50000000000000000
26.00000000000000000
26.50000190734863281
27.00000000000000000
27.50000000000000000
28.00000572204589844
28.50000190734863281
29.00000381469726562
29.50000000000000000
30.00000000000000000
30.50000000000000000
31.00000000000000000
31.49999618530273438
32.00000000000000000
32.50000762939453125
33.00000000000000000
33.50000381469726562
34.00000000000000000
34.50000000000000000
35.00000000000000000
35.50000381469726562
35.99999618530273438
36.50000000000000000
37.00000000000000000
37.49999618530273438
37.99999618530273438
38.50000000000000000
38.99999618530273438
39.50000000000000000
40.00000381469726562
40.49999618530273438
40.99999618530273438
41.49999618530273438
42.00000000000000000
42.50000000000000000
42.99999237060546875
43.50000000000000000
44.00000381469726562
44.50000000000000000
44.99999618530273438
45.50000000000000000
46.00000000000000000
46.50000762939453125
47.00000000000000000
47.49999237060546875
48.00000000000000000
48.50000381469726562
49.00000000000000000
49.49999618530273438
50.00000381469726562
50.50000381469726562
51.00000000000000000
51.50000381469726562
52.00000381469726562
52.50000000000000000
53.00000762939453125
53.49998855590820312
54.00000381469726562
54.50000000000000000
55.00000381469726562
55.50000000000000000
56.00000000000000000
56.50000762939453125
57.00000381469726562
57.50000381469726562
57.99999618530273438
58.50000381469726562
59.00000000000000000
59.49999618530273438
60.00000381469726562
60.50000000000000000
61.00000000000000000
61.49999618530273438
62.00000762939453125
62.50000762939453125
63.00000762939453125
63.50000381469726562
64.00000000000000000
64.50000000000000000
65.00000000000000000
65.49999237060546875
66.00000000000000000
66.50000000000000000
67.00000762939453125
67.50000000000000000
67.99999237060546875
68.50000000000000000
69.00000000000000000
69.49999237060546875
70.00000000000000000
70.50000000000000000
71.00000000000000000
71.50000762939453125
71.99999237060546875
72.49999237060546875
73.00000000000000000
73.50000762939453125
73.99998474121093750
74.50000000000000000
75.00000762939453125
75.50000000000000000
76.00000000000000000
76.50000762939453125
77.00000762939453125
77.50000000000000000
78.00000000000000000
78.50000000000000000
79.00000762939453125
79.50000000000000000
80.00001525878906250
80.49999237060546875
81.00000762939453125
81.50000000000000000
82.00000000000000000
82.50000000000000000
83.00000000000000000
83.49999237060546875
84.00000000000000000
84.50000762939453125
85.00000000000000000
85.50000762939453125
86.00001525878906250
86.50000000000000000
87.00001525878906250
87.49998474121093750
88.00000000000000000
88.50000000000000000
89.00000000000000000
89.50000000000000000
90.00000762939453125
90.50000000000000000
91.00000762939453125
91.50000000000000000
92.00001525878906250
92.49999237060546875
92.99999237060546875
93.50001525878906250
94.00000000000000000
94.50000762939453125
94.99998474121093750
95.50000000000000000
96.00000000000000000
96.49999237060546875
97.00000000000000000
97.50001525878906250
98.00000000000000000
98.49999237060546875
99.00002288818359375
99.50001525878906250
