0.00000000000000000
0.50000000000000000
1.00000000000000000
1.50000011920928955
1.99999988079071045
2.50000000000000000
3.00000000000000000
3.50000000000000000
4.00000047683715820
4.50000047683715820
5.00000047683715820
5.50000000000000000
6.00000143051147461
6.50000000000000000
7.00000000000000000
7.49999952316284180
8.00000095367431641
8.50000000000000000
9.00000000000000000
9.49999904632568359
9.99999904632568359
10.50000000000000000
11.00000000000000000
11.49999904632568359
11.99999904632568359
12.50000000000000000
13.00000286102294922
13.50000000000000000
13.99999904632568359
14.50000095367431641
15.00000190734863281
15.49999904632568359
16.00000190734863281
16.50000000000000000
17.00000000000000000
17.49999809265136719
17.99999809265136719
18.50000190734863281
18.99999809265136719
19.50000190734863281
20.00000000000000000
20.50000000000000000
21.00000381469726562
21.49999809265136719
22.00000000000000000
22.50000190734863281
22.99999809265136719
23.50000190734863281
24.00000190734863281
24.49999618530273438
25.00000190734863281
25.50000381469726562
26.00000000000000000
26.50000000000000000
27.00000000000000000
27.50000190734863281
28.00000190734863281
28.49999618530273438
29.00000000000000000
29.49999809265136719
29.99999618530273438
30.50000381469726562
31.00000190734863281
31.50000000000000000
32.00000381469726562
32.50000000000000000
33.00000000000000000
33.50000381469726562
34.00000000000000000
34.49999618530273438
34.99999237060546875
35.50000381469726562
35.99999618530273438
36.50000000000000000
36.99999618530273438
37.50000000000000000
37.99999618530273438
38.50000000000000000
38.99999618530273438
39.50000000000000000
40.00000000000000000
40.50000000000000000
40.99999618530273438
41.50000381469726562
42.00000000000000000
42.50000381469726562
43.00000000000000000
43.49998474121093750
44.00000000000000000
44.50000762939453125
45.00000000000000000
45.50000000000000000
46.00000000000000000
46.50000381469726562
47.00000000000000000
47.50000381469726562
48.00000762939453125
48.49999618530273438
49.00000381469726562
49.50000381469726562
49.99999618530273438
50.49999618530273438
51.00000381469726562
51.49999618530273438
52.00000381469726562
52.50000381469726562
52.99999618530273438
53.50001144409179688
53.99999618530273438
54.50000000000000000
55.00000000000000000
55.49999237060546875
55.99999618530273438
56.49999618530273438
57.00000381469726562
57.50000762939453125
57.99999618530273438
58.50000762939453125
59.00000000000000000
59.50000762939453125
60.00000381469726562
60.50000381469726562
61.00000762939453125
61.50000000000000000
62.00000000000000000
62.50000000000000000
63.00000762939453125
63.50000000000000000
64.00000762939453125
64.50000762939453125
65.00000000000000000
65.49999237060546875
66.00000762939453125
66.50000000000000000
67.00000000000000000
67.50000762939453125
67.99999237060546875
68.50000762939453125
68.99999237060546875
69.50000762939453125
70.00000762939453125
70.50000000000000000
71.00000000000000000
71.49998474121093750
71.99999237060546875
72.50000000000000000
72.99999237060546875
73.50000762939453125
74.00000762939453125
74.49999237060546875
75.00000000000000000
75.49999237060546875
75.99999237060546875
76.50000000000000000
77.00000762939453125
77.49999237060546875
77.99999237060546875
78.50001525878906250
78.99999237060546875
79.50001525878906250
80.00000000000000000
80.50000762939453125
81.00000000000000000
81.49998474121093750
82.00000000000000000
82.50000762939453125
83.00001525878906250
83.50000000000000000
84.00001525878906250
84.50000000000000000
85.00000000000000000
85.50000000000000000
86.00000000000000000
86.50000000000000000
87.00000762939453125
87.50000000000000000
88.00000000000000000
88.50001525878906250
89.00000762939453125
89.50000762939453125
90.00000762939453125
90.50000762939453125
91.00000000000000000
91.50000000000000000
92.00000000000000000
92.50000000000000000
93.00000762939453125
93.50001525878906250
94.00001525878906250
94.50000000000000000
95.00000762939453125
95.50000000000000000
95.99998474121093750
96.50000762939453125
96.99999237060546875
97.50000000000000000
98.00000000000000000
98.50000000000000000
98.99999237060546875
99.50000000000000000
