0.00000000000000000
0.50000005960464478
1.00000000000000000
1.50000000000000000
2.00000000000000000
2.50000000000000000
2.99999976158142090
3.49999976158142090
4.00000000000000000
4.50000000000000000
5.00000047683715820
5.50000000000000000
6.00000047683715820
6.50000095367431641
7.00000047683715820
7.50000000000000000
7.99999904632568359
8.49999904632568359
9.00000000000000000
9.50000000000000000
9.99999904632568359
10.50000000000000000
11.00000095367431641
11.50000000000000000
12.00000095367431641
12.50000000000000000
13.00000000000000000
13.50000000000000000
14.00000000000000000
14.50000095367431641
15.00000095367431641
15.50000381469726562
16.00000190734863281
16.50000190734863281
17.00000000000000000
17.49999809265136719
18.00000000000000000
18.49999809265136719
19.00000000000000000
19.49999809265136719
19.99999809265136719
20.50000000000000000
21.00000000000000000
21.49999618530273438
22.00000190734863281
22.50000000000000000
22.99999809265136719
23.50000000000000000
24.00000000000000000
24.50000381469726562
25.00000190734863281
25.50000190734863281
26.00000000000000000
26.50000190734863281
27.00000381469726562
27.49999618530273438
28.00000000000000000
28.50000190734863281
29.00000381469726562
29.50000572204589844
30.00000000000000000
30.50000190734863281
30.99999809265136719
31.49999427795410156
31.99999809265136719
32.50000000000000000
33.00000000000000000
33.50000000000000000
34.00000381469726562
34.50000000000000000
35.00000381469726562
35.50000000000000000
35.99999618530273438
36.50000000000000000
37.00000000000000000
37.49999618530273438
38.00000381469726562
38.50000381469726562
38.99999618530273438
39.50000381469726562
39.99999618530273438
40.50000762939453125
41.00000000000000000
41.49999618530273438
42.00000000000000000
42.50000762939453125
43.00000381469726562
43.50000000000000000
44.00000381469726562
44.49999618530273438
44.99999618530273438
45.50000000000000000
45.99999237060546875
46.50000000000000000
47.00000381469726562
47.49999618530273438
48.00000381469726562
48.50000381469726562
49.00000381469726562
49.49999618530273438
50.00000000000000000
50.50000381469726562
51.00000381469726562
51.50000762939453125
51.99999618530273438
52.50000000000000000
52.99999618530273438
53.49999237060546875
54.00000381469726562
54.49999237060546875
55.00000762939453125
55.50000000000000000
56.00000762939453125
56.50000762939453125
57.00000762939453125
57.49999618530273438
58.00001525878906250
58.49999237060546875
59.00000762939453125
59.50000000000000000
59.99998474121093750
60.49999618530273438
61.00000000000000000
61.49999618530273438
62.00000000000000000
62.50000000000000000
63.00000000000000000
63.50000762939453125
64.00000000000000000
64.50000762939453125
65.00000000000000000
65.50000000000000000
66.00000000000000000
66.50000762939453125
67.00000000000000000
67.50000000000000000
68.00000000000000000
68.50000000000000000
69.00000762939453125
69.49999237060546875
70.00000762939453125
70.49999237060546875
71.00000762939453125
71.49999237060546875
72.00000762939453125
72.50000762939453125
73.00000000000000000
73.49999237060546875
74.00000762939453125
74.49999237060546875
75.00000000000000000
75.50000762939453125
75.99998474121093750
76.50000000000000000
77.00000000000000000
77.50000000000000000
77.99999237060546875
78.50000000000000000
79.00000000000000000
79.50000762939453125
80.00000762939453125
80.50000000000000000
81.00000762939453125
81.50000762939453125
82.00000000000000000
82.50000000000000000
83.00000000000000000
83.50000762939453125
84.00000000000000000
84.50000762939453125
85.00000762939453125
85.50000000000000000
86.00000762939453125
86.49998474121093750
87.00001525878906250
87.50000000000000000
88.00000000000000000
88.49998474121093750
89.00000762939453125
89.49999237060546875
90.00000762939453125
90.50000762939453125
90.99997711181640625
91.50000762939453125
91.99999237060546875
92.50000000000000000
92.99999237060546875
93.50000000000000000
94.00000762939453125
94.50000000000000000
95.00000762939453125
95.49998474121093750
96.00000762939453125
96.50000762939453125
97.00000762939453125
97.49998474121093750
98.00000000000000000
98.50000000000000000
98.99998474121093750
99.49998474121093750
