0.00000000000000000
0.50000000000000000
1.00000011920928955
1.50000000000000000
1.99999988079071045
2.50000023841857910
2.99999976158142090
3.50000023841857910
3.99999976158142090
4.49999952316284180
5.00000047683715820
5.50000095367431641
5.99999904632568359
6.50000000000000000
7.00000000000000000
7.50000047683715820
8.00000095367431641
8.49999904632568359
8.99999904632568359
9.50000000000000000
10.00000000000000000
10.49999904632568359
11.00000000000000000
11.50000190734863281
12.00000095367431641
12.50000000000000000
12.99999904632568359
13.49999904632568359
14.00000190734863281
14.50000190734863281
14.99999713897705078
15.50000000000000000
15.99999904632568359
16.50000000000000000
17.00000000000000000
17.50000000000000000
17.99999809265136719
18.50000000000000000
19.00000381469726562
19.50000000000000000
19.99999809265136719
20.50000000000000000
21.00000190734863281
21.50000190734863281
21.99999618530273438
22.50000572204589844
23.00000000000000000
23.49999809265136719
24.00000000000000000
24.50000190734863281
24.99999809265136719
25.50000381469726562
26.00000000000000000
26.50000190734863281
26.99999809265136719
27.50000190734863281
28.00000000000000000
28.49999809265136719
29.00000000000000000
29.50000000000000000
29.99999809265136719
30.49999809265136719
31.00000572204589844
31.49999809265136719
32.00000381469726562
32.50000000000000000
32.99999618530273438
33.50000000000000000
33.99999618530273438
34.50000381469726562
35.00000762939453125
35.50000381469726562
36.00000381469726562
36.50000000000000000
36.99999618530273438
37.49999618530273438
38.00000000000000000
38.50000000000000000
39.00000000000000000
39.50000000000000000
39.99999237060546875
40.50000381469726562
41.00000000000000000
41.50000000000000000
41.99999618530273438
42.49999618530273438
43.00000000000000000
43.50000762939453125
44.00000381469726562
44.50000381469726562
45.00000381469726562
45.50000000000000000
46.00000381469726562
46.50000762939453125
46.99999237060546875
47.50000381469726562
48.00000381469726562
48.49999618530273438
48.99999237060546875
49.50000000000000000
50.00000381469726562
50.49999618530273438
50.99999237060546875
51.50000000000000000
52.00000000000000000
52.50000000000000000
53.00000762939453125
53.49999618530273438
54.00000762939453125
54.50000381469726562
55.00000000000000000
55.50000000000000000
55.99999618530273438
56.50000381469726562
57.00000762939453125
57.50000762939453125
58.00000000000000000
58.50000381469726562
59.00000381469726562
59.50000381469726562
60.00000381469726562
60.50000000000000000
60.99999618530273438
61.50001144409179688
61.99999618530273438
62.50001144409179688
63.00000000000000000
63.49999618530273438
63.99999618530273438
64.50000000000000000
65.00000000000000000
65.50000762939453125
66.00000762939453125
66.50000762939453125
67.00000000000000000
67.49999237060546875
68.00000762939453125
68.50000762939453125
69.00000000000000000
69.50000000000000000
70.00000000000000000
70.50000762939453125
71.00000000000000000
71.49998474121093750
72.00000000000000000
72.50000000000000000
72.99999237060546875
73.49999237060546875
74.00000762939453125
74.50000000000000000
74.99999237060546875
75.49999237060546875
76.00000000000000000
76.50000762939453125
77.00000000000000000
77.50000762939453125
78.00000000000000000
78.50000000000000000
79.00000000000000000
79.50000762939453125
80.00000000000000000
80.50000762939453125
81.00000000000000000
81.49999237060546875
82.00000000000000000
82.50000762939453125
83.00000000000000000
83.49999237060546875
84.00000762939453125
84.49998474121093750
85.00000762939453125
85.50000000000000000
86.00000000000000000
86.50000762939453125
87.00000000000000000
87.50000000000000000
88.00000762939453125
88.50000762939453125
89.00000762939453125
89.50000000000000000
89.99999237060546875
90.50000000000000000
91.00000000000000000
91.49999237060546875
92.00000762939453125
92.50000762939453125
93.00000000000000000
93.50000762939453125
93.99999237060546875
94.50000762939453125
95.00000000000000000
95.49998474121093750
96.00000000000000000
96.49998474121093750
97.00000000000000000
97.50000000000000000
97.99997711181640625
98.50000000000000000
99.00000000000000000
99.50001525878906250
