0.00000000000000000
0.50000000000000000
0.99999988079071045
1.50000011920928955
2.00000023841857910
2.49999976158142090
3.00000000000000000
3.49999976158142090
3.99999976158142090
4.50000047683715820
4.99999952316284180
5.50000047683715820
6.00000000000000000
6.49999952316284180
7.00000047683715820
7.50000095367431641
7.99999952316284180
8.50000000000000000
9.00000190734863281
9.49999904632568359
10.00000000000000000
10.49999904632568359
11.00000000000000000
11.50000000000000000
12.00000000000000000
12.49999904632568359
13.00000000000000000
13.50000190734863281
14.00000000000000000
14.50000000000000000
14.99999904632568359
15.50000000000000000
16.00000190734863281
16.49999809265136719
17.00000000000000000
17.50000000000000000
18.00000000000000000
18.50000000000000000
19.00000000000000000
19.50000190734863281
20.00000381469726562
20.50000190734863281
21.00000000000000000
21.50000190734863281
22.00000190734863281
22.50000190734863281
23.00000381469726562
23.49999618530273438
24.00000190734863281
24.50000190734863281
25.00000000000000000
25.49999809265136719
26.00000000000000000
26.50000190734863281
27.00000190734863281
27.49999809265136719
27.99999618530273438
28.50000190734863281
29.00000190734863281
29.50000000000000000
29.99999809265136719
30.49999809265136719
31.00000190734863281
31.50000190734863281
32.00000381469726562
32.49999618530273438
33.00000000000000000
33.49999618530273438
34.00000000000000000
34.50000381469726562
35.00000000000000000
35.50000000000000000
36.00000000000000000
36.50000000000000000
37.00000000000000000
37.50000381469726562
38.00000000000000000
38.50000000000000000
39.00000000000000000
39.50000381469726562
40.00000000000000000
40.49999618530273438
41.00000000000000000
41.50000000000000000
42.00000000000000000
42.49999618530273438
42.99999618530273438
43.50000381469726562
44.00000381469726562
44.49999618530273438
44.99999618530273438
45.50000762939453125
45.99999618530273438
46.50000000000000000
47.00000381469726562
47.50000381469726562
47.99999618530273438
48.50000381469726562
49.00000000000000000
49.50000381469726562
50.00000000000000000
50.50000000000000000
51.00000381469726562
51.50000000000000000
51.99999237060546875
52.50000762939453125
53.00000000000000000
53.50000381469726562
53.99999618530273438
54.49999237060546875
55.00000762939453125
55.50000381469726562
56.00000381469726562
56.50000000000000000
56.99999618530273438
57.50000000000000000
57.99999618530273438
58.50001144409179688
59.00000000000000000
59.50000000000000000
59.99998092651367188
60.49999618530273438
61.00000000000000000
61.50000381469726562
61.99999618530273438
62.50000381469726562
63.00000762939453125
63.49999618530273438
64.00000000000000000
64.50001525878906250
65.00000762939453125
65.50000762939453125
65.99999237060546875
66.50000000000000000
67.00000762939453125
67.49998474121093750
68.00001525878906250
68.50000000000000000
69.00000000000000000
69.50000000000000000
70.00000000000000000
70.50000000000000000
71.00000762939453125
71.50000762939453125
72.00000762939453125
72.50000000000000000
72.99999237060546875
73.49999237060546875
73.99999237060546875
74.50000000000000000
75.00000000000000000
75.50000000000000000
76.00000762939453125
76.50000000000000000
76.99999237060546875
77.50000762939453125
78.00000000000000000
78.50001525878906250
79.00001525878906250
79.50001525878906250
80.00000762939453125
80.50000762939453125
81.00000000000000000
81.49999237060546875
82.00000000000000000
82.50002288818359375
83.00001525878906250
83.49998474121093750
84.00000000000000000
84.50000762939453125
84.99998474121093750
85.50000762939453125
86.00000000000000000
86.50000762939453125
86.99998474121093750
87.50000000000000000
87.99999237060546875
88.49999237060546875
89.00000000000000000
89.50000000000000000
89.99999237060546875
90.50000762939453125
91.00000000000000000
91.50000000000000000
91.99999237060546875
92.50000762939453125
92.99998474121093750
93.49999237060546875
94.00001525878906250
94.50000762939453125
94.99999237060546875
95.49999237060546875
96.00000762939453125
96.49999237060546875
96.99999237060546875
97.50000000000000000
97.99998474121093750
98.50000000000000000
98.99997711181640625
99.49998474121093750
