0.00000000000000000
0.50000000000000000
1.00000000000000000
1.50000000000000000
2.00000023841857910
2.50000000000000000
3.00000023841857910
3.49999976158142090
4.00000047683715820
4.49999952316284180
5.00000047683715820
5.50000000000000000
6.00000095367431641
6.50000047683715820
7.00000000000000000
7.50000047683715820
8.00000000000000000
8.49999904632568359
9.00000000000000000
9.49999904632568359
10.00000000000000000
10.49999904632568359
11.00000095367431641
11.50000095367431641
12.00000095367431641
12.50000095367431641
13.00000190734863281
13.50000000000000000
14.00000000000000000
14.50000000000000000
15.00000095367431641
15.50000095367431641
16.00000000000000000
16.50000000000000000
17.00000190734863281
17.50000190734863281
17.99999809265136719
18.50000190734863281
19.00000190734863281
19.49999809265136719
20.00000190734863281
20.49999809265136719
21.00000190734863281
21.50000381469726562
21.99999809265136719
22.50000000000000000
23.00000190734863281
23.50000190734863281
24.00000000000000000
24.50000000000000000
25.00000000000000000
25.50000000000000000
26.00000190734863281
26.50000000000000000
26.99999809265136719
27.49999618530273438
28.00000190734863281
28.49999809265136719
29.00000190734863281
29.50000190734863281
29.99999809265136719
30.50000190734863281
30.99999809265136719
31.50000190734863281
32.00000381469726562
32.50000000000000000
33.00000000000000000
33.50000000000000000
33.99999618530273438
34.50000381469726562
35.00000381469726562
35.50000000000000000
36.00000000000000000
36.49999618530273438
37.00000000000000000
37.49999618530273438
38.00000381469726562
38.50000000000000000
39.00000381469726562
39.50000381469726562
40.00000000000000000
40.50000381469726562
40.99999618530273438
41.50000762939453125
42.00000000000000000
42.49999618530273438
43.00000000000000000
43.50000381469726562
44.00000000000000000
44.50000381469726562
45.00000381469726562
45.50000381469726562
46.00000762939453125
46.49999618530273438
47.00000000000000000
47.49999618530273438
48.00000381469726562
48.50000381469726562
49.00000000000000000
49.49999618530273438
50.00000381469726562
50.50000000000000000
51.00000000000000000
51.50000000000000000
52.00000381469726562
52.49999237060546875
53.00000000000000000
53.50000000000000000
54.00000381469726562
54.50000381469726562
55.00000381469726562
55.50000000000000000
56.00000381469726562
56.50000000000000000
57.00000381469726562
57.50000381469726562
58.00001525878906250
58.49999618530273438
59.00001525878906250
59.50000000000000000
59.99999237060546875
60.50000000000000000
61.00000762939453125
61.50000381469726562
62.00000381469726562
62.50000000000000000
63.00000000000000000
63.50000381469726562
63.99999618530273438
64.50000762939453125
65.00000762939453125
65.50000762939453125
65.99999237060546875
66.49999237060546875
66.99999237060546875
67.50000762939453125
68.00000762939453125
68.50000000000000000
69.00000000000000000
69.50000000000000000
70.00000762939453125
70.50000000000000000
71.00001525878906250
71.50000000000000000
72.00000762939453125
72.50000000000000000
73.00000000000000000
73.50000762939453125
74.00000000000000000
74.49999237060546875
75.00000762939453125
75.50000000000000000
76.00000000000000000
76.50000000000000000
77.00000000000000000
77.50000000000000000
78.00000762939453125
78.49999237060546875
79.00000762939453125
79.50000762939453125
80.00002288818359375
80.50000000000000000
81.00000762939453125
81.50000000000000000
81.99999237060546875
82.50000000000000000
83.00000762939453125
83.50000762939453125
84.00000762939453125
84.50000762939453125
84.99999237060546875
85.50000000000000000
86.00000000000000000
86.49998474121093750
87.00000000000000000
87.50000762939453125
88.00000762939453125
88.50000762939453125
89.00000000000000000
89.50000762939453125
90.00000762939453125
90.49999237060546875
91.00000000000000000
91.50000762939453125
92.00001525878906250
92.50002288818359375
93.00001525878906250
93.50000762939453125
94.00000000000000000
94.50000762939453125
94.99999237060546875
95.50000000000000000
96.00000000000000000
96.50000762939453125
96.99999237060546875
97.49998474121093750
98.00000762939453125
98.50000000000000000
98.99997711181640625
99.50001525878906250
