0.00000000000000000
0.49999997019767761
0.99999994039535522
1.50000000000000000
1.99999988079071045
2.49999976158142090
3.00000000000000000
3.49999976158142090
4.00000000000000000
4.49999952316284180
5.00000000000000000
5.50000000000000000
6.00000000000000000
6.50000047683715820
7.00000000000000000
7.50000000000000000
8.00000000000000000
8.50000000000000000
9.00000095367431641
9.50000000000000000
10.00000000000000000
10.50000190734863281
11.00000095367431641
11.50000000000000000
12.00000095367431641
12.50000000000000000
13.00000190734863281
13.49999904632568359
13.99999904632568359
14.50000000000000000
14.99999904632568359
15.50000095367431641
16.00000000000000000
16.50000000000000000
17.00000190734863281
17.50000000000000000
18.00000381469726562
18.50000000000000000
18.99999809265136719
19.49999809265136719
20.00000000000000000
20.50000000000000000
20.99999809265136719
21.49999809265136719
21.99999809265136719
22.50000190734863281
23.00000190734863281
23.50000000000000000
24.00000000000000000
24.50000000000000000
24.99999618530273438
25.50000000000000000
25.99999809265136719
26.50000000000000000
26.99999809265136719
27.50000000000000000
28.00000000000000000
28.50000000000000000
29.00000000000000000
29.50000000000000000
29.99999809265136719
30.49999809265136719
31.00000000000000000
31.49999618530273438
32.00000000000000000
32.50000381469726562
33.00000381469726562
33.49999618530273438
34.00000000000000000
34.50000381469726562
35.00000381469726562
35.50000381469726562
36.00000000000000000
36.50000381469726562
37.00000381469726562
37.50000000000000000
38.00000381469726562
38.50000762939453125
39.00000381469726562
39.49999618530273438
40.00000000000000000
40.49999618530273438
40.99999618530273438
41.49999237060546875
41.99999618530273438
42.50000000000000000
42.99999618530273438
43.50000381469726562
44.00000000000000000
44.50000381469726562
44.99999237060546875
45.50000381469726562
45.99999618530273438
46.50000000000000000
47.00000381469726562
47.50000000000000000
47.99999618530273438
48.50000000000000000
49.00000000000000000
49.50000762939453125
50.00000000000000000
50.50000000000000000
51.00000000000000000
51.49999237060546875
52.00000000000000000
52.50000381469726562
53.00000000000000000
53.50000762939453125
54.00000762939453125
54.50000762939453125
55.00000381469726562
55.50000000000000000
56.00000762939453125
56.50000000000000000
56.99999618530273438
57.50000000000000000
58.00000762939453125
58.50001144409179688
59.00000381469726562
59.49999237060546875
60.00000000000000000
60.49999618530273438
60.99999237060546875
61.49999237060546875
62.00000381469726562
62.50000762939453125
63.00000000000000000
63.50000762939453125
63.99999618530273438
64.50000000000000000
65.00000000000000000
65.50000762939453125
65.99999237060546875
66.50000762939453125
67.00000000000000000
67.50000762939453125
68.00000000000000000
68.50000000000000000
68.99999237060546875
69.50000762939453125
70.00000762939453125
70.50000762939453125
71.00000000000000000
71.50000762939453125
72.00000762939453125
72.50000000000000000
73.00000000000000000
73.50001525878906250
73.99999237060546875
74.49998474121093750
75.00000000000000000
75.50001525878906250
76.00000000000000000
76.49999237060546875
77.00000000000000000
77.49999237060546875
78.00000000000000000
78.50000000000000000
79.00000762939453125
79.50000000000000000
79.99999237060546875
80.50000762939453125
81.00001525878906250
81.50000000000000000
82.00000762939453125
82.49999237060546875
83.00000000000000000
83.50000000000000000
84.00000762939453125
84.50000762939453125
85.00000000000000000
85.49999237060546875
86.00000000000000000
86.50000762939453125
87.00000762939453125
87.50000000000000000
88.00000000000000000
88.49999237060546875
89.00000000000000000
89.50000000000000000
90.00000000000000000
90.49999237060546875
90.99999237060546875
91.50000762939453125
92.00000762939453125
92.50000000000000000
93.00000762939453125
93.50000000000000000
93.99999237060546875
94.50000762939453125
95.00000000000000000
95.50000000000000000
96.00000000000000000
96.50000000000000000
97.00000762939453125
97.50000000000000000
97.99999237060546875
98.50001525878906250
99.00001525878906250
99.50000762939453125
