0.00000000000000000
0.50000005960464478
1.00000000000000000
1.50000000000000000
2.00000023841857910
2.50000000000000000
3.00000000000000000
3.50000000000000000
4.00000000000000000
4.50000047683715820
5.00000000000000000
5.50000000000000000
5.99999952316284180
6.50000047683715820
7.00000000000000000
7.49999904632568359
7.99999904632568359
8.50000000000000000
9.00000095367431641
9.50000095367431641
10.00000095367431641
10.50000000000000000
11.00000095367431641
11.50000000000000000
12.00000095367431641
12.50000095367431641
13.00000000000000000
13.50000000000000000
14.00000000000000000
14.50000190734863281
15.00000095367431641
15.49999904632568359
16.00000000000000000
16.50000190734863281
16.99999809265136719
17.50000190734863281
17.99999809265136719
18.50000000000000000
19.00000190734863281
19.50000190734863281
20.00000381469726562
20.50000190734863281
21.00000000000000000
21.50000000000000000
22.00000190734863281
22.50000000000000000
22.99999618530273438
23.50000190734863281
24.00000000000000000
24.50000000000000000
25.00000190734863281
25.50000190734863281
25.99999809265136719
26.49999809265136719
26.99999809265136719
27.50000000000000000
28.00000381469726562
28.50000190734863281
29.00000572204589844
29.49999618530273438
30.00000190734863281
30.50000190734863281
30.99999618530273438
31.50000190734863281
32.00000381469726562
32.49999237060546875
32.99999618530273438
33.50000000000000000
33.99999618530273438
34.50000000000000000
35.00000381469726562
35.50000762939453125
36.00000381469726562
36.50000000000000000
37.00000381469726562
37.49999618530273438
38.00000000000000000
38.50000381469726562
39.00000000000000000
39.50000381469726562
40.00000381469726562
40.49999618530273438
41.00000000000000000
41.50000381469726562
42.00000381469726562
42.50000000000000000
43.00000381469726562
43.50000381469726562
43.99999618530273438
44.50000381469726562
45.00000381469726562
45.49999618530273438
46.00000000000000000
46.50000381469726562
47.00000381469726562
47.50000000000000000
48.00000000000000000
48.50000381469726562
48.99999618530273438
49.50000000000000000
50.00000000000000000
50.49999618530273438
51.00000381469726562
51.49999618530273438
52.00000000000000000
52.50000000000000000
53.00001144409179688
53.49999618530273438
54.00000000000000000
54.50000762939453125
55.00000762939453125
55.50000000000000000
56.00000381469726562
56.50000000000000000
56.99999237060546875
57.50000381469726562
58.00000381469726562
58.50000000000000000
59.00000762939453125
59.50000000000000000
60.00000000000000000
60.50000000000000000
61.00001525878906250
61.50000381469726562
62.00000381469726562
62.50000000000000000
63.00000381469726562
63.50000000000000000
63.99999618530273438
64.49999237060546875
64.99999237060546875
65.49999237060546875
66.00000000000000000
66.50000000000000000
66.99998474121093750
67.50000000000000000
68.00000762939453125
68.49999237060546875
69.00000000000000000
69.50000000000000000
69.99999237060546875
70.50001525878906250
71.00000762939453125
71.50000000000000000
72.00000762939453125
72.50001525878906250
73.00001525878906250
73.50000762939453125
74.00000000000000000
74.50000762939453125
75.00000000000000000
75.50000762939453125
76.00000000000000000
76.50000000000000000
77.00000762939453125
77.50000000000000000
78.00000762939453125
78.49999237060546875
79.00000000000000000
79.50001525878906250
79.99999237060546875
80.50000762939453125
81.00000000000000000
81.49999237060546875
82.00000000000000000
82.50000000000000000
83.00000762939453125
83.50000000000000000
84.00001525878906250
84.50000762939453125
85.00002288818359375
85.50000762939453125
86.00000000000000000
86.50000000000000000
87.00000762939453125
87.50000000000000000
88.00000762939453125
88.49999237060546875
88.99999237060546875
89.50000000000000000
90.00000000000000000
90.50000762939453125
91.00000762939453125
91.50000000000000000
92.00000000000000000
92.50001525878906250
93.00001525878906250
93.50000762939453125
94.00000762939453125
94.49999237060546875
95.00000000000000000
95.50000762939453125
96.00000762939453125
96.50000762939453125
97.00000000000000000
97.50000762939453125
98.00000762939453125
98.50001525878906250
98.99997711181640625
99.49999237060546875
