0.00000000000000000
0.50000000000000000
1.00000011920928955
1.50000000000000000
2.00000023841857910
2.50000000000000000
2.99999976158142090
3.50000023841857910
4.00000000000000000
4.50000000000000000
5.00000000000000000
5.49999952316284180
6.00000047683715820
6.50000047683715820
7.00000000000000000
7.50000095367431641
7.99999952316284180
8.50000000000000000
9.00000000000000000
9.50000095367431641
10.00000000000000000
10.50000000000000000
11.00000095367431641
11.50000095367431641
11.99999904632568359
12.50000095367431641
13.00000000000000000
13.50000095367431641
14.00000190734863281
14.50000000000000000
15.00000095367431641
15.50000095367431641
15.99999904632568359
16.50000000000000000
17.00000190734863281
17.50000000000000000
18.00000190734863281
18.50000190734863281
18.99999809265136719
19.50000190734863281
20.00000190734863281
20.49999618530273438
20.99999809265136719
21.50000000000000000
22.00000000000000000
22.50000381469726562
23.00000190734863281
23.50000000000000000
24.00000000000000000
24.50000000000000000
24.99999809265136719
25.50000000000000000
25.99999618530273438
26.49999809265136719
27.00000190734863281
27.50000000000000000
28.00000000000000000
28.49999809265136719
29.00000000000000000
29.50000000000000000
30.00000381469726562
30.50000190734863281
30.99999809265136719
31.50000000000000000
31.99999809265136719
32.49999618530273438
33.00000000000000000
33.49999618530273438
34.00000000000000000
34.49999618530273438
35.00000000000000000
35.50000000000000000
36.00000000000000000
36.50000000000000000
37.00000381469726562
37.50000381469726562
38.00000000000000000
38.49999618530273438
39.00000381469726562
39.50000381469726562
40.00000000000000000
40.50000381469726562
41.00000000000000000
41.49999618530273438
42.00000381469726562
42.50000000000000000
43.00000381469726562
43.50000381469726562
43.99999237060546875
44.50000000000000000
45.00000381469726562
45.49999618530273438
46.00000000000000000
46.50000000000000000
47.00000000000000000
47.50000000000000000
48.00000000000000000
48.50000381469726562
49.00000762939453125
49.50000381469726562
50.00000000000000000
50.50000381469726562
50.99999618530273438
51.50000762939453125
51.99998855590820312
52.50001144409179688
53.00000000000000000
53.49999618530273438
53.99999618530273438
54.50000381469726562
55.00000000000000000
55.50001144409179688
55.99999618530273438
56.50000000000000000
57.00000762939453125
57.49999237060546875
58.00000762939453125
58.49999237060546875
58.99999618530273438
59.50000381469726562
59.99999618530273438
60.50000381469726562
61.00000000000000000
61.50000762939453125
62.00000381469726562
62.50000000000000000
63.00000381469726562
63.50000000000000000
63.99999237060546875
64.49999237060546875
65.00000000000000000
65.50000000000000000
66.00000000000000000
66.49999237060546875
66.99999237060546875
67.50000000000000000
68.00000762939453125
68.50000000000000000
68.99999237060546875
69.50000762939453125
69.99999237060546875
70.49999237060546875
71.00001525878906250
71.50000000000000000
72.00000000000000000
72.50001525878906250
73.00000000000000000
73.50000000000000000
73.99999237060546875
74.50000000000000000
74.99999237060546875
75.50000000000000000
76.00000762939453125
76.50000000000000000
76.99999237060546875
77.50000000000000000
78.00000000000000000
78.50000762939453125
79.00000762939453125
79.49999237060546875
80.00000000000000000
80.50001525878906250
81.00002288818359375
81.50000762939453125
82.00001525878906250
82.50000000000000000
83.00000000000000000
83.50000000000000000
84.00002288818359375
84.50000000000000000
85.00000000000000000
85.50000000000000000
86.00000762939453125
86.50000000000000000
86.99999237060546875
87.50000762939453125
88.00000762939453125
88.50000762939453125
89.00000000000000000
89.50001525878906250
90.00000000000000000
90.50000762939453125
91.00000000000000000
91.49999237060546875
92.00000000000000000
92.49999237060546875
93.00000000000000000
93.49999237060546875
94.00000000000000000
94.50001525878906250
94.99999237060546875
95.49999237060546875
96.00000000000000000
96.49999237060546875
97.00000000000000000
97.49998474121093750
98.00000000000000000
98.50000762939453125
98.99999237060546875
99.50000762939453125
