0.00000000000000000
0.50000005960464478
1.00000000000000000
1.50000000000000000
1.99999988079071045
2.49999976158142090
3.00000000000000000
3.50000023841857910
4.00000047683715820
4.50000000000000000
5.00000047683715820
5.50000000000000000
6.00000000000000000
6.50000000000000000
7.00000000000000000
7.49999952316284180
8.00000095367431641
8.49999904632568359
9.00000000000000000
9.49999904632568359
10.00000000000000000
10.50000000000000000
10.99999904632568359
11.50000000000000000
12.00000000000000000
12.50000000000000000
13.00000095367431641
13.50000000000000000
14.00000000000000000
14.50000095367431641
15.00000000000000000
15.49999809265136719
16.00000381469726562
16.50000000000000000
17.00000190734863281
17.50000000000000000
18.00000190734863281
18.49999809265136719
19.00000190734863281
19.50000000000000000
20.00000190734863281
20.50000000000000000
21.00000000000000000
21.50000000000000000
22.00000190734863281
22.50000000000000000
23.00000000000000000
23.50000000000000000
24.00000190734863281
24.50000190734863281
25.00000000000000000
25.50000000000000000
25.99999809265136719
26.50000381469726562
27.00000190734863281
27.50000190734863281
28.00000381469726562
28.50000000000000000
29.00000190734863281
29.50000190734863281
30.00000381469726562
30.49999809265136719
31.00000381469726562
31.49999809265136719
32.00000381469726562
32.49999618530273438
33.00000762939453125
33.50000762939453125
34.00000000000000000
34.50000000000000000
34.99999618530273438
35.50000381469726562
35.99999618530273438
36.49999618530273438
37.00000381469726562
37.50000381469726562
37.99999618530273438
38.50000000000000000
39.00000381469726562
39.50000381469726562
40.00000000000000000
40.49999618530273438
41.00000000000000000
41.50000381469726562
42.00000000000000000
42.49999618530273438
42.99999618530273438
43.50000000000000000
44.00000381469726562
44.49999237060546875
45.00000000000000000
45.50000762939453125
45.99999618530273438
46.50000762939453125
47.00000381469726562
47.50000000000000000
48.00000000000000000
48.50000381469726562
49.00000000000000000
49.50000381469726562
49.99999618530273438
50.50000000000000000
51.00000381469726562
51.50000381469726562
52.00000381469726562
52.50000381469726562
53.00000381469726562
53.49999237060546875
53.99999237060546875
54.49999237060546875
55.00000000000000000
55.49999618530273438
56.00000762939453125
56.50000000000000000
57.00000762939453125
57.49999618530273438
57.99999237060546875
58.50000381469726562
59.00000000000000000
59.50000762939453125
59.99999618530273438
60.50000381469726562
60.99999618530273438
61.50000000000000000
62.00000000000000000
62.50000000000000000
62.99999618530273438
63.49998855590820312
64.00000762939453125
64.50000762939453125
65.00000762939453125
65.50000762939453125
66.00000762939453125
66.50000000000000000
67.00000762939453125
67.50000762939453125
68.00000000000000000
68.49998474121093750
68.99999237060546875
69.50000000000000000
70.00000762939453125
70.49999237060546875
71.00000000000000000
71.50000762939453125
72.00000000000000000
72.49999237060546875
72.99999237060546875
73.49999237060546875
74.00000762939453125
74.50000762939453125
75.00000762939453125
75.50000762939453125
76.00000000000000000
76.49999237060546875
77.00000000000000000
77.50001525878906250
78.00000000000000000
78.49998474121093750
79.00000762939453125
79.50000762939453125
79.99999237060546875
80.50000000000000000
81.00000000000000000
81.50000000000000000
82.00000000000000000
82.50000000000000000
83.00000762939453125
83.50000000000000000
84.00000000000000000
84.50000000000000000
85.00000762939453125
85.50000762939453125
86.00000000000000000
86.50000762939453125
87.00000000000000000
87.50000000000000000
88.00000000000000000
88.50000000000000000
89.00000000000000000
89.50000000000000000
90.00000000000000000
90.50000762939453125
91.00000000000000000
91.50001525878906250
92.00001525878906250
92.50000000000000000
93.00000000000000000
93.50000762939453125
94.00000000000000000
94.50000000000000000
95.00000762939453125
95.49999237060546875
96.00000000000000000
96.50002288818359375
97.00001525878906250
97.50000000000000000
98.00001525878906250
98.49999237060546875
99.00000762939453125
99.50001525878906250
