0.00000000000000000
0.50000000000000000
1.00000000000000000
1.49999988079071045
2.00000000000000000
2.50000023841857910
2.99999976158142090
3.49999976158142090
4.00000047683715820
4.50000000000000000
4.99999904632568359
5.50000000000000000
6.00000000000000000
6.50000047683715820
7.00000000000000000
7.49999904632568359
8.00000095367431641
8.50000095367431641
9.00000095367431641
9.50000000000000000
10.00000095367431641
10.50000000000000000
11.00000095367431641
11.50000190734863281
12.00000000000000000
12.49999809265136719
13.00000000000000000
13.50000095367431641
13.99999904632568359
14.50000000000000000
14.99999904632568359
15.50000095367431641
16.00000190734863281
16.50000190734863281
17.00000000000000000
17.50000000000000000
18.00000190734863281
18.50000000000000000
19.00000000000000000
19.49999809265136719
19.99999809265136719
20.50000000000000000
21.00000000000000000
21.50000190734863281
21.99999809265136719
22.50000190734863281
22.99999618530273438
23.50000000000000000
24.00000000000000000
24.49999809265136719
25.00000000000000000
25.50000190734863281
25.99999618530273438
26.50000381469726562
27.00000190734863281
27.49999809265136719
27.99999618530273438
28.49999809265136719
29.00000000000000000
29.50000381469726562
30.00000000000000000
30.49999618530273438
31.00000381469726562
31.49999809265136719
32.00000000000000000
32.50000000000000000
33.00000000000000000
33.50000000000000000
34.00000000000000000
34.50000000000000000
35.00000000000000000
35.50000000000000000
36.00000381469726562
36.50000000000000000
37.00000381469726562
37.50000000000000000
38.00000000000000000
38.50000000000000000
39.00000000000000000
39.50000381469726562
40.00000000000000000
40.49999618530273438
41.00000762939453125
41.50000000000000000
41.99999618530273438
42.49999618530273438
43.00000381469726562
43.50000381469726562
43.99999237060546875
44.50000000000000000
45.00000381469726562
45.50000000000000000
46.00000000000000000
46.50000000000000000
46.99999618530273438
47.50000000000000000
48.00000000000000000
48.50000381469726562
49.00000000000000000
49.50000381469726562
49.99999618530273438
50.49999618530273438
51.00000000000000000
51.50000000000000000
52.00000000000000000
52.50000000000000000
53.00000000000000000
53.50000381469726562
54.00000381469726562
54.50000762939453125
55.00000000000000000
55.50000381469726562
56.00000381469726562
56.50001144409179688
57.00000762939453125
57.50000381469726562
57.99999618530273438
58.50000381469726562
59.00000762939453125
59.49999618530273438
60.00000000000000000
60.50000000000000000
61.00000000000000000
61.50000000000000000
61.99999618530273438
62.49998855590820312
63.00001144409179688
63.50000381469726562
64.00000000000000000
64.49999237060546875
65.00000000000000000
65.50001525878906250
66.00000762939453125
66.50000000000000000
67.00000000000000000
67.50000000000000000
68.00000000000000000
68.50000000000000000
68.99999237060546875
69.50000000000000000
69.99999237060546875
70.50000000000000000
70.99999237060546875
71.50000762939453125
71.99999237060546875
72.49999237060546875
73.00000000000000000
73.50000000000000000
74.00000000000000000
74.50000762939453125
75.00000762939453125
75.50000000000000000
75.99999237060546875
76.50000762939453125
77.00001525878906250
77.50000762939453125
77.99999237060546875
78.50000762939453125
79.00000762939453125
79.49999237060546875
80.00000000000000000
80.50001525878906250
81.00000762939453125
81.49999237060546875
82.00000762939453125
82.50000762939453125
83.00002288818359375
83.50000762939453125
84.00000000000000000
84.49998474121093750
84.99999237060546875
85.49998474121093750
85.99999237060546875
86.49998474121093750
87.00000762939453125
87.49999237060546875
88.00000000000000000
88.49999237060546875
89.00000762939453125
89.50000762939453125
90.00000000000000000
90.50000000000000000
90.99999237060546875
91.50000000000000000
92.00000000000000000
92.50000762939453125
92.99999237060546875
93.50000000000000000
94.00000000000000000
94.50001525878906250
95.00000762939453125
95.50000000000000000
96.00000762939453125
96.49999237060546875
97.00001525878906250
97.50000762939453125
97.99999237060546875
98.50001525878906250
98.99999237060546875
99.50000000000000000
