0.00000000000000000
0.50000000000000000
1.00000000000000000
1.50000000000000000
2.00000023841857910
2.50000023841857910
3.00000023841857910
3.50000000000000000
4.00000000000000000
4.50000000000000000
4.99999952316284180
5.50000000000000000
6.00000047683715820
6.49999952316284180
7.00000000000000000
7.50000000000000000
8.00000000000000000
8.50000000000000000
9.00000095367431641
9.50000000000000000
10.00000095367431641
10.50000095367431641
11.00000095367431641
11.50000000000000000
11.99999904632568359
12.50000095367431641
12.99999904632568359
13.50000190734863281
14.00000000000000000
14.50000095367431641
14.99999809265136719
15.50000000000000000
16.00000190734863281
16.50000000000000000
17.00000190734863281
17.50000000000000000
18.00000000000000000
18.50000000000000000
19.00000000000000000
19.50000190734863281
20.00000190734863281
20.50000000000000000
20.99999809265136719
21.50000190734863281
22.00000000000000000
22.50000000000000000
23.00000190734863281
23.50000000000000000
24.00000190734863281
24.50000000000000000
25.00000000000000000
25.50000000000000000
26.00000190734863281
26.49999618530273438
27.00000000000000000
27.49999618530273438
27.99999809265136719
28.50000381469726562
29.00000000000000000
29.49999809265136719
29.99999809265136719
30.49999809265136719
30.99999809265136719
31.50000000000000000
32.00000000000000000
32.50000381469726562
33.00000381469726562
33.50000000000000000
34.00000381469726562
34.50000000000000000
35.00000000000000000
35.50000000000000000
35.99999618530273438
36.50000000000000000
37.00000381469726562
37.50000381469726562
38.00000381469726562
38.50000000000000000
39.00000000000000000
39.50000000000000000
40.00000000000000000
40.50000000000000000
41.00000000000000000
41.50000000000000000
42.00000381469726562
42.50000381469726562
43.00000000000000000
43.50000381469726562
44.00000000000000000
44.50000000000000000
45.00000000000000000
45.49999618530273438
46.00000000000000000
46.50000000000000000
46.99999618530273438
47.49999618530273438
48.00000762939453125
48.49999237060546875
49.00000000000000000
49.50000381469726562
49.99999618530273438
50.49999618530273438
51.00000000000000000
51.50000000000000000
51.99999618530273438
52.50000381469726562
53.00000381469726562
53.50000000000000000
53.99999618530273438
54.50000762939453125
55.00001144409179688
55.50000000000000000
56.00000381469726562
56.50001525878906250
57.00000381469726562
57.50000000000000000
58.00000381469726562
58.50000000000000000
59.00000762939453125
59.49999618530273438
60.00000381469726562
60.50000381469726562
61.00000000000000000
61.50000762939453125
62.00000000000000000
62.50000000000000000
63.00000762939453125
63.50000381469726562
63.99999618530273438
64.49999237060546875
64.99999237060546875
65.50000000000000000
66.00000000000000000
66.50000000000000000
66.99999237060546875
67.49998474121093750
68.00000762939453125
68.50000000000000000
69.00000000000000000
69.50000000000000000
70.00000762939453125
70.50000000000000000
71.00000000000000000
71.49999237060546875
72.00000762939453125
72.50000000000000000
72.99998474121093750
73.50000762939453125
73.99999237060546875
74.50000000000000000
75.00000762939453125
75.49999237060546875
76.00000000000000000
76.50000000000000000
76.99999237060546875
77.50000000000000000
78.00000762939453125
78.49999237060546875
79.00000762939453125
79.50000762939453125
80.00000762939453125
80.50000000000000000
80.99999237060546875
81.50000762939453125
82.00000000000000000
82.50000000000000000
83.00000762939453125
83.49999237060546875
84.00000000000000000
84.50000762939453125
85.00000000000000000
85.49999237060546875
85.99999237060546875
86.50000000000000000
86.99999237060546875
87.49998474121093750
87.99999237060546875
88.50000000000000000
89.00000000000000000
89.50000762939453125
90.00000762939453125
90.50000000000000000
91.00000000000000000
91.50000762939453125
91.99999237060546875
92.50000762939453125
92.99999237060546875
93.50002288818359375
94.00000762939453125
94.50001525878906250
95.00000762939453125
95.50000762939453125
96.00000762939453125
96.49999237060546875
97.00000762939453125
97.50000000000000000
97.99999237060546875
98.50000000000000000
98.99999237060546875
99.50000762939453125
