0.00000000000000000
0.50000000000000000
1.00000000000000000
1.50000000000000000
2.00000023841857910
2.50000000000000000
2.99999976158142090
3.50000000000000000
4.00000047683715820
4.50000000000000000
5.00000000000000000
5.50000095367431641
6.00000000000000000
6.50000000000000000
7.00000095367431641
7.49999952316284180
7.99999856948852539
8.50000095367431641
8.99999904632568359
9.50000095367431641
10.00000000000000000
10.50000000000000000
11.00000190734863281
11.49999904632568359
11.99999904632568359
12.50000095367431641
13.00000095367431641
13.50000000000000000
14.00000286102294922
14.50000286102294922
15.00000000000000000
15.50000000000000000
15.99999809265136719
16.50000190734863281
17.00000000000000000
17.50000000000000000
18.00000000000000000
18.50000000000000000
19.00000190734863281
19.50000190734863281
20.00000190734863281
20.49999809265136719
21.00000190734863281
21.50000000000000000
22.00000000000000000
22.50000190734863281
23.00000572204589844
23.50000000000000000
24.00000190734863281
24.50000000000000000
25.00000000000000000
25.50000190734863281
26.00000000000000000
26.50000190734863281
27.00000000000000000
27.49999809265136719
28.00000000000000000
28.49999809265136719
29.00000000000000000
29.50000190734863281
30.00000190734863281
30.50000381469726562
30.99999618530273438
31.49999809265136719
32.00000000000000000
32.50000381469726562
32.99999618530273438
33.50000762939453125
34.00000000000000000
34.50000000000000000
35.00000000000000000
35.50000000000000000
36.00000000000000000
36.50000000000000000
37.00000381469726562
37.50000381469726562
37.99999618530273438
38.50000381469726562
38.99999237060546875
39.50000000000000000
40.00000381469726562
40.49999618530273438
40.99999618530273438
41.50000000000000000
42.00000381469726562
42.50000381469726562
43.00000762939453125
43.50000381469726562
43.99999618530273438
44.50000000000000000
45.00000000000000000
45.50000381469726562
45.99999618530273438
46.50000381469726562
46.99999618530273438
47.50000381469726562
48.00000381469726562
48.50000000000000000
49.00000762939453125
49.50000000000000000
50.00000000000000000
50.50000000000000000
51.00000381469726562
51.50000381469726562
51.99999618530273438
52.50000000000000000
53.00001144409179688
53.49999618530273438
54.00000762939453125
54.50000000000000000
55.00000000000000000
55.49999618530273438
55.99999618530273438
56.49999618530273438
56.99999237060546875
57.49999618530273438
58.00000762939453125
58.50000381469726562
58.99999618530273438
59.50000000000000000
60.00000381469726562
60.50000000000000000
60.99999618530273438
61.49999618530273438
62.00000381469726562
62.50000000000000000
63.00000000000000000
63.49999618530273438
64.00000000000000000
64.50000762939453125
65.00000000000000000
65.50000000000000000
66.00000000000000000
66.49999237060546875
67.00000000000000000
67.50000762939453125
68.00000000000000000
68.50000000000000000
69.00000000000000000
69.50000000000000000
70.00000000000000000
70.50000000000000000
71.00000000000000000
71.50000000000000000
72.00001525878906250
72.50000000000000000
73.00000762939453125
73.50000762939453125
74.00000762939453125
74.50000762939453125
75.00000000000000000
75.50000762939453125
76.00000762939453125
76.50000762939453125
77.00000000000000000
77.49999237060546875
78.00000000000000000
78.49998474121093750
79.00000000000000000
79.50000000000000000
80.00001525878906250
80.49999237060546875
81.00000762939453125
81.50000000000000000
82.00000000000000000
82.49999237060546875
82.99999237060546875
83.50000000000000000
84.00000000000000000
84.50000000000000000
84.99999237060546875
85.50000000000000000
86.00000762939453125
86.50000000000000000
87.00000762939453125
87.49999237060546875
88.00000000000000000
88.49999237060546875
89.00000000000000000
89.50000762939453125
90.00000000000000000
90.50000000000000000
90.99999237060546875
91.50000762939453125
92.00000000000000000
92.49998474121093750
93.00001525878906250
93.50000762939453125
94.00001525878906250
94.50000762939453125
95.00000762939453125
95.50000762939453125
96.00000000000000000
96.50000762939453125
97.00000762939453125
97.50001525878906250
97.99999237060546875
98.50000762939453125
99.00000762939453125
99.50000000000000000
