0.00000000000000000
0.49999997019767761
0.99999994039535522
1.50000011920928955
2.00000023841857910
2.50000000000000000
3.00000023841857910
3.50000000000000000
4.00000047683715820
4.49999952316284180
5.00000047683715820
5.49999952316284180
6.00000047683715820
6.50000047683715820
7.00000000000000000
7.50000000000000000
8.00000000000000000
8.50000000000000000
8.99999904632568359
9.50000000000000000
10.00000000000000000
10.50000000000000000
11.00000095367431641
11.50000000000000000
12.00000190734863281
12.50000095367431641
13.00000000000000000
13.50000095367431641
14.00000190734863281
14.49999809265136719
15.00000000000000000
15.50000000000000000
15.99999904632568359
16.50000190734863281
17.00000190734863281
17.50000000000000000
18.00000000000000000
18.50000190734863281
19.00000000000000000
19.50000000000000000
20.00000190734863281
20.50000000000000000
21.00000190734863281
21.50000000000000000
22.00000190734863281
22.50000000000000000
23.00000190734863281
23.50000190734863281
24.00000000000000000
24.50000000000000000
25.00000000000000000
25.50000000000000000
26.00000190734863281
26.50000190734863281
26.99999809265136719
27.50000000000000000
28.00000000000000000
28.49999809265136719
29.00000190734863281
29.50000000000000000
30.00000381469726562
30.50000190734863281
31.00000572204589844
31.50000000000000000
31.99999809265136719
32.50000381469726562
33.00000000000000000
33.50000381469726562
34.00000000000000000
34.50000762939453125
35.00000381469726562
35.50000000000000000
36.00000381469726562
36.50000000000000000
36.99999618530273438
37.50000000000000000
38.00000000000000000
38.49999618530273438
38.99999237060546875
39.50000000000000000
40.00000381469726562
40.49999618530273438
41.00000381469726562
41.50000000000000000
42.00000000000000000
42.49999237060546875
43.00000381469726562
43.50000762939453125
44.00000000000000000
44.50000381469726562
45.00000381469726562
45.50000762939453125
45.99999618530273438
46.50001144409179688
47.00000381469726562
47.50000000000000000
48.00000762939453125
48.50000000000000000
48.99999618530273438
49.50000000000000000
50.00000381469726562
50.50000381469726562
51.00000762939453125
51.50000000000000000
52.00000000000000000
52.50001144409179688
52.99998855590820312
53.49999618530273438
53.99999237060546875
54.50000000000000000
55.00000381469726562
55.49999618530273438
56.00000000000000000
56.50000000000000000
57.00001144409179688
57.49999237060546875
58.00000000000000000
58.49999618530273438
59.00000381469726562
59.50000000000000000
60.00000381469726562
60.49999618530273438
61.00000381469726562
61.50000762939453125
62.00000762939453125
62.49999618530273438
63.00000000000000000
63.50000381469726562
64.00000000000000000
64.50000762939453125
65.00000762939453125
65.50001525878906250
65.99998474121093750
66.50000000000000000
67.00001525878906250
67.49999237060546875
68.00000762939453125
68.50000000000000000
69.00000762939453125
69.50001525878906250
70.00001525878906250
70.50000000000000000
71.00001525878906250
71.50000762939453125
72.00000762939453125
72.50000762939453125
73.00000000000000000
73.50000000000000000
74.00000000000000000
74.50000762939453125
75.00000000000000000
75.50000762939453125
75.99999237060546875
76.50000762939453125
77.00000762939453125
77.49999237060546875
78.00000000000000000
78.50000000000000000
79.00000000000000000
79.49999237060546875
80.00000762939453125
80.50000000000000000
81.00000000000000000
81.49999237060546875
82.00000000000000000
82.50000762939453125
83.00001525878906250
83.49998474121093750
84.00000762939453125
84.50000000000000000
85.00000762939453125
85.50000000000000000
85.99998474121093750
86.50000000000000000
87.00000762939453125
87.50001525878906250
88.00000000000000000
88.50000000000000000
88.99999237060546875
89.50000762939453125
90.00000000000000000
90.49998474121093750
91.00000762939453125
91.49998474121093750
92.00000000000000000
92.50000000000000000
93.00000000000000000
93.49999237060546875
94.00001525878906250
94.50000000000000000
94.99998474121093750
95.50000000000000000
96.00000000000000000
96.50000000000000000
97.00000762939453125
97.49999237060546875
98.00000000000000000
98.50001525878906250
99.00002288818359375
99.50000000000000000
