0.00000000000000000
0.50000005960464478
1.00000011920928955
1.49999988079071045
2.00000023841857910
2.50000000000000000
3.00000023841857910
3.50000000000000000
3.99999976158142090
4.49999952316284180
5.00000000000000000
5.50000047683715820
6.00000000000000000
6.50000047683715820
7.00000000000000000
7.50000047683715820
8.00000095367431641
8.50000000000000000
8.99999904632568359
9.50000000000000000
10.00000000000000000
10.50000000000000000
11.00000000000000000
11.50000000000000000
12.00000000000000000
12.50000000000000000
13.00000000000000000
13.50000095367431641
14.00000190734863281
14.50000000000000000
15.00000190734863281
15.50000095367431641
16.00000000000000000
16.50000000000000000
16.99999809265136719
17.50000000000000000
18.00000000000000000
18.49999809265136719
19.00000000000000000
19.50000381469726562
20.00000190734863281
20.49999809265136719
21.00000190734863281
21.50000381469726562
22.00000190734863281
22.50000000000000000
22.99999809265136719
23.50000190734863281
24.00000000000000000
24.49999809265136719
24.99999809265136719
25.50000000000000000
25.99999618530273438
26.50000000000000000
27.00000190734863281
27.50000381469726562
28.00000190734863281
28.50000000000000000
29.00000190734863281
29.49999809265136719
30.00000190734863281
30.49999618530273438
30.99999618530273438
31.50000000000000000
32.00000000000000000
32.49999618530273438
32.99999618530273438
33.50000000000000000
34.00000762939453125
34.50000000000000000
35.00000381469726562
35.50000381469726562
36.00000000000000000
36.49999618530273438
37.00000000000000000
37.50000381469726562
38.00000000000000000
38.49999618530273438
39.00000381469726562
39.49999237060546875
39.99999618530273438
40.49999618530273438
41.00000762939453125
41.50000381469726562
42.00000000000000000
42.50000000000000000
43.00000000000000000
43.50000000000000000
43.99999618530273438
44.50000000000000000
45.00000000000000000
45.50000000000000000
46.00000000000000000
46.50000000000000000
46.99999618530273438
47.50000000000000000
48.00000762939453125
48.50000000000000000
49.00000000000000000
49.50000000000000000
50.00000000000000000
50.49999618530273438
51.00000000000000000
51.50000762939453125
51.99999618530273438
52.50000381469726562
52.99999618530273438
53.50000381469726562
54.00000381469726562
54.50000762939453125
55.00000000000000000
55.50000000000000000
56.00000381469726562
56.50000381469726562
57.00000000000000000
57.50000000000000000
58.00000381469726562
58.50000381469726562
59.00000000000000000
59.49999618530273438
60.00000000000000000
60.50000762939453125
60.99998855590820312
61.50000381469726562
62.00001525878906250
62.50000762939453125
63.00000762939453125
63.49999237060546875
64.00000762939453125
64.50000762939453125
64.99999237060546875
65.49999237060546875
66.00000762939453125
66.50000000000000000
67.00000000000000000
67.50000000000000000
68.00000000000000000
68.50000000000000000
69.00000000000000000
69.50000000000000000
69.99998474121093750
70.49998474121093750
70.99998474121093750
71.50000000000000000
72.00000762939453125
72.50000000000000000
73.00000762939453125
73.50001525878906250
73.99999237060546875
74.50000762939453125
75.00000000000000000
75.50000000000000000
76.00000762939453125
76.50000000000000000
77.00000762939453125
77.50000762939453125
78.00000762939453125
78.50000000000000000
79.00000000000000000
79.50001525878906250
80.00000762939453125
80.50000762939453125
81.00000000000000000
81.50000762939453125
82.00000000000000000
82.49999237060546875
83.00000000000000000
83.50000000000000000
83.99999237060546875
84.50000000000000000
84.99999237060546875
85.50000000000000000
85.99999237060546875
86.50000000000000000
87.00000000000000000
87.50001525878906250
87.99996948242187500
88.50000762939453125
89.00000762939453125
89.50000000000000000
90.00000000000000000
90.50000762939453125
91.00000000000000000
91.49999237060546875
91.99999237060546875
92.50000000000000000
93.00000000000000000
93.49999237060546875
94.00000762939453125
94.50000000000000000
94.99999237060546875
95.49999237060546875
96.00002288818359375
96.50000762939453125
97.00001525878906250
97.50000762939453125
98.00000762939453125
98.50000000000000000
98.99999237060546875
99.49999237060546875
