0.00000000000000000
0.50000000000000000
1.00000000000000000
1.50000011920928955
1.99999988079071045
2.50000023841857910
3.00000000000000000
3.50000000000000000
3.99999976158142090
4.50000000000000000
5.00000000000000000
5.50000000000000000
6.00000047683715820
6.50000000000000000
7.00000047683715820
7.50000047683715820
8.00000000000000000
8.50000095367431641
9.00000000000000000
9.50000095367431641
10.00000095367431641
10.50000000000000000
10.99999904632568359
11.50000095367431641
12.00000286102294922
12.50000095367431641
13.00000000000000000
13.49999904632568359
14.00000190734863281
14.50000095367431641
15.00000286102294922
15.50000095367431641
15.99999904632568359
16.49999809265136719
16.99999618530273438
17.50000000000000000
18.00000000000000000
18.50000000000000000
19.00000000000000000
19.50000190734863281
20.00000000000000000
20.50000190734863281
21.00000190734863281
21.49999809265136719
22.00000000000000000
22.50000000000000000
23.00000000000000000
23.50000000000000000
24.00000000000000000
24.50000000000000000
25.00000000000000000
25.50000190734863281
26.00000000000000000
26.50000190734863281
27.00000572204589844
27.49999618530273438
28.00000190734863281
28.49999809265136719
29.00000000000000000
29.50000572204589844
30.00000190734863281
30.49999618530273438
31.00000000000000000
31.50000381469726562
32.00000381469726562
32.50000000000000000
32.99999618530273438
33.49999618530273438
34.00000000000000000
34.50000381469726562
35.00000000000000000
35.50000000000000000
36.00000381469726562
36.50000381469726562
37.00000000000000000
37.50000000000000000
38.00000381469726562
38.50000000000000000
38.99999618530273438
39.50000381469726562
40.00000381469726562
40.49999618530273438
41.00000000000000000
41.50000000000000000
41.99999618530273438
42.50000381469726562
43.00000000000000000
43.50000000000000000
44.00000000000000000
44.50000762939453125
44.99999237060546875
45.50000381469726562
46.00000000000000000
46.50000762939453125
47.00000000000000000
47.50000000000000000
48.00000000000000000
48.49999618530273438
49.00000000000000000
49.49999618530273438
50.00000381469726562
50.50000000000000000
51.00000381469726562
51.50000000000000000
52.00000000000000000
52.50001144409179688
53.00000381469726562
53.49999618530273438
54.00000000000000000
54.50000000000000000
55.00001144409179688
55.50001144409179688
55.99999618530273438
56.50000000000000000
57.00000000000000000
57.50000381469726562
57.99998855590820312
58.50000381469726562
59.00000000000000000
59.50000762939453125
60.00000762939453125
60.50000381469726562
61.00000381469726562
61.49999237060546875
62.00001525878906250
62.50000381469726562
62.99998855590820312
63.50000762939453125
64.00000000000000000
64.50000762939453125
65.00000000000000000
65.50000762939453125
66.00000000000000000
66.50000762939453125
67.00000762939453125
67.49999237060546875
67.99999237060546875
68.50000000000000000
69.00000000000000000
69.50000762939453125
70.00000000000000000
70.50001525878906250
70.99999237060546875
71.50000000000000000
72.00000000000000000
72.50000000000000000
73.00000762939453125
73.50001525878906250
74.00000762939453125
74.49999237060546875
75.00000000000000000
75.50000762939453125
75.99999237060546875
76.50000762939453125
77.00000762939453125
77.49999237060546875
78.00000762939453125
78.50001525878906250
79.00000000000000000
79.50000000000000000
80.00000762939453125
80.50000762939453125
81.00000000000000000
81.50000000000000000
82.00001525878906250
82.50001525878906250
83.00000000000000000
83.49998474121093750
84.00000762939453125
84.50000000000000000
85.00000000000000000
85.50000000000000000
85.99999237060546875
86.50000762939453125
86.99999237060546875
87.49999237060546875
88.00000762939453125
88.49999237060546875
89.00000762939453125
89.50000762939453125
89.99999237060546875
90.49999237060546875
91.00000000000000000
91.49999237060546875
91.99999237060546875
92.49999237060546875
93.00000000000000000
93.50000762939453125
94.00000762939453125
94.50000762939453125
95.00001525878906250
95.50000762939453125
96.00000000000000000
96.50000762939453125
96.99997711181640625
97.50000000000000000
98.00000762939453125
98.50000000000000000
99.00000000000000000
99.50002288818359375
