0.00000000000000000
0.50000000000000000
0.99999994039535522
1.50000000000000000
1.99999976158142090
2.50000000000000000
2.99999976158142090
3.49999976158142090
4.00000000000000000
4.50000000000000000
5.00000000000000000
5.50000000000000000
5.99999952316284180
6.50000000000000000
7.00000047683715820
7.50000000000000000
8.00000000000000000
8.50000190734863281
9.00000190734863281
9.49999904632568359
10.00000095367431641
10.50000000000000000
10.99999904632568359
11.50000000000000000
12.00000000000000000
12.50000000000000000
13.00000000000000000
13.50000000000000000
14.00000000000000000
14.49999904632568359
15.00000381469726562
15.49999904632568359
16.00000000000000000
16.50000190734863281
17.00000190734863281
17.49999809265136719
18.00000000000000000
18.50000000000000000
19.00000190734863281
19.49999809265136719
20.00000190734863281
20.50000000000000000
21.00000000000000000
21.50000000000000000
22.00000000000000000
22.49999618530273438
22.99999809265136719
23.50000000000000000
24.00000190734863281
24.50000000000000000
25.00000190734863281
25.50000000000000000
26.00000381469726562
26.50000381469726562
27.00000000000000000
27.49999618530273438
28.00000190734863281
28.50000190734863281
29.00000000000000000
29.50000190734863281
29.99999809265136719
30.49999809265136719
31.00000000000000000
31.50000190734863281
32.00000000000000000
32.50000381469726562
33.00000000000000000
33.50000381469726562
34.00000000000000000
34.50000381469726562
34.99999618530273438
35.50000381469726562
36.00000381469726562
36.49999618530273438
36.99999618530273438
37.50000381469726562
38.00000000000000000
38.50000000000000000
38.99999618530273438
39.50001144409179688
39.99999618530273438
40.50000000000000000
41.00000000000000000
41.50000381469726562
42.00000381469726562
42.50000000000000000
43.00000000000000000
43.50000000000000000
43.99998855590820312
44.50000381469726562
45.00000381469726562
45.50000381469726562
46.00000000000000000
46.49999618530273438
47.00000000000000000
47.50000000000000000
47.99999618530273438
48.50000381469726562
48.99999618530273438
49.50000000000000000
50.00000381469726562
50.50000381469726562
50.99999618530273438
51.49998855590820312
52.00000000000000000
52.49999618530273438
53.00000000000000000
53.49998855590820312
54.00000000000000000
54.50000381469726562
55.00000000000000000
55.50000000000000000
55.99999618530273438
56.50001144409179688
57.00000762939453125
57.49998855590820312
57.99999618530273438
58.50000381469726562
59.00000000000000000
59.50000381469726562
60.00000000000000000
60.49999618530273438
61.00000381469726562
61.50001144409179688
61.99998474121093750
62.49999237060546875
63.00000000000000000
63.50000381469726562
64.00000000000000000
64.50000762939453125
65.00000762939453125
65.50000000000000000
66.00000000000000000
66.50000762939453125
67.00000000000000000
67.50000762939453125
68.00000000000000000
68.49999237060546875
68.99999237060546875
69.50000762939453125
70.00000762939453125
70.50000000000000000
71.00000000000000000
71.50001525878906250
71.99999237060546875
72.50000000000000000
73.00000000000000000
73.50000000000000000
73.99997711181640625
74.50000762939453125
75.00000000000000000
75.50000762939453125
76.00000000000000000
76.50000000000000000
77.00000000000000000
77.50000000000000000
78.00000762939453125
78.50000000000000000
79.00000000000000000
79.50000762939453125
80.00000762939453125
80.50000762939453125
81.00000000000000000
81.50000762939453125
81.99999237060546875
82.49999237060546875
82.99998474121093750
83.50000762939453125
84.00000000000000000
84.49998474121093750
85.00000762939453125
85.50000000000000000
86.00000000000000000
86.49999237060546875
86.99999237060546875
87.50000762939453125
88.00000000000000000
88.50000762939453125
89.00001525878906250
89.49999237060546875
90.00000000000000000
90.50000000000000000
90.99999237060546875
91.50000762939453125
92.00001525878906250
92.50000000000000000
93.00000000000000000
93.50001525878906250
93.99999237060546875
94.49999237060546875
95.00000000000000000
95.49999237060546875
96.00000762939453125
96.50000762939453125
97.00000000000000000
97.50000762939453125
97.99999237060546875
98.50000762939453125
98.99999237060546875
99.50000000000000000
