0.00000000000000000
0.50000005960464478
1.00000011920928955
1.49999988079071045
2.00000023841857910
2.50000000000000000
3.00000000000000000
3.50000047683715820
3.99999976158142090
4.50000000000000000
5.00000047683715820
5.50000047683715820
6.00000095367431641
6.50000000000000000
7.00000047683715820
7.49999952316284180
8.00000000000000000
8.50000095367431641
9.00000095367431641
9.50000000000000000
10.00000095367431641
10.50000000000000000
10.99999904632568359
11.50000095367431641
12.00000000000000000
12.49999809265136719
13.00000000000000000
13.49999809265136719
13.99999713897705078
14.50000286102294922
15.00000095367431641
15.50000095367431641
16.00000000000000000
16.50000000000000000
16.99999618530273438
17.50000190734863281
17.99999809265136719
18.50000000000000000
19.00000000000000000
19.50000000000000000
20.00000190734863281
20.50000190734863281
21.00000000000000000
21.50000000000000000
21.99999809265136719
22.50000000000000000
23.00000000000000000
23.50000381469726562
24.00000000000000000
24.50000381469726562
24.99999809265136719
25.50000000000000000
26.00000190734863281
26.50000381469726562
27.00000000000000000
27.50000190734863281
28.00000572204589844
28.50000190734863281
29.00000000000000000
29.50000381469726562
30.00000190734863281
30.50000190734863281
31.00000190734863281
31.50000190734863281
32.00000000000000000
32.50000000000000000
33.00000000000000000
33.50000000000000000
34.00000000000000000
34.50000000000000000
35.00000000000000000
35.50000381469726562
36.00000000000000000
36.50000000000000000
37.00000000000000000
37.50000000000000000
38.00000381469726562
38.50000381469726562
39.00000381469726562
39.50000381469726562
40.00000381469726562
40.50000000000000000
41.00000381469726562
41.50000381469726562
42.00000762939453125
42.50000762939453125
42.99999618530273438
43.50000000000000000
43.99999618530273438
44.50000000000000000
44.99999237060546875
45.50000000000000000
45.99999618530273438
46.50001144409179688
46.99999618530273438
47.50000000000000000
47.99999618530273438
48.50001144409179688
49.00000381469726562
49.50000000000000000
49.99999618530273438
50.50000000000000000
51.00001144409179688
51.49999618530273438
51.99999618530273438
52.50000000000000000
53.00000000000000000
53.50000000000000000
53.99999618530273438
54.49999618530273438
55.00000381469726562
55.50000000000000000
55.99999618530273438
56.50000381469726562
57.00000000000000000
57.50001144409179688
58.00000381469726562
58.50000381469726562
59.00000000000000000
59.50000000000000000
60.00000000000000000
60.50001525878906250
60.99999618530273438
61.50000381469726562
62.00000381469726562
62.50000762939453125
63.00000762939453125
63.50000762939453125
63.99999618530273438
64.50000000000000000
65.00000000000000000
65.50000762939453125
66.00000000000000000
66.49999237060546875
67.00000762939453125
67.50000762939453125
68.00000762939453125
68.50001525878906250
69.00000000000000000
69.50000000000000000
70.00000000000000000
70.50000762939453125
71.00001525878906250
71.50000000000000000
71.99999237060546875
72.50000000000000000
73.00000000000000000
73.50000000000000000
74.00000000000000000
74.49999237060546875
75.00000762939453125
75.50000000000000000
76.00000000000000000
76.50000000000000000
77.00000000000000000
77.50000000000000000
77.99999237060546875
78.50000762939453125
78.99999237060546875
79.50001525878906250
80.00000762939453125
80.50000000000000000
80.99999237060546875
81.50000000000000000
82.00000762939453125
82.50000000000000000
83.00000000000000000
83.50000762939453125
83.99997711181640625
84.50000000000000000
84.99998474121093750
85.49999237060546875
86.00000762939453125
86.50000000000000000
87.00000000000000000
87.50000762939453125
87.99999237060546875
88.50000762939453125
89.00000762939453125
89.50000000000000000
89.99999237060546875
90.50000762939453125
91.00000000000000000
91.50000000000000000
91.99998474121093750
92.50000000000000000
93.00000762939453125
93.49999237060546875
94.00001525878906250
94.49998474121093750
95.00000000000000000
95.50000762939453125
96.00000000000000000
96.50000000000000000
96.99998474121093750
97.50000762939453125
98.00000762939453125
98.50001525878906250
99.00000000000000000
99.50000000000000000
