0.00000000000000000
10.00000095367431641
19.99999618530273438
29.99999618530273438
39.99999618530273438
50.00000000000000000
59.99999618530273438
70.00000000000000000
80.00000000000000000
89.99999237060546875
99.99999237060546875
110.00000000000000000
120.00001525878906250
130.00000000000000000
140.00001525878906250
150.00000000000000000
160.00001525878906250
169.99998474121093750
180.00001525878906250
189.99998474121093750
200.00003051757812500
209.99998474121093750
219.99998474121093750
230.00001525878906250
240.00001525878906250
250.00000000000000000
260.00006103515625000
269.99996948242187500
280.00003051757812500
289.99993896484375000
299.99996948242187500
310.00003051757812500
320.00003051757812500
329.99993896484375000
340.00000000000000000
350.00003051757812500
359.99996948242187500
370.00003051757812500
379.99996948242187500
389.99996948242187500
399.99996948242187500
409.99993896484375000
419.99996948242187500
430.00009155273437500
440.00003051757812500
450.00003051757812500
460.00003051757812500
469.99990844726562500
480.00003051757812500
490.00000000000000000
500.00000000000000000
510.00000000000000000
520.00000000000000000
530.00012207031250000
540.00000000000000000
550.00006103515625000
560.00006103515625000
569.99993896484375000
580.00006103515625000
589.99987792968750000
600.00000000000000000
609.99993896484375000
620.00000000000000000
629.99993896484375000
639.99993896484375000
649.99993896484375000
660.00018310546875000
670.00000000000000000
679.99993896484375000
690.00018310546875000
700.00006103515625000
710.00012207031250000
719.99993896484375000
729.99993896484375000
740.00024414062500000
750.00006103515625000
760.00000000000000000
770.00000000000000000
780.00000000000000000
789.99987792968750000
800.00018310546875000
810.00006103515625000
819.99993896484375000
830.00006103515625000
840.00012207031250000
849.99993896484375000
860.00000000000000000
869.99993896484375000
880.00006103515625000
890.00000000000000000
899.99993896484375000
910.00006103515625000
919.99993896484375000
930.00000000000000000
940.00000000000000000
950.00000000000000000
960.00000000000000000
969.99981689453125000
980.00018310546875000
989.99987792968750000
1000.00000000000000000
1009.99987792968750000
1019.99993896484375000
1030.00000000000000000
1040.00000000000000000
1050.00012207031250000
1060.00012207031250000
1070.00012207031250000
1080.00036621093750000
1090.00000000000000000
1100.00000000000000000
1110.00012207031250000
1120.00012207031250000
1130.00012207031250000
1140.00000000000000000
1150.00024414062500000
1160.00012207031250000
1170.00000000000000000
1180.00024414062500000
1190.00000000000000000
1199.99987792968750000
1209.99987792968750000
1220.00000000000000000
1230.00012207031250000
1240.00012207031250000
1249.99987792968750000
1259.99987792968750000
1270.00012207031250000
1279.99987792968750000
1289.99987792968750000
1299.99987792968750000
1310.00000000000000000
1320.00012207031250000
1330.00000000000000000
1340.00000000000000000
1350.00000000000000000
1360.00000000000000000
1369.99987792968750000
1380.00012207031250000
1389.99987792968750000
1400.00012207031250000
1409.99975585937500000
1420.00024414062500000
1430.00024414062500000
1440.00000000000000000
1449.99987792968750000
1460.00024414062500000
1469.99987792968750000
1479.99975585937500000
1490.00012207031250000
1500.00000000000000000
1510.00024414062500000
1520.00024414062500000
1530.00000000000000000
1540.00000000000000000
1550.00000000000000000
1560.00036621093750000
1569.99987792968750000
1580.00000000000000000
1589.99987792968750000
1599.99987792968750000
1610.00000000000000000
1620.00000000000000000
1629.99987792968750000
1640.00012207031250000
1650.00012207031250000
1660.00000000000000000
1669.99975585937500000
1680.00012207031250000
1690.00012207031250000
1699.99987792968750000
1710.00024414062500000
1719.99975585937500000
1729.99975585937500000
1739.99987792968750000
1749.99963378906250000
1760.00000000000000000
1770.00012207031250000
1780.00000000000000000
1790.00024414062500000
1800.00000000000000000
1810.00000000000000000
1820.00024414062500000
1829.99987792968750000
1840.00012207031250000
1849.99987792968750000
1860.00012207031250000
1870.00012207031250000
1880.00000000000000000
1890.00012207031250000
1899.99987792968750000
1910.00012207031250000
1920.00024414062500000
1929.99963378906250000
1940.00024414062500000
1950.00036621093750000
1960.00024414062500000
1970.00000000000000000
1980.00000000000000000
1989.99975585937500000
1999.99963378906250000
2009.99951171875000000
2020.00024414062500000
2030.00000000000000000
2040.00000000000000000
2049.99951171875000000
2060.00000000000000000
2069.99975585937500000
2080.00000000000000000
2090.00024414062500000
2100.00000000000000000
2110.00024414062500000
2120.00000000000000000
2130.00024414062500000
2139.99975585937500000
2149.99975585937500000
2159.99975585937500000
2170.00048828125000000
2180.00000000000000000
2189.99975585937500000
2199.99975585937500000
2210.00000000000000000
2220.00024414062500000
2230.00024414062500000
2239.99975585937500000
2250.00024414062500000
2260.00000000000000000
2270.00048828125000000
2280.00048828125000000
2289.99975585937500000
2300.00000000000000000
2310.00000000000000000
2319.99975585937500000
2330.00024414062500000
2340.00000000000000000
2350.00048828125000000
2360.00024414062500000
2370.00000000000000000
2380.00024414062500000
2390.00024414062500000
2399.99951171875000000
2410.00000000000000000
2420.00073242187500000
2430.00024414062500000
2440.00024414062500000
2450.00024414062500000
2460.00024414062500000
2470.00024414062500000
2480.00073242187500000
2490.00024414062500000
2500.00048828125000000
2510.00000000000000000
2520.00000000000000000
2529.99975585937500000
2540.00024414062500000
2550.00024414062500000
2560.00000000000000000
2570.00024414062500000
2580.00000000000000000
2590.00000000000000000
2600.00024414062500000
2610.00024414062500000
2620.00024414062500000
2629.99951171875000000
2640.00048828125000000
2650.00000000000000000
2660.00000000000000000
2670.00000000000000000
2680.00024414062500000
2690.00024414062500000
2700.00000000000000000
2710.00000000000000000
2719.99975585937500000
2730.00048828125000000
2740.00000000000000000
2750.00024414062500000
2760.00000000000000000
2770.00000000000000000
2780.00000000000000000
2790.00000000000000000
2800.00000000000000000
2810.00000000000000000
2820.00024414062500000
2829.99975585937500000
2839.99975585937500000
2850.00000000000000000
2860.00000000000000000
2870.00000000000000000
2880.00073242187500000
2890.00024414062500000
2900.00024414062500000
2909.99975585937500000
2920.00000000000000000
2929.99975585937500000
2940.00048828125000000
2949.99975585937500000
2959.99975585937500000
2969.99975585937500000
2980.00073242187500000
2989.99975585937500000
3000.00000000000000000
3010.00000000000000000
3020.00024414062500000
3030.00073242187500000
3039.99951171875000000
3049.99975585937500000
3059.99975585937500000
3070.00073242187500000
3080.00048828125000000
3090.00097656250000000
3099.99926757812500000
3109.99975585937500000
3120.00048828125000000
3129.99975585937500000
3140.00000000000000000
3150.00048828125000000
3159.99902343750000000
3170.00024414062500000
3180.00024414062500000
3190.00024414062500000
3200.00000000000000000
3209.99951171875000000
3220.00024414062500000
3230.00000000000000000
3240.00024414062500000
3249.99975585937500000
3260.00024414062500000
3269.99975585937500000
3280.00048828125000000
3290.00024414062500000
3300.00024414062500000
3310.00048828125000000
3320.00000000000000000
3330.00000000000000000
3340.00000000000000000
3350.00000000000000000
3359.99951171875000000
3370.00000000000000000
3380.00097656250000000
3389.99951171875000000
3399.99926757812500000
3410.00024414062500000
3420.00024414062500000
3430.00000000000000000
3440.00073242187500000
3450.00000000000000000
3460.00000000000000000
3469.99951171875000000
3479.99951171875000000
3490.00000000000000000
3499.99951171875000000
3510.00048828125000000
3519.99951171875000000
3529.99975585937500000
3540.00024414062500000
3550.00024414062500000
3560.00000000000000000
3569.99975585937500000
3580.00000000000000000
3589.99951171875000000
3600.00000000000000000
3609.99975585937500000
3620.00024414062500000
3629.99975585937500000
3640.00048828125000000
3650.00000000000000000
3660.00048828125000000
3670.00048828125000000
3679.99951171875000000
3690.00000000000000000
3699.99951171875000000
3710.00024414062500000
3720.00024414062500000
3730.00024414062500000
3739.99975585937500000
3749.99975585937500000
3760.00024414062500000
3770.00073242187500000
3780.00024414062500000
3789.99975585937500000
3799.99951171875000000
3810.00000000000000000
3820.00048828125000000
3830.00000000000000000
3840.00024414062500000
3849.99951171875000000
3860.00122070312500000
3869.99975585937500000
3880.00024414062500000
3889.99975585937500000
3899.99926757812500000
3910.00048828125000000
3920.00000000000000000
3929.99975585937500000
3940.00000000000000000
3949.99975585937500000
3960.00048828125000000
3970.00073242187500000
3980.00097656250000000
3989.99926757812500000
4000.00024414062500000
4009.99975585937500000
4020.00097656250000000
4029.99975585937500000
4040.00097656250000000
4050.00048828125000000
4060.00048828125000000
4069.99975585937500000
4080.00024414062500000
4090.00024414062500000
4100.00048828125000000
4110.00097656250000000
4120.00097656250000000
4130.00000000000000000
4140.00146484375000000
4150.00000000000000000
4159.99951171875000000
4170.00048828125000000
4179.99951171875000000
4189.99951171875000000
4200.00000000000000000
4210.00000000000000000
4220.00048828125000000
4230.00000000000000000
4240.00000000000000000
4250.00097656250000000
4260.00000000000000000
4270.00048828125000000
4280.00000000000000000
4289.99951171875000000
4300.00000000000000000
4310.00048828125000000
4320.00097656250000000
4330.00000000000000000
4340.00048828125000000
4349.99951171875000000
4359.99951171875000000
4370.00048828125000000
4380.00000000000000000
4389.99951171875000000
4400.00000000000000000
4410.00000000000000000
4420.00000000000000000
4430.00000000000000000
4440.00000000000000000
4449.99951171875000000
4459.99951171875000000
4469.99951171875000000
4480.00000000000000000
4490.00097656250000000
4500.00048828125000000
4509.99951171875000000
4520.00000000000000000
4530.00048828125000000
4540.00048828125000000
4549.99951171875000000
4560.00000000000000000
4570.00000000000000000
4580.00048828125000000
4590.00000000000000000
4600.00000000000000000
4610.00000000000000000
4620.00000000000000000
4630.00048828125000000
4640.00000000000000000
4650.00048828125000000
4659.99902343750000000
4670.00000000000000000
4680.00000000000000000
4689.99902343750000000
4700.00000000000000000
4710.00048828125000000
4719.99951171875000000
4730.00000000000000000
4740.00000000000000000
4750.00048828125000000
4760.00000000000000000
4769.99951171875000000
4780.00048828125000000
4789.99951171875000000
4800.00000000000000000
4809.99951171875000000
4820.00097656250000000
4830.00000000000000000
4839.99902343750000000
4849.99951171875000000
4859.99951171875000000
4870.00000000000000000
4879.99902343750000000
4890.00000000000000000
4900.00048828125000000
4910.00000000000000000
4920.00048828125000000
4929.99951171875000000
4940.00000000000000000
4950.00048828125000000
4960.00048828125000000
4970.00000000000000000
4980.00000000000000000
4990.00097656250000000
4999.99951171875000000
5010.00048828125000000
5020.00048828125000000
5030.00048828125000000
5040.00048828125000000
5049.99951171875000000
5059.99951171875000000
5070.00000000000000000
5080.00000000000000000
5090.00000000000000000
5100.00048828125000000
5109.99951171875000000
5119.99951171875000000
5130.00000000000000000
5140.00097656250000000
5150.00000000000000000
5160.00048828125000000
5170.00048828125000000
5180.00000000000000000
5190.00146484375000000
5199.99902343750000000
5210.00000000000000000
5220.00048828125000000
5229.99951171875000000
5239.99902343750000000
5250.00048828125000000
5260.00048828125000000
5269.99951171875000000
5280.00000000000000000
5290.00000000000000000
5299.99951171875000000
5309.99951171875000000
5319.99951171875000000
5329.99951171875000000
5340.00048828125000000
5350.00000000000000000
5359.99951171875000000
5370.00048828125000000
5380.00048828125000000
5389.99951171875000000
5400.00097656250000000
5410.00146484375000000
5420.00000000000000000
5430.00000000000000000
5440.00097656250000000
5449.99951171875000000
5460.00048828125000000
5470.00048828125000000
5480.00048828125000000
5489.99951171875000000
5500.00000000000000000
5510.00000000000000000
5519.99951171875000000
5530.00000000000000000
5539.99951171875000000
5550.00146484375000000
5560.00000000000000000
5570.00000000000000000
5580.00000000000000000
5590.00000000000000000
5600.00097656250000000
5610.00000000000000000
5620.00048828125000000
5630.00048828125000000
5640.00048828125000000
5650.00000000000000000
5660.00097656250000000
5670.00146484375000000
5679.99951171875000000
5690.00048828125000000
5700.00000000000000000
5710.00000000000000000
5719.99902343750000000
5730.00048828125000000
5740.00048828125000000
5750.00097656250000000
5760.00048828125000000
5770.00000000000000000
5779.99951171875000000
5790.00000000000000000
5800.00097656250000000
5809.99853515625000000
5819.99951171875000000
5830.00000000000000000
5840.00097656250000000
5850.00000000000000000
5860.00048828125000000
5870.00097656250000000
5880.00000000000000000
5890.00195312500000000
5899.99853515625000000
5910.00000000000000000
5919.99951171875000000
5930.00048828125000000
5940.00097656250000000
5949.99902343750000000
5960.00097656250000000
5970.00000000000000000
5979.99902343750000000
5990.00048828125000000
6000.00244140625000000
6009.99951171875000000
6020.00048828125000000
6030.00000000000000000
6040.00146484375000000
6050.00048828125000000
6059.99951171875000000
6069.99951171875000000
6079.99951171875000000
6090.00000000000000000
6099.99951171875000000
6109.99951171875000000
6120.00097656250000000
6129.99902343750000000
6139.99902343750000000
6150.00000000000000000
6160.00048828125000000
6170.00000000000000000
6180.00000000000000000
6189.99902343750000000
6199.99951171875000000
6210.00000000000000000
6219.99902343750000000
6230.00048828125000000
6240.00000000000000000
6250.00000000000000000
6260.00146484375000000
6270.00048828125000000
6279.99902343750000000
6290.00146484375000000
6300.00048828125000000
6309.99951171875000000
6320.00048828125000000
6329.99951171875000000
6340.00048828125000000
6349.99902343750000000
6360.00146484375000000
6369.99902343750000000
6379.99951171875000000
6389.99951171875000000
6399.99951171875000000
6410.00048828125000000
6420.00000000000000000
6430.00000000000000000
6440.00146484375000000
6450.00048828125000000
6460.00048828125000000
6469.99902343750000000
6480.00048828125000000
6490.00097656250000000
6500.00195312500000000
6510.00195312500000000
6520.00097656250000000
6530.00000000000000000
6540.00146484375000000
6550.00146484375000000
6560.00000000000000000
6570.00000000000000000
6580.00048828125000000
6589.99951171875000000
6600.00000000000000000
6610.00195312500000000
6620.00000000000000000
6629.99951171875000000
6640.00146484375000000
6650.00000000000000000
6659.99951171875000000
6669.99853515625000000
6680.00000000000000000
6690.00000000000000000
6700.00048828125000000
6709.99902343750000000
6720.00000000000000000
6730.00048828125000000
6739.99951171875000000
6749.99951171875000000
6760.00000000000000000
6770.00146484375000000
6779.99951171875000000
6790.00146484375000000
6800.00000000000000000
6810.00048828125000000
6819.99951171875000000
6830.00146484375000000
6840.00048828125000000
6850.00048828125000000
6860.00048828125000000
6869.99951171875000000
6880.00048828125000000
6890.00000000000000000
6899.99951171875000000
6909.99902343750000000
6920.00048828125000000
6930.00097656250000000
6939.99902343750000000
6949.99902343750000000
6959.99951171875000000
6969.99853515625000000
6979.99951171875000000
6990.00097656250000000
7000.00048828125000000
7010.00000000000000000
7020.00195312500000000
7030.00000000000000000
7040.00048828125000000
7050.00048828125000000
7059.99951171875000000
7069.99853515625000000
7080.00097656250000000
7089.99951171875000000
7100.00000000000000000
7110.00195312500000000
7120.00195312500000000
7130.00048828125000000
7140.00048828125000000
7150.00048828125000000
7160.00000000000000000
7170.00097656250000000
7180.00097656250000000
7190.00146484375000000
7200.00146484375000000
7210.00048828125000000
7219.99951171875000000
7230.00146484375000000
7239.99951171875000000
7249.99951171875000000
7260.00048828125000000
7269.99951171875000000
7280.00048828125000000
7290.00097656250000000
7300.00195312500000000
7310.00048828125000000
7320.00048828125000000
7329.99951171875000000
7340.00048828125000000
7350.00000000000000000
7360.00048828125000000
7369.99951171875000000
7380.00097656250000000
7389.99853515625000000
7399.99853515625000000
7410.00097656250000000
7419.99951171875000000
7429.99853515625000000
7440.00000000000000000
7449.99951171875000000
7460.00000000000000000
7470.00048828125000000
7480.00146484375000000
7490.00000000000000000
7499.99804687500000000
7509.99951171875000000
7520.00097656250000000
7530.00000000000000000
7539.99951171875000000
7550.00097656250000000
7560.00000000000000000
7569.99902343750000000
7579.99951171875000000
7589.99853515625000000
7600.00000000000000000
7610.00048828125000000
7619.99902343750000000
7629.99951171875000000
7640.00000000000000000
7649.99951171875000000
7660.00097656250000000
7669.99902343750000000
7679.99951171875000000
7690.00000000000000000
7700.00146484375000000
7709.99902343750000000
7720.00000000000000000
7730.00195312500000000
7740.00048828125000000
7750.00000000000000000
7760.00000000000000000
7770.00000000000000000
7780.00146484375000000
7790.00048828125000000
7800.00097656250000000
7810.00146484375000000
7820.00000000000000000
7830.00097656250000000
7839.99951171875000000
7850.00048828125000000
7860.00048828125000000
7870.00048828125000000
7880.00097656250000000
7889.99951171875000000
7900.00048828125000000
7909.99853515625000000
7920.00000000000000000
7930.00000000000000000
7940.00000000000000000
7950.00048828125000000
7960.00000000000000000
7969.99902343750000000
7980.00097656250000000
7989.99951171875000000
8000.00048828125000000
8009.99951171875000000
8019.99902343750000000
8030.00048828125000000
8040.00000000000000000
8050.00000000000000000
8060.00146484375000000
8070.00097656250000000
8079.99951171875000000
8090.00048828125000000
8099.99951171875000000
8110.00097656250000000
8120.00048828125000000
8129.99902343750000000
8140.00048828125000000
8149.99951171875000000
8160.00244140625000000
8169.99853515625000000
8180.00000000000000000
8190.00146484375000000
8199.99902343750000000
8210.00097656250000000
8220.00195312500000000
8230.00097656250000000
8239.99804687500000000
8250.00097656250000000
8260.00000000000000000
8270.00000000000000000
8280.00097656250000000
8289.99902343750000000
8299.99902343750000000
8309.99707031250000000
8319.99902343750000000
8330.00097656250000000
8340.00097656250000000
8350.00097656250000000
8360.00097656250000000
8370.00000000000000000
8380.00000000000000000
8390.00000000000000000
8399.99902343750000000
8410.00097656250000000
8420.00097656250000000
8430.00000000000000000
8440.00000000000000000
8450.00000000000000000
8460.00000000000000000
8469.99902343750000000
8480.00097656250000000
8490.00000000000000000
8500.00195312500000000
8510.00097656250000000
8519.99902343750000000
8529.99902343750000000
8539.99902343750000000
8550.00097656250000000
8560.00097656250000000
8569.99902343750000000
8579.99902343750000000
8589.99902343750000000
8600.00000000000000000
8610.00000000000000000
8620.00195312500000000
8629.99804687500000000
8640.00097656250000000
8650.00097656250000000
8660.00195312500000000
8670.00097656250000000
8679.99804687500000000
8689.99804687500000000
8700.00097656250000000
8710.00000000000000000
8720.00097656250000000
8730.00000000000000000
8740.00195312500000000
8750.00000000000000000
8760.00000000000000000
8770.00000000000000000
8780.00292968750000000
8790.00000000000000000
8800.00292968750000000
8810.00000000000000000
8820.00000000000000000
8829.99902343750000000
8840.00097656250000000
8850.00000000000000000
8860.00000000000000000
8869.99804687500000000
8880.00000000000000000
8890.00000000000000000
8900.00195312500000000
8910.00000000000000000
8920.00097656250000000
8930.00000000000000000
8939.99902343750000000
8950.00097656250000000
8960.00000000000000000
8969.99804687500000000
8980.00000000000000000
8990.00000000000000000
9000.00000000000000000
9009.99902343750000000
9020.00000000000000000
9030.00000000000000000
9039.99707031250000000
9049.99902343750000000
9060.00097656250000000
9070.00097656250000000
9080.00000000000000000
9089.99902343750000000
9100.00195312500000000
9110.00390625000000000
9120.00097656250000000
9129.99902343750000000
9139.99902343750000000
9149.99902343750000000
9159.99902343750000000
9170.00097656250000000
9180.00000000000000000
9190.00097656250000000
9200.00000000000000000
9209.99902343750000000
9220.00000000000000000
9230.00000000000000000
9239.99804687500000000
9250.00292968750000000
9260.00097656250000000
9270.00000000000000000
9280.00000000000000000
9290.00195312500000000
9300.00292968750000000
9309.99902343750000000
9320.00000000000000000
9330.00097656250000000
9339.99804687500000000
9350.00195312500000000
9360.00000000000000000
9370.00000000000000000
9380.00195312500000000
9390.00000000000000000
9399.99902343750000000
9410.00000000000000000
9419.99902343750000000
9429.99804687500000000
9440.00000000000000000
9450.00000000000000000
9460.00097656250000000
9469.99902343750000000
9480.00195312500000000
9489.99902343750000000
9499.99902343750000000
9510.00097656250000000
9520.00097656250000000
9530.00195312500000000
9540.00000000000000000
9550.00000000000000000
9559.99902343750000000
9570.00097656250000000
9580.00097656250000000
9590.00000000000000000
9600.00097656250000000
9610.00195312500000000
9619.99902343750000000
9630.00195312500000000
9640.00000000000000000
9650.00195312500000000
9660.00000000000000000
9670.00097656250000000
9680.00097656250000000
9690.00292968750000000
9700.00000000000000000
9710.00097656250000000
9720.00097656250000000
9730.00000000000000000
9740.00097656250000000
9749.99804687500000000
9760.00097656250000000
9769.99902343750000000
9779.99902343750000000
9790.00000000000000000
9800.00000000000000000
9810.00000000000000000
9820.00097656250000000
9830.00195312500000000
9839.99902343750000000
9850.00000000000000000
9860.00000000000000000
9869.99902343750000000
9880.00000000000000000
9890.00292968750000000
9899.99804687500000000
9909.99707031250000000
9920.00097656250000000
9930.00097656250000000
9940.00000000000000000
9949.99902343750000000
9959.99804687500000000
9970.00097656250000000
9979.99804687500000000
9990.00097656250000000
