0.00000000000000000
0.50000005960464478
1.00000011920928955
1.50000000000000000
2.00000023841857910
2.49999976158142090
3.00000000000000000
3.50000023841857910
4.00000047683715820
4.49999952316284180
4.99999952316284180
5.50000000000000000
6.00000000000000000
6.50000047683715820
6.99999952316284180
7.50000047683715820
8.00000000000000000
8.50000095367431641
8.99999904632568359
9.50000095367431641
10.00000000000000000
10.50000000000000000
11.00000000000000000
11.49999904632568359
11.99999904632568359
12.50000095367431641
13.00000190734863281
13.49999904632568359
14.00000190734863281
14.50000000000000000
15.00000095367431641
15.50000000000000000
16.00000381469726562
16.50000190734863281
17.00000190734863281
17.49999809265136719
18.00000381469726562
18.50000381469726562
18.99999809265136719
19.50000190734863281
20.00000190734863281
20.50000190734863281
20.99999809265136719
21.50000190734863281
22.00000190734863281
22.50000000000000000
22.99999809265136719
23.50000000000000000
23.99999809265136719
24.50000381469726562
25.00000000000000000
25.50000190734863281
26.00000190734863281
26.50000000000000000
27.00000381469726562
27.50000000000000000
27.99999809265136719
28.50000190734863281
29.00000381469726562
29.50000190734863281
30.00000000000000000
30.50000190734863281
31.00000000000000000
31.49999809265136719
31.99999427795410156
32.50000000000000000
33.00000381469726562
33.50000000000000000
34.00000381469726562
34.50000000000000000
35.00000000000000000
35.50000000000000000
36.00000000000000000
36.50000381469726562
37.00000000000000000
37.50000000000000000
38.00000381469726562
38.49999618530273438
38.99999618530273438
39.50000000000000000
40.00000000000000000
40.50000381469726562
41.00000000000000000
41.50000762939453125
42.00000000000000000
42.50000381469726562
43.00000000000000000
43.50000762939453125
44.00000000000000000
44.50000000000000000
45.00000000000000000
45.50000381469726562
46.00000000000000000
46.50000381469726562
47.00000381469726562
47.49999618530273438
48.00000000000000000
48.49999618530273438
49.00000381469726562
49.50000762939453125
50.00000381469726562
50.49999237060546875
51.00000000000000000
51.49999618530273438
52.00000762939453125
52.50000381469726562
53.00000000000000000
53.50000000000000000
54.00000000000000000
54.50000381469726562
55.00000762939453125
55.49999618530273438
56.00000000000000000
56.50000762939453125
57.00000000000000000
57.50000762939453125
58.00000000000000000
58.50000000000000000
58.99999618530273438
59.49998855590820312
60.00001525878906250
60.50000762939453125
60.99999618530273438
61.50000381469726562
62.00000000000000000
62.50000000000000000
63.00001525878906250
63.50000381469726562
64.00000762939453125
64.49999237060546875
65.00000000000000000
65.50000762939453125
66.00000000000000000
66.50000000000000000
67.00000000000000000
67.50000000000000000
68.00000000000000000
68.50000000000000000
69.00000000000000000
69.49999237060546875
70.00000762939453125
70.50000000000000000
71.00000762939453125
71.50000000000000000
72.00000762939453125
72.50001525878906250
73.00000000000000000
73.50000000000000000
74.00000000000000000
74.50000000000000000
75.00000000000000000
75.50001525878906250
76.00001525878906250
76.50000000000000000
77.00000762939453125
77.50000762939453125
77.99999237060546875
78.49999237060546875
78.99999237060546875
79.50000762939453125
80.00000762939453125
80.50000000000000000
81.00001525878906250
81.49999237060546875
81.99999237060546875
82.49999237060546875
83.00000000000000000
83.50000000000000000
84.00000762939453125
84.50000762939453125
85.00000000000000000
85.49998474121093750
86.00000762939453125
86.49999237060546875
87.00001525878906250
87.50000762939453125
88.00000762939453125
88.49999237060546875
89.00000762939453125
89.49999237060546875
90.00000000000000000
90.50000762939453125
91.00000000000000000
91.50000000000000000
92.00000762939453125
92.50000762939453125
92.99999237060546875
93.50000000000000000
94.00000762939453125
94.50000000000000000
95.00001525878906250
95.50000000000000000
96.00000000000000000
96.49999237060546875
96.99999237060546875
97.49998474121093750
98.00000762939453125
98.50000762939453125
98.99998474121093750
99.50000762939453125
