0.00000000000000000
0.49999997019767761
1.00000000000000000
1.50000000000000000
2.00000023841857910
2.50000000000000000
3.00000023841857910
3.50000047683715820
4.00000000000000000
4.50000047683715820
5.00000000000000000
5.50000095367431641
6.00000000000000000
6.50000000000000000
7.00000000000000000
7.50000047683715820
8.00000000000000000
8.50000095367431641
9.00000000000000000
9.50000000000000000
10.00000000000000000
10.50000190734863281
10.99999904632568359
11.49999904632568359
12.00000095367431641
12.50000000000000000
12.99999809265136719
13.50000000000000000
14.00000190734863281
14.50000095367431641
14.99999809265136719
15.50000095367431641
16.00000000000000000
16.50000000000000000
16.99999618530273438
17.50000000000000000
18.00000000000000000
18.50000000000000000
19.00000000000000000
19.50000000000000000
20.00000190734863281
20.49999809265136719
21.00000190734863281
21.50000190734863281
22.00000190734863281
22.50000190734863281
23.00000190734863281
23.50000000000000000
24.00000000000000000
24.50000000000000000
25.00000381469726562
25.50000000000000000
26.00000381469726562
26.50000000000000000
26.99999809265136719
27.50000381469726562
28.00000000000000000
28.49999809265136719
29.00000190734863281
29.50000381469726562
30.00000190734863281
30.50000190734863281
31.00000000000000000
31.49999809265136719
31.99999809265136719
32.50000000000000000
33.00000000000000000
33.50000000000000000
34.00000000000000000
34.50000381469726562
35.00000381469726562
35.50000000000000000
35.99999237060546875
36.50000381469726562
37.00000762939453125
37.50000000000000000
38.00000381469726562
38.50000381469726562
39.00000000000000000
39.50000381469726562
40.00000381469726562
40.49999618530273438
41.00000000000000000
41.50000000000000000
42.00000381469726562
42.50000381469726562
43.00000381469726562
43.50000381469726562
44.00000000000000000
44.50000000000000000
45.00000381469726562
45.50001144409179688
46.00000762939453125
46.50000762939453125
47.00000762939453125
47.50000000000000000
47.99999618530273438
48.50000381469726562
49.00000381469726562
49.49999618530273438
50.00000000000000000
50.50000381469726562
51.00000381469726562
51.50000000000000000
51.99999618530273438
52.50000381469726562
53.00000762939453125
53.50000381469726562
54.00000381469726562
54.50000762939453125
55.00000381469726562
55.49998855590820312
55.99999618530273438
56.50000000000000000
57.00000000000000000
57.50000381469726562
58.00000000000000000
58.50000762939453125
59.00000381469726562
59.50000762939453125
60.00000381469726562
60.50000381469726562
60.99999237060546875
61.50000000000000000
62.00001144409179688
62.50000762939453125
63.00000381469726562
63.50000000000000000
64.00000762939453125
64.50000000000000000
64.99999237060546875
65.50000762939453125
66.00000000000000000
66.50000000000000000
67.00000000000000000
67.50000000000000000
67.99999237060546875
68.50000000000000000
68.99998474121093750
69.50000000000000000
70.00000000000000000
70.50000762939453125
71.00000000000000000
71.50000762939453125
72.00000762939453125
72.50000762939453125
73.00000762939453125
73.49999237060546875
74.00000000000000000
74.50000000000000000
75.00000762939453125
75.49998474121093750
76.00000000000000000
76.50000000000000000
77.00000762939453125
77.50000000000000000
78.00000000000000000
78.50000000000000000
79.00000762939453125
79.49999237060546875
80.00000762939453125
80.50000000000000000
81.00000762939453125
81.50000762939453125
82.00002288818359375
82.50000762939453125
83.00000000000000000
83.50000000000000000
84.00000000000000000
84.50000762939453125
85.00000000000000000
85.50000762939453125
86.00000000000000000
86.49999237060546875
87.00000000000000000
87.50000762939453125
87.99999237060546875
88.49999237060546875
88.99998474121093750
89.50000000000000000
90.00000000000000000
90.49998474121093750
91.00000000000000000
91.49999237060546875
92.00000762939453125
92.50000000000000000
93.00000000000000000
93.50000762939453125
94.00001525878906250
94.50002288818359375
95.00000000000000000
95.49999237060546875
95.99999237060546875
96.49999237060546875
96.99999237060546875
97.50000000000000000
98.00000762939453125
98.49999237060546875
99.00000000000000000
99.50002288818359375
