0 0	-nan
5 .00000003337860107	0.00000000000000000
10 .00000004053115851	0.00000000000000011
15 .00000003814697273	0.00000000000000015
20 .00000005602836617	0.00000000000000022
25 .00000004386901870	0.00000000000000036
30 .00000003814697286	0.00000000000000044
35 .00000004768371598	0.00000000000000051
40 .00000005245208761	0.00000000000000044
45 .00000004450480143	0.00000000000000000
50 .00000005912780783	0.00000000000000036
55 .00000005201859954	0.00000000000000065
60 .00000005880991678	0.00000000000000089
65 .00000005575326829	0.00000000000000109
70 .00000005585806812	0.00000000000000127
75 .00000006357828855	0.00000000000000142
80 .00000005364418116	0.00000000000000155
85 .00000005609849026	0.00000000000000167
90 .00000006357828861	0.00000000000000178
95 .00000005019338597	0.00000000000000187
100 .00000005149841441	0.00000000000000195
105 .00000004722958649	0.00000000000000203
110 .00000005722046032	0.00000000000000210
115 .00000005639117783	0.00000000000000216
120 .00000005722046022	0.00000000000000222
125 .00000005035400545	0.00000000000000227
130 .00000005868765163	0.00000000000000232
135 .00000006499113964	0.00000000000000237
140 .00000008038112230	0.00000000000000241
145 .00000005656275402	0.00000000000000245
150 .00000006866455177	0.00000000000000249
155 .00000007260230390	0.00000000000000252
160 .00000007033348216	0.00000000000000255
165 .00000006242232026	0.00000000000000215
170 .00000007180606731	0.00000000000000167
175 .00000005231584889	0.00000000000000122
180 .00000005933973558	0.00000000000000079
185 .00000007216994844	0.00000000000000038
190 .00000005420885588	0.00000000000000000
195 .00000006651267034	0.00000000000000036
200 .00000006484985354	0.00000000000000071
205 .00000006698980597	0.00000000000000104
210 .00000006721133310	0.00000000000000135
215 .00000006209972339	0.00000000000000165
220 .00000005722045976	0.00000000000000194
225 .00000006951226172	0.00000000000000221
230 .00000006634256193	0.00000000000000247
235 .00000004220516276	0.00000000000000272
240 .00000003973643067	0.00000000000000296
245 .00000005760971533	0.00000000000000319
250 .00000004730224786	0.00000000000000341
255 .00000005684646963	0.00000000000000362
260 .00000007042518136	0.00000000000000383
265 .00000006333836953	0.00000000000000402
270 .00000006640399028	0.00000000000000421
275 .00000006935813333	0.00000000000000439
280 .00000006675720269	0.00000000000000457
285 .00000006424753441	0.00000000000000474
290 .00000005919357884	0.00000000000000490
295 .00000006982835693	0.00000000000000506
300 .00000007375081421	0.00000000000000521
305 .00000006878962368	0.00000000000000536
310 .00000006768011409	0.00000000000000550
315 .00000005691770658	0.00000000000000564
320 .00000006675720422	0.00000000000000577
325 .00000007042518194	0.00000000000000590
330 .00000006473425928	0.00000000000000603
335 .00000007287779973	0.00000000000000615
340 .00000004487879487	0.00000000000000627
345 .00000007297681929	0.00000000000000638
350 .00000006321498611	0.00000000000000650
355 .00000005372813209	0.00000000000000661
360 .00000006569756589	0.00000000000000671
365 .00000005016588430	0.00000000000000681
370 .00000007010795112	0.00000000000000691
375 .00000006306966370	0.00000000000000701
380 .00000005621659298	0.00000000000000711
385 .00000005746817034	0.00000000000000720
390 .00000006651267347	0.00000000000000729
395 .00000005987626205	0.00000000000000738
400 .00000006103515833	0.00000000000000746
405 .00000005839783800	0.00000000000000754
410 .00000006512898014	0.00000000000000763
415 .00000006802110940	0.00000000000000770
420 .00000004904611112	0.00000000000000778
425 .00000006821576538	0.00000000000000786
430 .00000007629394785	0.00000000000000793
435 .00000006313981904	0.00000000000000800
440 .00000006762418073	0.00000000000000807
445 .00000006686435689	0.00000000000000814
450 .00000007798936829	0.00000000000000821
455 .00000006371802125	0.00000000000000828
460 .00000006634256481	0.00000000000000834
465 .00000007711431098	0.00000000000000840
470 .00000006330774422	0.00000000000000847
475 .00000006585372292	0.00000000000000853
480 .00000005880991892	0.00000000000000859
485 .00000007078819633	0.00000000000000864
490 .00000007317990742	0.00000000000000870
495 .00000006165167438	0.00000000000000876
500 .00000006256103726	0.00000000000000881
505 .00000005438776618	0.00000000000000886
510 .00000006582222839	0.00000000000000892
515 .00000007703466466	0.00000000000000897
520 .00000007482675694	0.00000000000000902
525 .00000006975446537	0.00000000000000907
530 .00000007341493033	0.00000000000000912
535 .00000008556330425	0.00000000000000916
540 .00000007488109484	0.00000000000000921
545 .00000007279422416	0.00000000000000926
550 .00000006935813433	0.00000000000000930
555 .00000005223730000	0.00000000000000935
560 .00000008719308035	0.00000000000000939
565 .00000008102012080	0.00000000000000943
570 .00000007629394531	0.00000000000000947
575 .00000007563052313	0.00000000000000952
580 .00000007366312267	0.00000000000000956
585 .00000006651267104	0.00000000000000960
590 .00000007112147559	0.00000000000000963
595 .00000007565282088	0.00000000000000967
600 .00000006993611731	0.00000000000000971
605 .00000006557496321	0.00000000000000975
610 .00000008004610851	0.00000000000000978
615 .00000007195201307	0.00000000000000982
620 .00000007998558664	0.00000000000000986
625 .00000005737304924	0.00000000000000989
630 .00000007508293110	0.00000000000000993
635 .00000006968580632	0.00000000000000996
640 .00000005364418549	0.00000000000000999
645 .00000008516533543	0.00000000000000947
650 .00000005164513722	0.00000000000000896
655 .00000007687634251	0.00000000000000846
660 .00000007629394881	0.00000000000000797
665 .00000007572030812	0.00000000000000748
670 .00000006376807565	0.00000000000000700
675 .00000008364077124	0.00000000000000653
680 .00000007180606787	0.00000000000000606
685 .00000005568901386	0.00000000000000560
690 .00000006191972682	0.00000000000000515
695 .00000007684282430	0.00000000000000470
700 .00000007629394650	0.00000000000000426
705 .00000007142412009	0.00000000000000383
710 .00000007521938365	0.00000000000000340
715 .00000007042518112	0.00000000000000298
720 .00000006569756494	0.00000000000000257
725 .00000006734913888	0.00000000000000216
730 .00000006061710800	0.00000000000000175
735 .00000007888897757	0.00000000000000135
740 .00000007010795001	0.00000000000000096
745 .00000008397454399	0.00000000000000057
750 .00000005696614589	0.00000000000000019
755 .00000006063095003	0.00000000000000019
760 .00000005621659159	0.00000000000000056
765 .00000005185993731	0.00000000000000093
770 .00000006341315002	0.00000000000000129
775 .00000006891066113	0.00000000000000165
780 .00000007042518124	0.00000000000000200
785 .00000006025763974	0.00000000000000235
790 .00000007532820089	0.00000000000000270
795 .00000009020919502	0.00000000000000304
800 .00000007247925021	0.00000000000000338
805 .00000006065605812	0.00000000000000371
810 .00000007158444558	0.00000000000000404
815 .00000007301751943	0.00000000000000436
820 .00000007071146469	0.00000000000000468
825 .00000007953066074	0.00000000000000500
830 .00000007537474412	0.00000000000000531
835 .00000007309599843	0.00000000000000562
840 .00000008174351685	0.00000000000000592
845 .00000006681363556	0.00000000000000622
850 .00000007360122069	0.00000000000000652
855 .00000006603219094	0.00000000000000681
860 .00000006742255916	0.00000000000000711
865 .00000005821272482	0.00000000000000739
870 .00000007015535508	0.00000000000000768
875 .00000006452288424	0.00000000000000796
880 .00000006762418242	0.00000000000000824
885 .00000007758706541	0.00000000000000851
890 .00000006343542082	0.00000000000000878
895 .00000006137614056	0.00000000000000905
900 .00000004577637166	0.00000000000000932
905 .00000006912821908	0.00000000000000958
910 .00000005030370571	0.00000000000000984
915 .00000006837272086	0.00000000000001010
920 .00000007131825654	0.00000000000001035
925 .00000006433435982	0.00000000000001060
930 .00000006234774633	0.00000000000001085
935 .00000007180607239	0.00000000000001110
940 .00000008116377705	0.00000000000001134
945 .00000006458747341	0.00000000000001158
950 .00000007870323252	0.00000000000001182
955 .00000006231338230	0.00000000000001205
960 .00000005404155295	0.00000000000001229
965 .00000008064230989	0.00000000000001252
970 .00000007393434385	0.00000000000001275
975 .00000007199018948	0.00000000000001297
980 .00000006850885360	0.00000000000001320
985 .00000006971021242	0.00000000000001342
990 .00000008631234599	0.00000000000001364
995 .00000009507989940	0.00000000000001385
