-nan
0.00000000000000000
0.00000000000000011
0.00000000000000015
0.00000000000000022
0.00000000000000036
0.00000000000000044
0.00000000000000051
0.00000000000000044
0.00000000000000000
0.00000000000000036
0.00000000000000065
0.00000000000000089
0.00000000000000109
0.00000000000000127
0.00000000000000142
0.00000000000000155
0.00000000000000167
0.00000000000000178
0.00000000000000187
0.00000000000000195
0.00000000000000203
0.00000000000000210
0.00000000000000216
0.00000000000000222
0.00000000000000227
0.00000000000000232
0.00000000000000237
0.00000000000000241
0.00000000000000245
0.00000000000000249
0.00000000000000252
0.00000000000000255
0.00000000000000215
0.00000000000000167
0.00000000000000122
0.00000000000000079
0.00000000000000038
0.00000000000000000
0.00000000000000036
0.00000000000000071
0.00000000000000104
0.00000000000000135
0.00000000000000165
0.00000000000000194
0.00000000000000221
0.00000000000000247
0.00000000000000272
0.00000000000000296
0.00000000000000319
0.00000000000000341
0.00000000000000362
0.00000000000000383
0.00000000000000402
0.00000000000000421
0.00000000000000439
0.00000000000000457
0.00000000000000474
0.00000000000000490
0.00000000000000506
0.00000000000000521
0.00000000000000536
0.00000000000000550
0.00000000000000564
0.00000000000000577
0.00000000000000590
0.00000000000000603
0.00000000000000615
0.00000000000000627
0.00000000000000638
0.00000000000000650
0.00000000000000661
0.00000000000000671
0.00000000000000681
0.00000000000000691
0.00000000000000701
0.00000000000000711
0.00000000000000720
0.00000000000000729
0.00000000000000738
0.00000000000000746
0.00000000000000754
0.00000000000000763
0.00000000000000770
0.00000000000000778
0.00000000000000786
0.00000000000000793
0.00000000000000800
0.00000000000000807
0.00000000000000814
0.00000000000000821
0.00000000000000828
0.00000000000000834
0.00000000000000840
0.00000000000000847
0.00000000000000853
0.00000000000000859
0.00000000000000864
0.00000000000000870
0.00000000000000876
0.00000000000000881
0.00000000000000886
0.00000000000000892
0.00000000000000897
0.00000000000000902
0.00000000000000907
0.00000000000000912
0.00000000000000916
0.00000000000000921
0.00000000000000926
0.00000000000000930
0.00000000000000935
0.00000000000000939
0.00000000000000943
0.00000000000000947
0.00000000000000952
0.00000000000000956
0.00000000000000960
0.00000000000000963
0.00000000000000967
0.00000000000000971
0.00000000000000975
0.00000000000000978
0.00000000000000982
0.00000000000000986
0.00000000000000989
0.00000000000000993
0.00000000000000996
0.00000000000000999
0.00000000000000947
0.00000000000000896
0.00000000000000846
0.00000000000000797
0.00000000000000748
0.00000000000000700
0.00000000000000653
0.00000000000000606
0.00000000000000560
0.00000000000000515
0.00000000000000470
0.00000000000000426
0.00000000000000383
0.00000000000000340
0.00000000000000298
0.00000000000000257
0.00000000000000216
0.00000000000000175
0.00000000000000135
0.00000000000000096
0.00000000000000057
0.00000000000000019
0.00000000000000019
0.00000000000000056
0.00000000000000093
0.00000000000000129
0.00000000000000165
0.00000000000000200
0.00000000000000235
0.00000000000000270
0.00000000000000304
0.00000000000000338
0.00000000000000371
0.00000000000000404
0.00000000000000436
0.00000000000000468
0.00000000000000500
0.00000000000000531
0.00000000000000562
0.00000000000000592
0.00000000000000622
0.00000000000000652
0.00000000000000681
0.00000000000000711
0.00000000000000739
0.00000000000000768
0.00000000000000796
0.00000000000000824
0.00000000000000851
0.00000000000000878
0.00000000000000905
0.00000000000000932
0.00000000000000958
0.00000000000000984
0.00000000000001010
0.00000000000001035
0.00000000000001060
0.00000000000001085
0.00000000000001110
0.00000000000001134
0.00000000000001158
0.00000000000001182
0.00000000000001205
0.00000000000001229
0.00000000000001252
0.00000000000001275
0.00000000000001297
0.00000000000001320
0.00000000000001342
0.00000000000001364
0.00000000000001385
