0	7.53981e-17	4.83751e-17
1	4.80376e-17	3.15334e-17
2	3.92404e-17	3.14893e-17
3	1.26894e-07	5.29667e-23
4	5.09489e-07	1.96825e-22
5	2.53144e-07	1.15962e-22
6	5.05624e-07	1.16153e-22
7	3.65803e-07	2.09743e-22
8	4.53583e-08	7.82378e-24
9	4.411e-07	1.03884e-22
10	1.37172e-07	1.12888e-23
11	4.44005e-07	1.21774e-22
12	2.05056e-07	5.06101e-23
13	3.278e-07	1.66873e-22
14	1.28096e-07	5.39782e-23
15	3.36166e-08	6.57373e-24
16	1.34327e-07	3.04345e-23
17	5.10014e-07	1.0288e-22
18	1.2475e-07	2.75911e-23
19	2.8772e-07	6.26265e-23
20	5.30919e-07	4.75003e-23
21	4.75369e-07	5.87427e-23
22	1.03464e-08	1.72178e-24
23	6.25964e-08	1.44261e-23
24	5.52074e-07	4.5921e-23
25	2.75383e-07	5.3339e-23
26	1.61463e-07	9.7172e-24
27	1.09942e-07	2.72599e-23
28	5.12597e-09	4.01446e-25
29	3.11588e-07	1.62224e-22
30	2.23057e-07	1.10016e-23
31	3.16506e-07	5.57526e-23
32	1.64827e-07	3.29362e-23
33	1.76625e-07	1.05524e-23
34	1.6133e-07	1.26179e-23
35	4.64348e-07	5.35915e-23
36	2.00407e-07	2.78126e-23
37	3.59349e-07	1.06839e-22
38	1.30631e-07	2.53031e-23
39	3.43414e-07	5.70039e-23
40	1.47892e-07	1.18151e-23
41	5.89002e-07	1.30119e-22
42	4.66348e-07	5.66951e-23
43	5.07468e-07	2.05171e-22
44	7.22771e-08	1.59216e-23
45	4.03874e-07	9.6173e-23
46	4.39874e-07	1.09087e-22
47	3.4746e-08	7.24273e-24
48	5.69461e-07	4.11265e-23
49	4.14912e-07	1.71137e-22
50	5.69092e-07	1.23735e-22
51	7.3819e-09	5.90914e-24
52	1.43648e-07	8.30409e-24
53	1.88948e-07	5.81894e-23
54	4.40261e-07	1.57339e-23
55	4.62184e-07	6.2199e-23
56	1.4441e-07	3.03248e-23
57	2.08229e-07	2.81134e-23
58	6.14272e-07	5.10047e-23
59	1.8548e-07	5.76036e-23
60	5.71465e-08	2.67022e-23
61	4.71234e-07	1.6637e-22
62	1.98337e-07	2.94233e-23
63	6.45039e-07	2.09146e-22
64	5.62345e-07	2.66136e-23
65	5.87337e-07	2.2116e-22
66	1.62741e-07	3.10782e-23
67	3.33945e-07	4.88451e-23
68	6.29265e-07	5.43075e-23
69	3.74887e-07	5.30218e-23
70	4.31699e-07	1.06642e-22
71	4.96144e-07	4.10231e-23
72	5.72651e-07	4.29264e-23
73	5.30352e-07	1.20063e-22
74	6.36157e-07	2.03685e-22
75	1.35714e-07	1.06149e-23
76	1.78977e-07	2.86192e-23
77	2.52529e-07	1.61798e-22
78	2.08176e-07	2.66924e-23
79	1.71029e-07	1.11899e-23
80	2.68095e-07	2.55316e-23
81	6.28294e-07	1.06009e-22
82	1.2589e-07	3.20568e-23
83	3.68442e-07	6.38621e-23
84	3.53028e-08	2.22204e-24
85	3.09222e-07	1.14342e-22
86	2.52482e-07	1.02745e-22
87	3.14348e-07	2.31544e-23
88	4.30812e-09	3.54977e-25
89	5.82334e-07	4.22717e-23
90	2.73361e-07	2.44501e-23
91	4.44617e-07	1.56769e-22
92	5.38643e-07	1.13622e-22
93	1.87991e-07	7.97285e-23
94	2.12019e-07	2.96458e-23
95	7.43297e-07	1.2698e-22
96	2.98341e-07	5.45237e-23
97	6.1544e-07	2.06012e-22
98	1.98688e-07	2.76927e-23
99	8.06426e-07	1.04004e-22
100	7.20555e-07	1.05872e-22
101	6.89668e-07	3.68307e-23
102	2.06116e-07	1.17481e-23
103	3.97173e-07	1.08057e-22
104	6.89151e-07	1.08649e-22
105	2.32125e-07	1.00776e-22
106	3.64883e-08	1.36318e-23
107	2.33109e-07	1.08867e-22
108	7.63525e-07	2.23887e-22
109	6.09415e-07	4.33082e-23
110	6.9232e-07	2.17241e-22
111	6.50843e-07	4.70975e-23
112	4.53631e-07	1.665e-22
113	3.91963e-07	1.15536e-22
114	7.90392e-07	2.15123e-22
115	2.5073e-07	1.97014e-23
116	6.97248e-07	1.17586e-22
117	5.77548e-08	1.39566e-23
118	8.61719e-07	4.14694e-22
119	2.64787e-08	3.95476e-24
120	5.2098e-07	1.20691e-22
121	6.49363e-07	1.11435e-22
122	2.25415e-07	3.04716e-23
123	8.86092e-07	1.16442e-22
124	9.01256e-07	2.19482e-22
125	1.09179e-07	2.58182e-23
126	3.25446e-07	5.6008e-23
127	1.37611e-07	1.01594e-23
128	7.36171e-07	1.14349e-22
129	7.2427e-07	2.26747e-22
130	5.89963e-07	4.362e-23
131	6.38171e-07	2.26201e-22
132	7.4476e-07	5.80209e-23
133	7.83715e-07	8.25893e-23
134	6.27113e-07	2.23873e-22
135	1.4511e-07	2.86588e-23
136	7.94083e-07	2.16206e-22
137	3.37031e-07	6.31484e-23
138	5.86677e-07	2.12124e-22
139	3.26602e-07	1.63802e-22
140	2.76169e-07	4.90223e-23
141	8.79465e-07	3.25218e-22
142	7.91381e-07	2.04953e-22
143	9.39058e-07	1.03391e-22
144	7.4636e-08	2.67997e-23
145	8.39977e-07	2.08e-22
146	7.71158e-07	1.19245e-22
147	4.89098e-07	1.06641e-22
148	2.58117e-07	2.03183e-23
149	4.78883e-08	1.38997e-23
150	5.56925e-07	1.13109e-22
151	7.3272e-07	3.07885e-23
152	5.63406e-07	2.10798e-22
153	3.05031e-07	1.15859e-22
154	7.59459e-07	4.30028e-23
155	1.10468e-07	2.75565e-23
156	1.2109e-08	1.8427e-24
157	1.00064e-06	3.82663e-22
158	7.57782e-07	1.01703e-22
159	8.61986e-07	2.17824e-22
160	4.5372e-07	5.91044e-23
161	1.3995e-07	2.82045e-23
162	2.97623e-07	5.82165e-23
163	8.06978e-07	4.15539e-22
164	7.28765e-07	1.13087e-22
165	1.05847e-07	4.56181e-24
166	9.21672e-07	4.20913e-23
167	7.18177e-07	1.22557e-22
168	3.3517e-07	1.7305e-23
169	3.585e-07	6.12244e-23
170	9.21213e-07	4.26898e-22
171	1.98088e-07	4.81298e-23
172	5.29644e-07	4.45807e-23
173	6.53967e-08	5.18556e-24
174	6.64202e-07	3.90773e-23
175	2.07414e-07	2.74403e-23
176	8.35633e-07	4.13853e-23
177	9.98734e-09	1.58639e-24
178	2.21902e-08	1.10139e-24
179	7.58041e-07	1.07496e-22
180	3.63608e-07	1.07281e-22
181	1.02016e-06	2.78608e-22
182	1.15859e-06	4.32614e-22
183	1.08352e-06	2.13331e-22
184	1.10867e-06	2.33687e-22
185	1.10867e-06	2.10969e-22
186	9.56241e-07	2.32291e-22
187	5.22198e-07	1.21569e-22
188	3.2459e-07	5.37922e-23
189	8.61713e-07	1.07755e-22
190	1.19883e-06	2.51874e-22
191	1.13256e-06	2.18975e-22
192	5.86292e-08	2.49835e-24
193	3.09732e-07	5.34022e-23
194	5.10023e-07	1.23284e-22
195	5.06803e-09	3.92274e-25
196	9.53278e-07	1.08192e-22
197	8.19056e-07	5.44126e-22
198	2.87093e-07	1.93555e-23
199	4.58565e-07	1.08423e-22
200	4.85816e-07	1.05558e-22
