0	1.23742e-16
1	4.65382e-18
2	3.90207e-17
3	3.28981e-20
4	2.7008e-07
5	9.20443e-08
6	2.39433e-07
7	7.36449e-08
8	9.99256e-08
9	2.95592e-08
10	4.90628e-09
11	9.34516e-08
12	1.15212e-07
13	4.18714e-08
14	4.52752e-09
15	1.02065e-07
16	6.25233e-08
17	4.94342e-08
18	1.42851e-08
19	3.76903e-08
20	5.75357e-08
21	2.17782e-08
22	4.39567e-09
23	1.70926e-08
24	3.43815e-08
25	1.45073e-08
26	1.18548e-08
27	2.89349e-09
28	2.40173e-08
29	1.91369e-08
30	1.87001e-08
31	7.66699e-09
32	1.39599e-08
33	1.44671e-08
34	1.23052e-09
35	7.12047e-10
36	8.39625e-09
37	1.03219e-09
38	1.62153e-09
39	1.45227e-09
40	4.70149e-09
41	4.0302e-09
42	4.90424e-09
43	1.73264e-09
44	2.8474e-09
45	4.18263e-09
46	9.16957e-10
47	2.93626e-09
48	1.53436e-09
49	1.89521e-09
50	1.40758e-09
51	1.55401e-09
52	1.17034e-10
53	1.74497e-09
54	7.17714e-10
55	1.4251e-09
56	7.18501e-10
57	2.48756e-10
58	4.33057e-10
59	5.41264e-10
60	6.41813e-10
61	1.14407e-11
62	4.37691e-10
63	5.49311e-10
64	3.30577e-10
65	7.01215e-11
66	2.35937e-10
67	3.46229e-10
68	3.79349e-10
69	2.89834e-10
70	1.40268e-10
71	1.74559e-10
72	1.52742e-10
73	1.13431e-10
74	2.15249e-10
75	1.20778e-11
76	1.29896e-12
77	5.69655e-11
78	8.02945e-11
79	8.29216e-11
80	1.1369e-10
81	7.07749e-12
82	2.55786e-11
83	9.03297e-12
84	6.51599e-11
85	5.81372e-11
86	2.45997e-12
87	5.87989e-12
88	2.08223e-11
89	3.93181e-11
90	1.84793e-11
91	3.2585e-11
92	2.59467e-12
93	1.93468e-11
94	8.91439e-12
95	5.04856e-13
96	8.08086e-12
97	1.15919e-11
98	7.21642e-12
99	4.28372e-12
100	1.04485e-11
101	8.06446e-12
102	6.46973e-12
103	4.26293e-12
104	1.92522e-12
105	2.27353e-12
106	4.62795e-12
107	2.72457e-12
108	2.21521e-12
109	5.47361e-12
110	2.47558e-12
111	4.41717e-12
112	1.73178e-12
113	8.38527e-13
114	2.20051e-12
115	1.92221e-13
116	1.79767e-12
117	5.02887e-13
118	2.15101e-13
119	1.5892e-12
120	6.42441e-13
121	4.78591e-13
122	1.12854e-12
123	2.82362e-13
124	1.10863e-12
125	4.90384e-13
126	6.21104e-14
127	6.92053e-13
128	6.44741e-13
129	3.94476e-13
130	3.36544e-13
131	2.41183e-13
132	4.1809e-13
133	4.27323e-13
134	3.70693e-14
135	3.71554e-14
136	3.71196e-14
137	3.08732e-13
138	1.19482e-13
139	1.39538e-13
140	5.84826e-14
141	1.33045e-13
142	1.33061e-13
143	1.44439e-13
144	1.08646e-13
145	2.30671e-14
146	2.54018e-14
147	2.10227e-14
148	8.07616e-14
149	3.38583e-14
150	5.90518e-15
151	8.5065e-15
152	2.65223e-14
153	1.17542e-14
154	1.32528e-14
155	1.32151e-14
156	3.56196e-14
157	1.60383e-14
158	2.76627e-14
159	1.1465e-14
160	1.93693e-14
161	2.3238e-14
162	4.94002e-15
163	2.87767e-14
164	1.90783e-15
165	6.51456e-15
166	2.12918e-14
167	3.09972e-14
168	2.54707e-14
169	3.19857e-14
170	2.50723e-14
171	1.57828e-14
172	6.93202e-15
173	3.23277e-14
174	1.11629e-14
175	1.2823e-14
176	1.78614e-14
177	1.12624e-16
178	3.58295e-14
179	3.33824e-14
180	1.99363e-15
181	1.57946e-14
182	2.04319e-14
183	1.08281e-14
184	1.96761e-14
185	1.78216e-14
186	1.09684e-14
187	7.69531e-16
188	9.26801e-16
189	1.17339e-14
190	1.49504e-14
191	2.09351e-14
192	1.67218e-14
193	2.03119e-15
194	2.07645e-14
195	6.34006e-15
196	2.09739e-14
197	4.36436e-14
198	1.60654e-14
199	1.08782e-14
200	2.03965e-14
