0	1.038e-17
1	2.49793e-07
2	7.94096e-08
3	1.43756e-07
4	8.26886e-08
5	1.09446e-07
6	2.0291e-08
7	4.17417e-08
8	1.66766e-08
9	8.01387e-09
10	6.34352e-09
11	1.1369e-08
12	1.31496e-08
13	3.49848e-09
14	4.29537e-09
15	1.95173e-09
16	3.24465e-09
17	1.10013e-09
18	1.70303e-09
19	8.66828e-10
20	6.13209e-10
21	6.74528e-10
22	2.68551e-10
23	4.81843e-10
24	2.76175e-10
25	3.35339e-11
26	1.73489e-10
27	7.82419e-11
28	1.20608e-11
29	2.3565e-11
30	5.46553e-11
31	2.09838e-11
32	1.43206e-11
33	7.50869e-12
34	8.58339e-12
35	1.99581e-12
36	8.25722e-12
37	5.47677e-12
38	2.14607e-13
39	2.78468e-12
40	2.58197e-13
41	2.22329e-12
42	4.52234e-13
43	9.78567e-14
44	8.66802e-13
45	5.52776e-13
46	1.31685e-14
47	2.32792e-13
48	2.48331e-13
49	9.77281e-14
50	7.87745e-15
51	8.73637e-14
52	3.80708e-15
53	3.48602e-14
54	2.41349e-14
55	1.01711e-14
56	1.42925e-14
57	6.26904e-15
58	7.81248e-15
59	6.36153e-15
60	2.95397e-15
61	1.9413e-15
62	1.10068e-15
63	4.82193e-16
64	1.41333e-15
65	2.47591e-15
66	2.23888e-16
67	4.47331e-15
68	6.66736e-16
69	1.04378e-15
70	5.36864e-15
71	1.31659e-17
72	6.00853e-15
73	1.91303e-15
74	5.90283e-15
75	2.50159e-16
76	5.05251e-15
77	8.30791e-17
78	1.8409e-15
79	5.33023e-15
80	1.52361e-15
81	5.57498e-15
82	9.96432e-16
83	1.3004e-15
84	4.51303e-16
85	6.96228e-15
86	4.5276e-15
87	2.26979e-15
88	7.08002e-15
89	1.71927e-15
90	3.14078e-17
91	9.50502e-15
92	1.17389e-14
93	2.19918e-15
94	6.49496e-15
95	5.09966e-16
96	2.79508e-15
97	1.41357e-14
98	8.39897e-15
99	5.97283e-15
100	8.40375e-15
101	4.18977e-15
102	2.96172e-15
103	6.06664e-15
104	8.90902e-15
105	9.07309e-15
106	1.55459e-14
107	9.59722e-16
108	9.76775e-16
109	5.29144e-16
110	1.57244e-14
111	2.15667e-15
112	1.8855e-15
113	2.96204e-15
114	4.9788e-15
115	4.78452e-15
116	5.09314e-15
117	1.87165e-15
118	4.02957e-15
119	2.88499e-15
120	2.5687e-15
121	1.65073e-15
122	3.66429e-15
123	4.68972e-16
124	6.82214e-16
125	4.57677e-15
126	5.77998e-16
127	8.95781e-15
128	5.53603e-15
129	2.96583e-16
130	1.14202e-14
131	6.60237e-15
132	1.09763e-14
133	8.74804e-15
134	2.33534e-15
135	1.40524e-15
136	6.41582e-16
137	4.89136e-15
138	4.37634e-15
139	5.35539e-15
140	1.21993e-14
141	1.35147e-14
142	7.99093e-16
143	1.30197e-14
144	1.20991e-14
145	5.87891e-16
146	1.33234e-14
147	3.56686e-15
148	5.8848e-15
149	1.21469e-14
150	1.24727e-15
151	3.79455e-15
152	5.63499e-15
153	1.3237e-14
154	8.17214e-16
155	4.25669e-15
156	9.48366e-15
157	6.90435e-15
158	2.80356e-15
159	6.37376e-15
160	1.16036e-14
161	9.03581e-15
162	2.33544e-16
163	1.18288e-14
164	2.4678e-15
165	1.96956e-16
166	6.65899e-15
167	6.57962e-15
168	4.99674e-15
169	7.13409e-16
170	8.34067e-15
171	3.79154e-15
172	4.4044e-15
173	1.16968e-14
174	3.74019e-16
175	2.22477e-14
176	7.20301e-16
177	1.92791e-14
178	3.13251e-15
179	9.97991e-15
180	2.08282e-14
181	1.18385e-14
182	1.3703e-15
183	1.58877e-15
184	2.94345e-15
185	1.90087e-14
186	5.24807e-15
187	5.0179e-15
188	5.16475e-15
189	1.47866e-15
190	6.68054e-15
191	1.5973e-14
192	9.40085e-15
193	4.61501e-15
194	2.35088e-16
195	1.43882e-14
196	1.48356e-14
197	2.96253e-14
198	4.94329e-16
199	3.31796e-17
200	4.175e-15
