0	1.4968e-16
1	1.00169e-16
2	1.1877e-16
3	4.4444e-17
4	2.7008e-07
5	9.20443e-08
6	2.39433e-07
7	7.36449e-08
8	9.99256e-08
9	2.95592e-08
10	4.90628e-09
11	9.34516e-08
12	1.15212e-07
13	4.18714e-08
14	4.52752e-09
15	1.02065e-07
16	6.25233e-08
17	4.94342e-08
18	1.42851e-08
19	3.76903e-08
20	5.75357e-08
21	2.17782e-08
22	4.39567e-09
23	1.70926e-08
24	3.43815e-08
25	1.45073e-08
26	1.18548e-08
27	2.89349e-09
28	2.40173e-08
29	1.91369e-08
30	1.87001e-08
31	7.66699e-09
32	1.39599e-08
33	1.44671e-08
34	1.23052e-09
35	7.12046e-10
36	8.39625e-09
37	1.03219e-09
38	1.62153e-09
39	1.45227e-09
40	4.70149e-09
41	4.0302e-09
42	4.90424e-09
43	1.73264e-09
44	2.8474e-09
45	4.18263e-09
46	9.16957e-10
47	2.93626e-09
48	1.53436e-09
49	1.89521e-09
50	1.40758e-09
51	1.55401e-09
52	1.17034e-10
53	1.74497e-09
54	7.17714e-10
55	1.4251e-09
56	7.18501e-10
57	2.48756e-10
58	4.33057e-10
59	5.41264e-10
60	6.41813e-10
61	1.14406e-11
62	4.37691e-10
63	5.49311e-10
64	3.30577e-10
65	7.01215e-11
66	2.35937e-10
67	3.46229e-10
68	3.79349e-10
69	2.89834e-10
70	1.40268e-10
71	1.74559e-10
72	1.52742e-10
73	1.13431e-10
74	2.15249e-10
75	1.20779e-11
76	1.29889e-12
77	5.69656e-11
78	8.02944e-11
79	8.29217e-11
80	1.1369e-10
81	7.07743e-12
82	2.55788e-11
83	9.03295e-12
84	6.516e-11
85	5.81371e-11
86	2.45991e-12
87	5.87993e-12
88	2.08223e-11
89	3.93181e-11
90	1.84794e-11
91	3.25849e-11
92	2.59464e-12
93	1.93468e-11
94	8.91424e-12
95	5.04822e-13
96	8.08089e-12
97	1.15919e-11
98	7.21643e-12
99	4.28371e-12
100	1.04487e-11
101	8.06457e-12
102	6.46964e-12
103	4.26278e-12
104	1.92513e-12
105	2.27345e-12
106	4.62794e-12
107	2.72477e-12
108	2.21514e-12
109	5.47372e-12
110	2.47559e-12
111	4.41715e-12
112	1.73195e-12
113	8.3861e-13
114	2.2006e-12
115	1.92328e-13
116	1.79761e-12
117	5.02767e-13
118	2.15078e-13
119	1.58914e-12
120	6.42244e-13
121	4.78559e-13
122	1.1287e-12
123	2.82371e-13
124	1.10866e-12
125	4.90435e-13
126	6.21462e-14
127	6.92098e-13
128	6.44832e-13
129	3.94554e-13
130	3.36531e-13
131	2.41065e-13
132	4.18015e-13
133	4.27519e-13
134	3.72361e-14
135	3.73435e-14
136	3.71682e-14
137	3.08781e-13
138	1.19528e-13
139	1.39504e-13
140	5.84117e-14
141	1.32911e-13
142	1.32928e-13
143	1.44311e-13
144	1.08775e-13
145	2.29983e-14
146	2.54798e-14
147	2.10405e-14
148	8.07493e-14
149	3.3868e-14
150	6.03223e-15
151	8.34017e-15
152	2.64936e-14
153	1.17027e-14
154	1.32078e-14
155	1.33359e-14
156	3.55071e-14
157	1.60887e-14
158	4.14276e-14
159	1.14351e-14
160	1.92185e-14
161	2.34842e-14
162	4.81024e-15
163	2.867e-14
164	1.86956e-15
165	2.67327e-14
166	2.13086e-14
167	4.01755e-15
168	2.55399e-14
169	1.01598e-14
170	5.29644e-15
171	1.57207e-14
172	2.30902e-14
173	1.784e-14
174	1.10972e-14
175	1.27981e-14
176	1.79784e-14
177	9.38626e-15
178	1.87827e-14
179	1.804e-14
180	1.59655e-14
181	2.19647e-14
182	1.5064e-14
183	1.6015e-14
184	1.9662e-14
185	1.36784e-14
186	1.47804e-14
187	1.58968e-14
188	1.59221e-14
189	1.721e-14
190	1.73479e-14
191	1.66959e-14
192	1.66531e-14
193	1.64155e-14
194	1.42253e-14
195	1.78619e-14
196	1.84531e-14
197	1.6614e-14
198	1.60989e-14
199	1.66191e-14
200	1.71712e-14
