0	1.53399e-16
1	2.49793e-07
2	7.94096e-08
3	1.43756e-07
4	8.26886e-08
5	1.09446e-07
6	2.0291e-08
7	4.17417e-08
8	1.66766e-08
9	8.01387e-09
10	6.34352e-09
11	1.1369e-08
12	1.31496e-08
13	3.49848e-09
14	4.29537e-09
15	1.95173e-09
16	3.24465e-09
17	1.10013e-09
18	1.70303e-09
19	8.66828e-10
20	6.13209e-10
21	6.74528e-10
22	2.68551e-10
23	4.81843e-10
24	2.76175e-10
25	3.35339e-11
26	1.73489e-10
27	7.82419e-11
28	1.20609e-11
29	2.35651e-11
30	5.46553e-11
31	2.09838e-11
32	1.43208e-11
33	7.50857e-12
34	8.58334e-12
35	1.99582e-12
36	8.25718e-12
37	5.47672e-12
38	2.14656e-13
39	2.78475e-12
40	2.58321e-13
41	2.22329e-12
42	4.52271e-13
43	9.78511e-14
44	8.66634e-13
45	5.5274e-13
46	1.32865e-14
47	2.32789e-13
48	2.48417e-13
49	9.78237e-14
50	7.75614e-15
51	8.73995e-14
52	3.78711e-15
53	3.47044e-14
54	2.41984e-14
55	1.02341e-14
56	1.43474e-14
57	6.19082e-15
58	7.67925e-15
59	6.40485e-15
60	2.95078e-15
61	1.9041e-15
62	1.14548e-15
63	5.20183e-16
64	1.4063e-15
65	2.47206e-15
66	2.50502e-15
67	6.35741e-16
68	2.22263e-15
69	2.0308e-15
70	5.71894e-16
71	1.10567e-15
72	2.39155e-15
73	1.00387e-15
74	1.59449e-15
75	1.24652e-15
76	1.13557e-15
77	2.03557e-15
78	2.03352e-15
79	9.69178e-16
80	1.30946e-15
81	2.27197e-15
82	2.48464e-15
83	2.04562e-15
84	3.86046e-15
85	1.51863e-15
86	8.80992e-17
87	2.07599e-15
88	8.96435e-16
89	2.518e-15
90	2.58078e-15
91	3.23969e-15
92	2.31938e-15
93	3.77365e-15
94	1.52592e-15
95	3.39765e-16
96	2.38603e-15
97	3.03734e-15
98	2.3388e-15
99	3.69089e-15
100	3.90516e-15
101	2.84998e-15
102	3.64469e-15
103	2.39016e-15
104	2.18036e-15
105	3.95087e-15
106	2.39452e-15
107	3.9291e-15
108	3.76719e-15
109	1.66497e-15
110	2.48013e-15
111	1.48482e-15
112	3.87535e-15
113	3.00132e-15
114	3.26226e-15
115	2.31635e-15
116	2.39035e-15
117	3.79911e-15
118	4.04152e-15
119	1.86765e-15
120	2.04279e-15
121	5.02771e-15
122	2.47259e-15
123	4.00362e-15
124	4.54477e-15
125	3.82991e-15
126	3.61265e-15
127	4.56866e-15
128	3.75802e-15
129	4.61409e-15
130	2.8966e-15
131	4.32959e-15
132	3.87572e-15
133	2.14582e-15
134	3.64419e-15
135	3.3686e-15
136	4.13156e-15
137	5.39388e-15
138	5.50529e-15
139	4.46527e-15
140	3.80921e-15
141	1.85559e-15
142	6.38247e-15
143	3.30377e-15
144	4.55633e-15
145	4.88243e-15
146	2.45955e-15
147	5.00334e-15
148	3.66851e-15
149	4.22651e-15
150	4.48901e-15
151	3.81467e-15
152	4.1355e-15
153	3.56828e-15
154	6.70377e-15
155	4.29856e-15
156	2.70436e-15
157	3.72936e-15
158	5.23272e-15
159	5.72862e-15
160	4.91388e-15
161	2.22767e-15
162	6.64296e-15
163	4.2165e-15
164	4.54146e-15
165	4.66401e-15
166	2.58426e-15
167	4.97836e-15
168	6.2229e-15
169	4.25992e-15
170	4.70255e-15
171	4.36962e-15
172	5.49927e-15
173	5.30608e-15
174	5.09302e-15
175	4.20575e-15
176	4.06863e-15
177	4.68543e-15
178	5.37583e-15
179	2.8574e-15
180	5.41467e-15
181	5.07244e-15
182	5.5013e-15
183	6.03106e-15
184	7.0591e-15
185	6.25449e-15
186	5.16828e-15
187	4.92956e-15
188	7.29286e-15
189	6.37663e-15
190	6.11957e-15
191	4.75659e-15
192	5.41052e-15
193	4.47707e-15
194	4.26823e-15
195	4.82777e-15
196	7.57414e-15
197	4.90704e-15
198	4.1968e-15
199	9.89809e-15
200	6.73496e-15
