0	1.59158e-16
1	1.29301e-16
2	4.39404e-17
3	5.99973e-17
4	2.7008e-07
5	9.20443e-08
6	2.39433e-07
7	7.36449e-08
8	9.99256e-08
9	2.95592e-08
10	4.90628e-09
11	9.34516e-08
12	1.15212e-07
13	4.18714e-08
14	4.52752e-09
15	1.02065e-07
16	6.25233e-08
17	4.94342e-08
18	1.42851e-08
19	3.76903e-08
20	5.75357e-08
21	2.17782e-08
22	4.39567e-09
23	1.70926e-08
24	3.43815e-08
25	1.45073e-08
26	1.18548e-08
27	2.89349e-09
28	2.40173e-08
29	1.91369e-08
30	1.87001e-08
31	7.66699e-09
32	1.39599e-08
33	1.44671e-08
34	1.23052e-09
35	7.12046e-10
36	8.39625e-09
37	1.03219e-09
38	1.62153e-09
39	1.45227e-09
40	4.70149e-09
41	4.0302e-09
42	4.90424e-09
43	1.73264e-09
44	2.8474e-09
45	4.18263e-09
46	9.16957e-10
47	2.93626e-09
48	1.53436e-09
49	1.89521e-09
50	1.40758e-09
51	1.55401e-09
52	1.17034e-10
53	1.74497e-09
54	7.17714e-10
55	1.4251e-09
56	7.18501e-10
57	2.48756e-10
58	4.33057e-10
59	5.41264e-10
60	6.41813e-10
61	1.14407e-11
62	4.37691e-10
63	5.49311e-10
64	3.30577e-10
65	7.01214e-11
66	2.35937e-10
67	3.46228e-10
68	3.79349e-10
69	2.89834e-10
70	1.40268e-10
71	1.74559e-10
72	1.52742e-10
73	1.13431e-10
74	2.15249e-10
75	1.20779e-11
76	1.29887e-12
77	5.69654e-11
78	8.02944e-11
79	8.29217e-11
80	1.1369e-10
81	7.07737e-12
82	2.55787e-11
83	9.03287e-12
84	6.516e-11
85	5.81371e-11
86	2.46003e-12
87	5.87985e-12
88	2.08224e-11
89	3.93182e-11
90	1.84794e-11
91	3.25849e-11
92	2.59459e-12
93	1.93467e-11
94	8.91432e-12
95	5.04804e-13
96	8.08095e-12
97	1.15918e-11
98	7.21636e-12
99	4.28354e-12
100	1.04486e-11
101	8.06456e-12
102	6.46979e-12
103	4.26303e-12
104	1.92523e-12
105	2.27348e-12
106	4.62788e-12
107	2.7247e-12
108	2.21514e-12
109	5.47376e-12
110	2.47548e-12
111	4.41722e-12
112	1.73197e-12
113	8.38437e-13
114	2.20046e-12
115	1.92346e-13
116	1.79759e-12
117	5.0281e-13
118	2.14987e-13
119	1.58918e-12
120	6.42479e-13
121	4.78545e-13
122	1.1286e-12
123	2.82422e-13
124	1.10866e-12
125	4.90343e-13
126	6.21188e-14
127	6.92002e-13
128	6.44712e-13
129	3.94637e-13
130	3.36562e-13
131	2.41123e-13
132	4.18072e-13
133	4.27509e-13
134	3.71224e-14
135	3.7134e-14
136	3.72501e-14
137	3.08747e-13
138	1.1942e-13
139	1.3951e-13
140	5.84523e-14
141	1.33013e-13
142	1.32984e-13
143	1.44467e-13
144	1.08866e-13
145	2.29329e-14
146	2.53656e-14
147	2.10032e-14
148	8.09053e-14
149	3.38522e-14
150	5.83835e-15
151	8.46721e-15
152	2.64468e-14
153	1.1637e-14
154	1.32509e-14
155	1.32212e-14
156	3.55409e-14
157	1.59925e-14
158	4.14433e-14
159	1.13945e-14
160	1.93121e-14
161	2.33e-14
162	4.81403e-15
163	2.87059e-14
164	1.84971e-15
165	2.6692e-14
166	2.13546e-14
167	4.1317e-15
168	1.18566e-15
169	9.99543e-15
170	5.25988e-15
171	2.13359e-15
172	6.98377e-15
173	1.78048e-14
174	1.13359e-14
175	1.28523e-14
176	1.79251e-14
177	1.64212e-17
178	1.02239e-14
179	1.01699e-14
180	1.59704e-14
181	2.82276e-14
182	9.11707e-15
183	5.88791e-15
184	5.94133e-15
185	3.00661e-14
186	4.05192e-15
187	9.44156e-15
188	1.57483e-14
189	1.72044e-14
190	7.48602e-15
191	2.09022e-14
192	3.45693e-14
193	1.27787e-14
194	1.42426e-14
195	1.21132e-14
196	2.37533e-14
197	3.67388e-14
198	1.29348e-14
199	1.56091e-14
200	5.94728e-15
