0	9.44964e-17
1	1.56768e-16
2	9.25701e-17
3	4.40881e-17
4	9.9063e-17
5	1.30151e-16
6	1.55997e-17
7	1.16147e-16
8	1.26101e-16
9	1.20889e-17
10	1.28667e-16
11	4.03796e-17
12	1.33324e-16
13	9.77876e-18
14	2.08572e-16
15	1.21197e-16
16	9.27356e-17
17	9.75806e-17
18	3.44827e-17
19	1.29427e-16
20	1.00042e-16
21	9.27159e-18
22	2.91746e-17
23	1.96748e-16
24	5.58539e-17
25	2.63728e-17
26	1.53014e-17
27	7.97873e-17
28	3.87496e-15
29	6.03162e-17
30	1.5036e-16
31	1.79654e-15
32	2.66633e-16
33	1.60606e-15
34	2.69214e-15
35	1.75415e-15
36	2.22929e-15
37	4.41056e-16
38	2.50457e-16
39	1.59497e-15
40	2.06536e-15
41	2.77963e-16
42	4.30111e-15
43	4.77533e-16
44	1.08999e-15
45	1.59661e-15
46	3.82715e-15
47	4.59035e-16
48	1.15322e-15
49	2.85022e-15
50	6.93948e-15
51	1.48431e-15
52	1.43965e-15
53	1.1778e-15
54	6.78244e-15
55	3.6154e-17
56	4.39521e-15
57	8.17508e-16
58	4.06343e-15
59	2.72446e-15
60	2.7175e-15
61	3.52478e-15
62	7.07795e-15
63	9.3645e-16
64	4.04136e-15
65	6.10708e-15
66	4.76962e-16
67	2.7265e-15
68	1.89263e-15
69	7.58069e-15
70	9.02864e-15
71	6.18086e-15
72	1.98764e-15
73	8.10794e-15
74	6.57876e-15
75	8.32533e-15
76	8.10909e-15
77	1.22435e-16
78	4.21878e-15
79	3.37932e-15
80	4.72467e-15
81	8.35626e-15
82	1.26303e-16
83	3.66872e-15
84	4.22007e-15
85	1.66046e-15
86	4.87596e-15
87	4.54419e-15
88	3.57473e-15
89	7.54288e-15
90	2.54634e-15
91	1.23665e-14
92	2.80022e-15
93	5.14927e-15
94	3.69686e-18
95	1.03408e-15
96	7.42083e-16
97	8.01207e-15
98	4.71488e-15
99	5.91962e-15
100	3.43407e-15
101	6.42458e-15
102	1.13224e-14
103	7.04131e-15
104	1.17072e-14
105	5.58571e-15
106	4.05559e-16
107	5.87295e-15
108	2.64445e-15
109	9.55106e-15
110	1.32441e-14
111	6.24721e-15
112	3.12854e-16
113	6.69716e-15
114	3.61764e-15
115	8.52028e-15
116	4.08964e-15
117	2.82395e-15
118	1.65347e-15
119	4.48205e-15
120	1.46328e-15
121	3.25398e-15
122	5.11033e-15
123	1.09463e-14
124	4.98269e-15
125	7.02331e-15
126	4.86737e-15
127	3.40011e-15
128	8.90525e-15
129	1.10397e-14
130	3.2125e-15
131	3.9629e-15
132	6.50125e-15
133	4.08197e-15
134	5.25917e-15
135	1.29984e-14
136	7.64406e-15
137	7.30683e-16
138	2.32387e-14
139	4.21749e-15
140	2.0169e-15
141	9.68149e-15
142	5.73386e-15
143	4.58286e-16
144	7.33086e-15
145	2.03662e-14
146	1.07405e-14
147	7.8681e-15
148	7.79038e-15
149	1.32782e-14
150	1.05627e-15
151	9.88279e-15
152	1.75412e-14
153	1.27441e-14
154	2.23298e-15
155	1.03543e-14
156	5.53578e-15
157	8.76528e-15
158	1.197e-14
159	8.91522e-15
160	3.06326e-15
161	1.11835e-14
162	3.52591e-15
163	1.12907e-14
164	2.16519e-15
165	4.50117e-15
166	5.68524e-15
167	2.0652e-14
168	7.67019e-15
169	4.70824e-15
170	2.07897e-15
171	1.02005e-14
172	5.08191e-15
173	6.17311e-16
174	1.269e-14
175	1.48631e-14
176	4.69486e-15
177	3.32835e-15
178	1.70468e-14
179	1.15484e-14
180	6.08015e-15
181	2.30677e-15
182	5.25672e-15
183	4.46239e-16
184	5.89815e-15
185	2.31059e-14
186	5.1712e-15
187	1.2424e-14
188	1.29499e-14
189	1.68985e-14
190	1.57941e-14
191	1.1308e-14
192	2.2205e-15
193	3.84426e-15
194	1.44745e-14
195	5.06242e-15
196	4.69322e-15
197	1.24806e-14
198	5.60686e-15
199	1.56496e-14
200	2.88374e-15
