0	0.000000
1	0.801802
2	2.246490
3	4.849531
4	9.539696
5	17.990442
6	33.217014
7	60.652277
8	110.085183
9	199.153483
10	359.636906
11	648.796228
12	1169.804014
13	2108.556781
14	3800.003209
15	6847.654431
16	12338.917894
17	22233.086295
18	40060.416748
19	72181.732879
20	130057.978160
21	234339.501190
22	422234.137279
23	760783.031134
24	1370781.038079
25	2469876.546088
26	4450228.812771
27	8018431.095083
28	14447624.396546
29	26031756.471253
30	46904066.515772
31	84511832.361751
32	152273572.624776
33	274366798.323920
34	494354592.376433
35	890728996.074655
36	1604917110.846221
37	2891742542.867068
38	5210346924.886617
39	9388012478.075020
40	16915337799.135101
41	30478086125.369556
42	54915470496.963013
43	98946793689.023605
44	178282511152.196899
45	321229749824.578064
46	578792342027.068481
47	1042869084734.260010
48	1879043395918.381592
49	3385663776430.315430
50	6100295092668.105469
51	10991522689492.769531
52	19804545386474.402344
53	35683865561215.656250
54	64295253263452.617188
55	115847303177392.953125
56	208733879598906.093750
57	376097080358390.750000
58	677652397042143.125000
59	1220995309985854.000000
60	2199991549524056.500000
61	3963948737881220.500000
62	7142249978164288.000000
63	12868918879575296.000000
64	23187241224460012.000000
65	41778813017045296.000000
66	75277140571252496.000000
67	135634487515769920.000000
68	244386463992379424.000000
69	440335971157445120.000000
70	793398146229620352.000000
71	1429546209422740992.000000
72	2575758935896829952.000000
73	4641007091705992192.000000
74	8362174940010881024.000000
75	15066981873893289984.000000
76	27147715088096116736.000000
77	48914801960533581824.000000
78	88134778307267362816.000000
79	158801402355437502464.000000
80	286128652892678979584.000000
81	515547122329159598080.000000
82	928913733926410256384.000000
83	1673718439507022577664.000000
84	3015708900012667174912.000000
85	5433709729752508530688.000000
86	9790467981536082788352.000000
87	17640482849614641233920.000000
88	31784653783089664753664.000000
89	57269646456016716431360.000000
90	103188552173003684708352.000000
91	185925319230635527634944.000000
92	335000575190335280381952.000000
93	603604639982590969774080.000000
94	1087575927896557951647744.000000
95	1959596266480286774067200.000000
96	3530804083748279190290432.000000
97	6361809159906737256398848.000000
98	11462719207039154832539648.000000
99	20653548120791347703578624.000000
100	37213600217642344592179200.000000
101	67051531923679615073124352.000000
102	120813571033656352275693568.000000
103	217682109970553075069353984.000000
104	392220017964958308359995392.000000
105	706702735071999061873655808.000000
106	1273338261390986819342958592.000000
107	2294303173677463559764705280.000000
108	4133879592211622716248162304.000000
109	7448431697678636406571794432.000000
110	13420597653475035588946034688.000000
111	24181257033288663009691959296.000000
112	43569832492411522192460742656.000000
113	78504202689031193098333454336.000000
114	141449013854106365999515172864.000000
115	254863088025421045815335452672.000000
116	459212771216967600468941340672.000000
117	827410398589133280267370233856.000000
118	1490829547007445772023095099392.000000
119	2686179363977421803007504285696.000000
120	4839962817977353835650832400384.000000
121	8720653726085176681012641398784.000000
122	15712889596549858886517216247808.000000
123	28311512786576274076788164919296.000000
124	51011734750589085587468214861824.000000
125	91913035586645070921190718046208.000000
126	165609073129088849430900105019392.000000
127	298394726358726375313328364847104.000000
128	537648155601310515678098847956992.000000
129	968735415497839287344415056592896.000000
130	1745469217113217589706152650735616.000000
131	3144989580384167491610825031942144.000000
132	5666647892584076627538284143181824.000000
133	10210176383034306533411618541273088.000000
134	18396714203665401514204457307471872.000000
135	33147232799397755219415957401239552.000000
136	59724743782697496822152940853657600.000000
137	107612150959816139859134958771634176.000000
138	193895767495165565067525965121323008.000000
139	349361743234534125787621514285154304.000000
140	629480618440598999856399131298758656.000000
141	1134199312505582182812981155759915008.000000
142	2043602364874911678838726734337015808.000000
143	3682166423198032142278342974696849408.000000
144	6634534095852392775772853216873545728.000000
145	11954115488022446874352818127967879168.000000
146	21538946825265759726298283917168345088.000000
147	38808913198676079615004133486581776384.000000
148	69925969727345194033703700161957462016.000000
149	125992738247470286351826998464748716032.000000
150	227013942788229612248738707131861041152.000000
151	409034131149960987005205862983168688128.000000
152	736998434504439998144131264146049073152.000000
153	1327925107215214251846371810325355823104.000000
154	2392657850838192447852165848188560867328.000000
155	4311095226735532494092378459569121132544.000000
156	7767739147271209592104153550262246572032.000000
157	13995926391479757470486462993774686502912.000000
158	25217885390053401635536762354863618129920.000000
159	45437631333429623942889451738199186472960.000000
160	81869606006179025564207128170107974451200.000000
161	147512803614739550016409058771707715649536.000000
162	265788835341870312579456063039921136336896.000000
163	478898802417787496209097349704859026194432.000000
164	862880725077096414004512638936863242977280.000000
165	1554740045183961308540008413724247368663040.000000
166	2801333414745797343595799978445720493490176.000000
167	5047447594136607835507810504848581735743488.000000
168	9094500169615567562504560610861483990974464.000000
169	16386486792100502952858873649016697297829888.000000
170	29525201427207251197760878364716454580846592.000000
171	53198561130104214898733586471643680469942272.000000
172	95853263297481924711451813281965781624553472.000000
173	172708582517988693288836283545434066564153344.000000
174	311186635167548270048468497217830893603782656.000000
175	560696639941530453734720745016024175457861632.000000
176	1010264216110850437764406931040382992611540992.000000
177	1820295884884425372934602607624852534563176448.000000
178	3279812405197159236729562609303685004064194560.000000
179	5909571901256148376237452557850208429676691456.000000
180	10647877299560684166775297657082907077801672704.000000
181	19185364503712767910018749580599036752452124672.000000
182	34568224331014439523688724099750052671369773056.000000
183	62285088884710406653198469555643609436842360832.000000
184	112225385377856220374633716693809167870784962560.000000
185	202207901581721125605668961141095596937332129792.000000
186	364338561408512762794339084104269317954470936576.000000
187	656465876411743491665425978053643996244666744832.000000
188	1182821398940051195895723645769100601546055352320.000000
189	2131209727819983172246908192870891353422914650112.000000
190	3840017527603478751950158982021571748809131687936.000000
191	6918950500186354027012444605068389285946770587648.000000
192	12466577477813408583511012067240076360375664115712.000000
193	22462301761825967235523975684991486703801133432832.000000
194	40472615787073775358614833636070079829020944367616.000000
195	72923632048781310778378923539061656361235113836544.000000
196	131393931619426318449188936980606274954100683571200.000000
197	236745822737703323945373017170683554802574825619456.000000
198	426569049977844910668542540261470349144629914370048.000000
199	768592882842975019116036577469581336551475837403136.000000
200	1384852041158493456855291777939734260792790830022656.000000
