0	5.7929e-17
1	5.53144e-17
2	2.23577e-17
3	6.23513e-17
4	6.15536e-17
5	1.37393e-16
6	2.80387e-17
7	2.36972e-17
8	2.34538e-18
9	1.56712e-16
10	3.96453e-17
11	2.23434e-17
12	1.18582e-17
13	6.02893e-17
14	1.25377e-16
15	1.63244e-16
16	1.79301e-16
17	9.93137e-17
18	1.22278e-16
19	9.10536e-17
20	1.06176e-16
21	5.82303e-17
22	4.71317e-18
23	9.34112e-17
24	1.48652e-16
25	1.8892e-16
26	3.19942e-17
27	5.71667e-17
28	3.93718e-17
29	4.54703e-17
30	1.92509e-15
31	1.74273e-15
32	1.60328e-15
33	4.32711e-15
34	8.85307e-16
35	2.12689e-15
36	1.83745e-15
37	1.67322e-15
38	1.84269e-16
39	2.45585e-15
40	2.86973e-15
41	4.16599e-16
42	4.99986e-15
43	1.02842e-15
44	2.78856e-15
45	1.97801e-15
46	7.5931e-15
47	1.1151e-16
48	9.44471e-15
49	3.87251e-15
50	1.52126e-16
51	2.56464e-15
52	1.23401e-16
53	3.39622e-15
54	4.56325e-15
55	2.53035e-15
56	2.51779e-16
57	7.59028e-16
58	5.77195e-16
59	4.19069e-16
60	9.64799e-16
61	6.49411e-15
62	1.15738e-15
63	8.86412e-16
64	1.72994e-16
65	5.70492e-15
66	4.4371e-15
67	5.53183e-15
68	2.24383e-15
69	4.30735e-15
70	8.1129e-15
71	3.81061e-16
72	1.26441e-15
73	3.61013e-15
74	7.68836e-16
75	3.42809e-15
76	6.16646e-15
77	3.97127e-15
78	5.27299e-15
79	1.25799e-15
80	3.12327e-15
81	2.61745e-15
82	1.4184e-15
83	8.18141e-16
84	8.78907e-15
85	9.41805e-15
86	6.06581e-15
87	7.51531e-15
88	4.55283e-15
89	2.47481e-15
90	1.57015e-15
91	9.37529e-15
92	5.50253e-15
93	6.07855e-15
94	4.56438e-15
95	3.05845e-16
96	1.11335e-14
97	1.05193e-14
98	2.22885e-15
99	3.03743e-15
100	8.45703e-15
101	1.54252e-15
102	6.04447e-15
103	1.52267e-15
104	8.31692e-15
105	7.0337e-15
106	9.50068e-16
107	8.96235e-15
108	7.66668e-15
109	1.36039e-15
110	3.2798e-15
111	5.28893e-15
112	9.002e-15
113	7.74942e-15
114	6.24093e-15
115	2.5761e-15
116	9.04815e-15
117	4.17734e-15
118	1.44489e-14
119	1.12934e-15
120	6.70709e-15
121	3.23506e-15
122	5.9022e-16
123	2.29402e-15
124	6.26724e-15
125	6.83266e-15
126	1.69924e-15
127	1.37869e-14
128	7.57468e-15
129	5.15361e-15
130	1.45969e-14
131	5.57397e-17
132	1.55034e-14
133	7.25054e-15
134	1.27174e-15
135	8.63528e-15
136	3.31715e-15
137	3.68349e-15
138	1.37095e-15
139	1.24169e-15
140	1.60244e-14
141	1.3689e-15
142	1.79978e-16
143	2.31088e-14
144	4.0341e-15
145	2.81204e-15
146	1.41117e-15
147	3.31805e-15
148	2.86342e-14
149	1.86565e-14
150	1.31194e-14
151	6.15516e-15
152	2.67064e-14
153	1.95895e-14
154	1.76198e-14
155	6.37599e-15
156	5.92734e-15
157	8.28467e-15
158	2.50702e-15
159	1.50599e-14
160	3.45547e-15
161	1.17575e-14
162	2.17719e-15
163	1.03465e-14
164	6.58968e-15
165	8.96458e-16
166	1.60221e-14
167	9.03279e-15
168	1.91771e-15
169	5.61562e-15
170	8.8899e-16
171	1.40576e-14
172	3.47761e-15
173	3.44576e-15
174	4.77572e-15
175	7.24677e-15
176	5.86218e-15
177	2.09629e-15
178	9.79686e-15
179	6.12151e-15
180	2.3937e-15
181	7.2264e-15
182	1.19163e-14
183	6.23613e-15
184	3.41386e-15
185	1.31306e-14
186	1.75529e-14
187	4.94795e-15
188	9.62182e-15
189	2.24887e-14
190	9.25777e-15
191	1.02937e-14
192	5.9123e-15
193	1.44478e-15
194	3.57466e-15
195	2.22973e-14
196	1.34077e-14
197	9.53204e-16
198	2.1849e-14
199	3.40523e-15
200	1.64015e-14
