0	7.5632e-17
1	1.64073e-16
2	3.1248e-17
3	9.45356e-17
4	1.27273e-16
5	1.20885e-16
6	1.31667e-17
7	9.00921e-17
8	1.53571e-17
9	1.16385e-16
10	6.01091e-17
11	1.08991e-16
12	3.00058e-17
13	2.6929e-17
14	4.87263e-17
15	9.69032e-17
16	2.82858e-17
17	9.95404e-17
18	8.65821e-17
19	1.46082e-16
20	9.26431e-18
21	2.17416e-17
22	6.12816e-17
23	6.52487e-17
24	3.12312e-17
25	1.21204e-17
26	1.54515e-16
27	1.67444e-16
28	1.07569e-16
29	3.25806e-17
30	8.82316e-16
31	4.87319e-16
32	8.77171e-16
33	6.17981e-16
34	3.82993e-16
35	4.28317e-18
36	6.44467e-16
37	4.46977e-16
38	2.66085e-16
39	5.66893e-16
40	4.96974e-16
41	1.59122e-16
42	6.87174e-16
43	3.36486e-16
44	8.76235e-16
45	3.10213e-16
46	1.32671e-16
47	7.44926e-16
48	8.06227e-16
49	5.60628e-16
50	9.27676e-16
51	1.36945e-15
52	1.19226e-15
53	4.6088e-16
54	2.11599e-17
55	9.79804e-18
56	9.49125e-16
57	1.59225e-16
58	1.37977e-15
59	1.31552e-15
60	1.54454e-16
61	5.73004e-17
62	8.7492e-16
63	4.48411e-17
64	6.69713e-16
65	7.85343e-16
66	2.3257e-16
67	9.08327e-16
68	7.2775e-16
69	1.57442e-16
70	6.95464e-16
71	4.25178e-16
72	8.01871e-16
73	2.35514e-16
74	1.80114e-16
75	1.52755e-15
76	1.35245e-16
77	1.01566e-15
78	4.33202e-17
79	3.99534e-16
80	3.72649e-16
81	1.82542e-16
82	1.79495e-16
83	1.01822e-16
84	1.91332e-16
85	1.9884e-15
86	1.70909e-17
87	2.63255e-15
88	2.29292e-15
89	9.18446e-16
90	1.09489e-15
91	1.06442e-15
92	2.39e-16
93	1.31139e-15
94	3.0495e-16
95	8.17623e-17
96	2.59617e-15
97	9.97062e-16
98	7.08597e-16
99	1.91583e-15
100	3.5191e-16
101	9.56658e-17
102	6.38835e-16
103	5.47176e-16
104	1.5102e-17
105	6.0667e-17
106	2.08531e-15
107	4.42238e-16
108	4.08404e-16
109	1.01727e-15
110	3.06144e-17
111	4.00094e-16
112	8.74773e-16
113	4.77696e-16
114	1.01032e-15
115	7.51763e-17
116	1.71623e-16
117	1.0263e-15
118	8.32962e-17
119	1.15741e-15
120	2.81033e-16
121	2.66382e-16
122	1.60226e-15
123	9.6157e-16
124	1.55679e-16
125	8.47316e-16
126	1.94573e-15
127	6.94413e-16
128	5.76593e-16
129	1.18424e-15
130	2.03021e-16
131	8.20905e-16
132	4.52083e-16
133	2.07857e-15
134	8.3776e-16
135	2.23913e-15
136	5.99013e-16
137	9.45995e-16
138	1.03474e-15
139	1.27265e-15
140	1.14978e-16
141	2.49469e-15
142	3.0727e-15
143	1.38846e-15
144	1.55271e-16
145	9.59413e-17
146	2.85197e-15
147	3.03295e-16
148	1.82941e-15
149	3.83634e-16
150	3.12545e-16
151	8.68099e-17
152	8.48194e-16
153	5.32495e-16
154	4.70481e-16
155	1.04325e-16
156	1.96716e-15
157	6.8419e-16
158	7.38513e-16
159	4.3075e-16
160	1.30881e-15
161	1.71214e-15
162	1.47618e-15
163	1.08971e-15
164	7.02024e-16
165	5.40858e-16
166	2.0599e-15
167	1.51228e-15
168	1.28232e-15
169	1.53286e-15
170	2.14491e-15
171	2.0206e-15
172	8.31174e-16
173	6.62906e-16
174	1.2883e-15
175	1.46982e-15
176	7.21312e-16
177	1.70788e-15
178	8.10992e-16
179	2.17372e-15
180	1.23477e-15
181	7.03436e-16
182	1.14763e-15
183	2.87728e-15
184	1.42827e-15
185	1.74194e-15
186	1.12215e-16
187	1.35777e-15
188	2.47757e-16
189	7.93322e-17
190	9.35592e-16
191	2.19998e-16
192	7.06511e-16
193	7.49039e-16
194	4.29726e-16
195	7.3051e-16
196	4.03154e-16
197	6.00631e-16
198	8.35914e-17
199	7.31907e-16
200	1.41025e-15
