0	0	0
1	2.49793e-07	0
2	7.94096e-08	1.32349e-23
3	1.43756e-07	2.64698e-23
4	8.26886e-08	0
5	1.14333e-07	1.32349e-23
6	2.0291e-08	3.30872e-24
7	4.17417e-08	1.32349e-23
8	1.07817e-07	2.64698e-23
9	1.27101e-07	0
10	1.06497e-07	1.32349e-23
11	6.28697e-08	2.64698e-23
12	4.06643e-08	1.32349e-23
13	3.72919e-08	0
14	2.59404e-08	0
15	6.91885e-08	2.64698e-23
16	2.9579e-07	0
17	2.63659e-07	0
18	3.02928e-07	0
19	3.50972e-07	1.05879e-22
20	1.53582e-07	0
21	1.25216e-07	5.29396e-23
22	1.6094e-07	5.29396e-23
23	1.27126e-07	5.29396e-23
24	1.06264e-07	0
25	7.96522e-08	3.97047e-23
26	7.25513e-08	2.64698e-23
27	4.21633e-08	1.98523e-23
28	4.56982e-08	1.32349e-23
29	6.18594e-08	2.64698e-23
30	1.27139e-07	0
31	1.03209e-07	1.32349e-23
32	5.68836e-07	1.05879e-22
33	5.364e-07	0
34	5.24794e-07	1.05879e-22
35	5.74758e-07	0
36	6.41224e-07	1.05879e-22
37	6.4921e-07	1.05879e-22
38	7.10719e-07	0
39	7.34828e-07	0
40	2.76638e-07	1.05879e-22
41	2.5123e-07	1.05879e-22
42	2.18474e-07	5.29396e-23
43	2.88285e-07	0
44	3.40371e-07	0
45	3.17434e-07	1.05879e-22
46	2.55789e-07	0
47	2.64645e-07	0
48	1.80184e-07	0
49	2.69519e-07	0
50	1.79834e-07	2.64698e-23
51	1.05081e-07	1.32349e-23
52	1.06027e-07	0
53	1.70586e-07	5.29396e-23
54	1.01973e-07	2.64698e-23
55	8.02734e-08	2.64698e-23
56	8.97736e-08	2.64698e-23
57	1.06476e-07	3.97047e-23
58	1.52716e-07	2.64698e-23
59	1.13575e-07	1.32349e-23
60	2.60554e-07	0
61	1.88211e-07	5.29396e-23
62	1.98081e-07	0
63	1.67329e-07	7.94093e-23
64	1.17159e-06	0
65	1.05889e-06	0
66	1.05615e-06	4.23516e-22
67	1.05287e-06	2.11758e-22
68	1.09203e-06	2.11758e-22
69	1.11103e-06	2.11758e-22
70	1.18761e-06	2.11758e-22
71	1.11282e-06	4.23516e-22
72	1.29007e-06	2.11758e-22
73	1.30789e-06	4.23516e-22
74	1.29404e-06	4.23516e-22
75	1.29603e-06	4.23516e-22
76	1.42841e-06	4.23516e-22
77	1.48599e-06	6.35275e-22
78	1.50111e-06	4.23516e-22
79	1.52522e-06	6.35275e-22
80	5.72018e-07	0
81	5.17559e-07	0
82	5.46145e-07	1.05879e-22
83	4.46469e-07	5.29396e-23
84	4.08996e-07	1.58819e-22
85	3.99969e-07	1.05879e-22
86	6.08767e-07	1.05879e-22
87	6.51524e-07	1.05879e-22
88	7.12205e-07	0
89	6.37605e-07	3.17637e-22
90	6.62869e-07	1.05879e-22
91	6.67132e-07	0
92	4.91018e-07	0
93	5.60502e-07	2.11758e-22
94	4.97093e-07	0
95	4.71952e-07	1.05879e-22
96	3.36407e-07	1.05879e-22
97	3.21008e-07	1.05879e-22
98	5.60503e-07	1.05879e-22
99	4.93606e-07	2.11758e-22
100	3.90654e-07	1.58819e-22
101	3.65465e-07	1.05879e-22
102	1.80747e-07	2.64698e-23
103	1.95043e-07	0
104	2.17074e-07	0
105	1.9517e-07	5.29396e-23
106	3.10245e-07	1.05879e-22
107	3.28596e-07	1.58819e-22
108	1.97851e-07	2.64698e-23
109	1.82656e-07	0
110	1.58934e-07	2.64698e-23
111	1.59791e-07	5.29396e-23
112	1.4852e-07	2.64698e-23
113	1.8551e-07	0
114	2.15406e-07	2.64698e-23
115	2.40508e-07	5.29396e-23
116	2.85424e-07	5.29396e-23
117	3.51028e-07	1.58819e-22
118	2.02107e-07	5.29396e-23
119	2.58514e-07	5.29396e-23
120	5.2444e-07	1.05879e-22
121	5.65113e-07	2.11758e-22
122	3.75008e-07	0
123	4.15246e-07	5.29396e-23
124	3.94764e-07	0
125	3.95255e-07	1.58819e-22
126	3.18521e-07	1.58819e-22
127	2.60521e-07	0
128	2.30418e-06	4.23516e-22
129	2.37436e-06	0
130	2.08443e-06	4.23516e-22
131	2.15167e-06	0
132	2.07194e-06	4.23516e-22
133	2.08805e-06	4.23516e-22
134	2.10526e-06	4.23516e-22
135	2.15885e-06	0
136	2.17016e-06	4.23516e-22
137	2.19633e-06	0
138	2.20204e-06	0
139	2.14936e-06	4.23516e-22
140	2.35291e-06	1.27055e-21
141	2.34427e-06	8.47033e-22
142	2.20583e-06	0
143	2.17616e-06	8.47033e-22
144	2.59078e-06	4.23516e-22
145	2.63232e-06	0
146	2.62458e-06	0
147	2.60717e-06	8.47033e-22
148	2.61632e-06	8.47033e-22
149	2.59598e-06	8.47033e-22
150	2.60386e-06	8.47033e-22
151	2.53948e-06	8.47033e-22
152	2.89312e-06	8.47033e-22
153	2.90239e-06	0
154	2.94985e-06	0
155	2.96604e-06	8.47033e-22
156	3.03384e-06	4.23516e-22
157	3.03858e-06	0
158	3.09224e-06	0
159	3.06679e-06	8.47033e-22
160	1.14374e-06	0
161	1.11783e-06	0
162	1.00532e-06	0
163	1.01975e-06	0
164	1.09356e-06	0
165	1.1206e-06	4.23516e-22
166	8.95443e-07	4.23516e-22
167	8.62583e-07	1.05879e-22
168	7.8157e-07	4.23516e-22
169	8.53847e-07	2.11758e-22
170	7.58762e-07	2.11758e-22
171	8.06164e-07	4.23516e-22
172	1.18572e-06	4.23516e-22
173	1.23585e-06	2.11758e-22
174	1.335e-06	0
175	1.35698e-06	4.23516e-22
176	1.37961e-06	0
177	1.42967e-06	4.23516e-22
178	1.25303e-06	6.35275e-22
179	1.28778e-06	0
180	1.35321e-06	0
181	1.28678e-06	4.23516e-22
182	1.37022e-06	4.23516e-22
183	1.33506e-06	4.23516e-22
184	9.9622e-07	2.11758e-22
185	9.278e-07	1.05879e-22
186	1.07665e-06	4.23516e-22
187	1.11769e-06	2.11758e-22
188	9.99549e-07	0
189	9.74394e-07	0
190	8.96639e-07	5.29396e-22
191	1.00669e-06	0
192	6.51331e-07	1.05879e-22
193	6.14457e-07	1.05879e-22
194	6.10049e-07	0
195	6.6565e-07	3.17637e-22
196	1.14318e-06	4.23516e-22
197	1.16069e-06	0
198	1.02223e-06	2.11758e-22
199	9.97966e-07	0
200	7.95157e-07	2.11758e-22
