          36.194
          32.628
          32.184
          30.578
          28.427
       -3003.992
          27.951
          28.674
          27.963
          28.357
          29.251
          26.184
          26.200
          35.563
          30.927
          27.013
          27.232
          26.981
          28.602
          28.334
          42.027
          27.418
          26.338
          28.094
          29.101
       -3001.774
          27.796
          26.385
          28.339
          27.999
          26.791
          27.310
          26.465
          28.014
          28.058
          28.288
          28.577
          26.957
          27.343
          27.762
          30.773
          26.878
          27.571
          27.432
          29.100
          27.310
          26.835
          26.713
          27.044
          26.315
          27.862
          28.827
          41.766
          28.774
          28.121
          31.510
          27.572
          29.114
          27.068
          26.766
          28.278
          27.626
          29.247
          26.146
          27.027
          28.435
          28.248
          39.331
          31.573
          26.717
          28.692
          28.747
          27.560
          27.335
          27.648
          27.104
          27.863
          29.293
          28.883
          27.598
          26.393
          26.674
          29.126
          28.425
          28.029
          28.729
          27.381
       -3002.221
          29.224
          27.832
          26.784
          26.643
          26.519
          28.296
          27.791
          45.455
          28.792
          29.065
          30.948
          27.654
          28.173
