          37.399
       -2993.983
          35.087
          34.971
          35.151
          33.556
          36.345
          35.819
          33.074
          33.770
          33.104
          33.073
          35.119
          35.328
          36.533
          36.006
          39.353
          36.185
          36.092
          39.104
          36.603
          34.756
          34.487
          34.913
          36.156
          37.138
          35.377
          36.845
          37.986
          36.862
          36.175
          37.273
          36.671
          37.808
          46.739
          43.920
          34.890
          33.870
          35.421
          35.339
          34.958
          34.615
          34.342
          36.616
          35.840
          34.986
          33.909
          35.225
          35.115
          34.468
          34.443
          35.182
          35.449
          35.222
          35.219
          37.570
          35.129
          33.815
          33.533
          35.142
          34.526
          34.578
          34.668
          35.883
          35.224
          34.728
       -2996.320
          34.030
          34.206
          34.624
          34.964
          35.243
          35.315
          35.293
          35.372
          35.303
          32.927
          34.081
          46.962
          35.505
          34.525
          35.354
          33.571
          35.656
          35.310
          38.028
          45.393
          35.881
          34.990
          33.706
          36.829
          35.055
          34.701
          33.398
          34.792
          34.934
          34.937
          34.448
          35.325
          34.206
          35.378
