0.00000000000000000
0.00000026653041292
0.00000066375418901
0.00000080028513990
0.00000064708516092
0.00000174448319688
0.00000020094020022
0.00000030873204132
0.00000155638067575
0.00000119653313810
0.00000126369190516
0.00000215000364757
0.00000221035999744
0.00000337176447121
0.00000334405037619
0.00000413130541476
0.00000145568871995
0.00000396358508957
0.00000474454698024
0.00000526757813107
0.00000255007318507
0.00000059591121621
0.00000774939203725
0.00000602385127495
0.00000460340372365
0.00000756206680050
0.00000140571368877
0.00000738019780577
0.00000171922476978
0.00000067160843418
0.00000593997596370
0.00000396385400304
0.00000296548577182
0.00000647498555174
0.00000204176558744
0.00000923816232890
0.00000889198352517
0.00000523373357344
0.00001065638659961
0.00000895982261934
0.00001103834458845
0.00000211798817884
0.00000397800463441
0.00000395084903056
0.00000282088384287
0.00001105352506676
0.00001226513700818
0.00000115199879863
0.00001102516416320
0.00001734604675532
0.00001677627364730
0.00001423078973223
0.00001274314867853
0.00000743016530913
0.00001428871864328
0.00000303729583850
0.00000495434679717
0.00000007366891087
0.00001240168590750
0.00002045826034220
