0.00000000000000000
0.00000026653041292
0.00000038704310546
0.00000027860075994
0.00000112881580487
0.00000139849901444
0.00000141232699496
0.00000191494340919
0.00000166453053098
0.00000026444032534
0.00000352304915531
0.00000296135110996
0.00000286591838049
0.00000188080548579
0.00000224504788260
0.00000048831065416
0.00000538034634679
0.00000142672651577
0.00000349192239931
0.00000453150201715
0.00000539160919561
0.00000258927227445
0.00000360782278198
0.00000817211574607
0.00000380227899549
0.00000487697654222
0.00000140571368877
0.00000726889981681
0.00000561607673450
0.00000667818102023
0.00000065186447004
0.00000823658052387
0.00000845687696878
0.00001143395640775
0.00000204176558744
0.00000812746469931
0.00000225644424096
0.00000476497458244
0.00000352323757945
0.00000501548504343
0.00000920675012601
0.00001080009706292
0.00000967506177584
0.00000688220783916
0.00001101194794569
0.00001275460783318
0.00001054707058246
0.00000109030209995
0.00000291620736740
0.00001698801760323
0.00000127070590033
0.00000974304025449
0.00001354893628701
0.00000685143989390
0.00001408089520277
0.00001658273639435
0.00000163781864583
0.00001572968543049
0.00001345146692920
0.00000334327446500
