0.00000000000000000
0.00000013810430249
0.00000011033202191
0.00000027860075994
0.00000080766204223
0.00000053353855832
0.00000187824499294
0.00000050950846230
0.00000188083024143
0.00000247816075564
0.00000025953312731
0.00000208239135904
0.00000068072377033
0.00000345023599676
0.00000072335212225
0.00000367593106968
0.00000037640787257
0.00000364647776785
0.00000223929781837
0.00000520623845491
0.00000109626406340
0.00000266046374081
0.00000437478005147
0.00000321458235118
0.00000148791866969
0.00000334263925178
0.00000729440708963
0.00000381866215891
0.00000070004810208
0.00000067160843418
0.00000788822756663
0.00000186497079983
0.00001039501503830
0.00000073301929741
0.00000888376118148
0.00000206911399246
0.00000943588018781
0.00000898380550143
0.00001027763532420
0.00000365536863794
0.00000202689983324
0.00000803760787253
0.00001103555303350
0.00000257677458902
0.00000370907151667
0.00000648186513202
0.00000104043636012
0.00001244249465706
0.00000597368288057
0.00001390896689533
0.00001392201490780
0.00001348283148594
0.00000495386846321
0.00000675498565803
0.00001335351316099
0.00001434382059999
0.00000127601557478
0.00001540487180975
0.00001744063481162
0.00001367258312216
