0.00000000000000000
0.00000013810430249
0.00000011033202191
0.00000012954807996
0.00000008506607631
0.00000105251483199
0.00000150551059456
0.00000040912025181
0.00000112378125484
0.00000049746352853
0.00000207957091215
0.00000215000364757
0.00000344863694320
0.00000258704921572
0.00000131512269572
0.00000422238028377
0.00000390859973673
0.00000332937044612
0.00000485842194215
0.00000342738784626
0.00000519336249720
0.00000045352828348
0.00000284086551248
0.00000643697905786
0.00000843099964709
0.00000420570397766
0.00000161233450986
0.00000448645009270
0.00000351777183042
0.00000661359421823
0.00000385256353200
0.00001033546372709
0.00000199641673706
0.00000195101213924
0.00000785277554402
0.00000974302488780
0.00000334423756624
0.00000980413373568
0.00000087197865160
0.00000834777023687
0.00001059876191747
0.00001103688185067
0.00000236242126595
0.00000816467731793
0.00000864344748223
0.00000105966381406
0.00000573648459043
0.00000269441626563
0.00000830002294494
0.00001276327360867
0.00000111642164414
0.00000841333670553
0.00000656544368017
0.00001225287710267
0.00001875692261421
0.00000516426584314
0.00000302473041821
0.00001624938722367
0.00000127400707758
0.00001781938586774
