0.00000000000000000
0.00000026653041292
0.00000011033202191
0.00000094933781988
0.00000080766204223
0.00000027405042149
0.00000057367459860
0.00000131261414624
0.00000209712995188
0.00000236164915404
0.00000258165030108
0.00000093298245398
0.00000140912197372
0.00000297940684347
0.00000376674364296
0.00000394915567673
0.00000096510651660
0.00000417498997072
0.00000417517217073
0.00000373408622706
0.00000182316862423
0.00000579288826090
0.00000575530313656
0.00000040531342742
0.00000050876622416
0.00000238367844525
0.00000378185313122
0.00000548813199338
0.00000345782026173
0.00000164041046419
0.00000816654922419
0.00000846146086707
0.00000070432469072
0.00001152095589645
0.00000550962636798
0.00000227105901602
0.00000454081022405
0.00000851504651043
0.00000939388234825
0.00000025507762422
0.00001133139970244
0.00000811653613511
0.00001197089077313
0.00000532492347209
0.00000864344748223
0.00001190406644997
0.00001237967476989
0.00000923426632570
0.00001248743506080
0.00001376575523450
0.00001376773065161
0.00000317762898150
0.00001650349085145
0.00001138478897983
0.00000680707478498
0.00000068643425443
0.00000302473041821
0.00001611946177537
0.00000533316036145
0.00001563288987462
