0.00000000000000000
0.00000013810430249
0.00000011033202191
0.00000057670611992
0.00000048650827960
0.00000122550692321
0.00000150551059456
0.00000060989667279
0.00000209712995188
0.00000154606794288
0.00000126369190516
0.00000370508628382
0.00000213752017710
0.00000125303328140
0.00000359766633625
0.00000404023054574
0.00000420294905874
0.00000396358508957
0.00000611104652308
0.00000232327367537
0.00000519336249720
0.00000358595280357
0.00000629217322521
0.00000478446792623
0.00000059778008285
0.00000516466478418
0.00000161233450986
0.00000626721791613
0.00000105975751421
0.00000667818102023
0.00001025396165590
0.00000418873434624
0.00000635722739347
0.00000812797583707
0.00000897748714852
0.00001156053009986
0.00000225644424096
0.00000464778483469
0.00000731075033351
0.00001025193320455
0.00000092794315577
0.00000503833389439
0.00000788941700017
0.00001530986441391
0.00000282088384287
0.00000286706425338
0.00001215059924646
0.00001225740456102
0.00001674131403564
0.00001469663102991
0.00000481924379267
0.00000134928660168
0.00001498144759098
0.00000009964338295
0.00001408089520277
0.00001557522428689
0.00001550693636961
0.00001969241160350
0.00001457123335233
0.00000153376053965
