-nan
0.00000009536742969
0.00000038146972727
0.00000025431315625
0.00000019073485582
0.00000022888184475
0.00000019073485357
0.00000130789620962
0.00000085830688139
0.00000016954211001
0.00000137329100156
0.00000083229756727
0.00000006357826656
0.00000046950117809
0.00000043596537560
0.00000152587893448
0.00000057220455982
0.00000044878788200
0.00000025431318404
0.00000112433185991
0.00000228881832399
0.00000101725256776
0.00000006935809477
0.00000079611069551
0.00000120798750641
0.00000079345707093
0.00000070425176681
0.00000045211229483
0.00000010899136770
0.00000252559266359
0.00000203450520739
0.00000009844380682
0.00000076293943980
0.00000018495499913
0.00000044878793952
0.00000061035153083
0.00000127156579231
0.00000140215895268
0.00000208804486620
0.00000054775145399
0.00000213623052488
0.00000260515904792
0.00000174386167143
0.00000482603567854
0.00000055486498512
0.00000013563360540
0.00000099513833865
0.00000194793060025
0.00000127156583988
0.00000018684240264
0.00000067138680913
0.00000239353544615
0.00000340388361840
0.00000264869555793
0.00000011302796671
0.00000077681118228
0.00000087193090853
0.00000074955465754
0.00000168372855745
0.00000093104464517
0.00000305175792562
0.00000190109514573
0.00000009844368360
0.00000116257428620
0.00000295639050112
0.00000028170084306
0.00000009247738596
0.00000127536159894
0.00000278248519090
0.00000061919736534
0.00000052315861158
0.00000249298512446
0.00000084771037131
0.00000117053737662
0.00000247439836109
0.00000366210923903
0.00000265021059474
0.00000015853301172
0.00000031300066180
0.00000355394594756
0.00000038146958488
0.00000180844921681
0.00000052103167787
0.00000073536347309
0.00000065394795692
0.00000093347900702
0.00000326467100059
0.00000385854450921
0.00000187266941729
0.00000130299756735
0.00000528971339046
0.00000207921976056
0.00000139319393683
0.00000347834776791
0.00000389586088279
0.00000102796068153
0.00000222523991565
0.00000062922825825
0.00000062280787426
0.00000117138162849
0.00000238037125257
0.00000078560118054
0.00000257305086482
0.00000035554444543
0.00000046950134578
0.00000069754477668
0.00000172741020653
0.00000365070104890
0.00000022605623910
0.00000000000009554
0.00000033291894769
0.00000186954524915
0.00000087193087219
0.00000248461692013
0.00000235574292427
0.00000010614805472
0.00000126279637110
0.00000250400643707
0.00000072414590273
0.00000071806065068
0.00000233968099299
0.00000110973011777
0.00000130074922000
0.00000009924413765
0.00000295331403813
0.00000087890621689
0.00000009688124046
0.00000009611840321
0.00001010894780755
0.00000179793489555
0.00000187800474088
0.00000372733771301
0.00000850793095079
0.00000431376283711
0.00000127536138191
0.00000162760426469
0.00000376981837028
0.00000400960869488
0.00000229987556856
0.00000043910196490
0.00000680106039486
0.00000883061848362
0.00000318070518768
0.00000119509411195
0.00000288221586055
0.00000117860975981
0.00000058526878074
0.00000199298485814
0.00000024743999194
0.00000139274870615
0.00000040690122084
0.00000307196831315
0.00000642475310069
0.00000031913787840
0.00000055486525496
0.00000086630564628
0.00000516451342841
0.00000684215785505
0.00000108163546423
0.00000399223685573
0.00000358581565450
0.00000053074071820
0.00000587745925747
0.00000277092096657
0.00000357278987566
0.00000096176634405
0.00000080889991071
0.00000409337549499
0.00000072660874556
0.00000303369981269
0.00000646254569079
0.00000035693046944
0.00000184524863730
0.00000515094409852
0.00000287636971238
0.00000397600474779
0.00000513250148851
0.00000324141478711
0.00000411472992889
0.00000313700214664
0.00000054253502311
0.00000316978189956
0.00000482915552736
0.00000080046075471
0.00000039805505273
0.00000303526214167
0.00000400338153692
0.00000554865089186
0.00000454517153690
0.00000361689781828
0.00000462582203550
0.00000741369403579
0.00000050862664101
0.00000246670545475
0.00000484505913992
0.00000394380974845
0.00000124561578425
0.00000061964590294
0.00000419231411885
0.00000116549508698
0.00000128173864300
0.00000103243584333
0.00000392800547237
0.00000240532672453
0.00000490674822789
0.00000262004610682
0.00000047405984372
0.00000495357751828
0.00000046950081910
0.00000338759680366
0.00000116257401693
0.00000127277142111
0.00000080612509794
0.00000034385964003
0.00000022816920600
0.00000170330628608
0.00000090422493936
0.00000101256439949
0.00000190384850357
0.00000000000040927
0.00000122070353655
0.00000000000041380
0.00000813802124937
0.00000361284291135
0.00000185285337803
0.00000065104124406
0.00000313277750665
0.00000053775425372
0.00000010707965051
0.00000277190186146
0.00000095533331363
0.00000105688625777
0.00000042093167477
0.00000230519088997
0.00000532101318046
0.00000374002615242
0.00000020689928005
0.00000144218135444
0.00000923220805920
0.00000388173333548
0.00000681559199488
0.00000020260587286
0.00000141238332418
0.00000361689768947
0.00000460265066653
0.00000308912673787
0.00000267959268979
0.00000118610783362
0.00000423308388511
0.00000029414580087
0.00000273437452870
0.00000048633543333
0.00000445653569303
0.00000511440882630
0.00000394085308647
0.00000296798358874
0.00000019073438171
0.00000569978064517
0.00000369049830466
0.00000452461438614
0.00000187800529585
0.00000018708142847
0.00000158411806779
0.00000556974859182
0.00000369910087333
0.00000451429785296
0.00000321237614708
0.00000713219753451
0.00000337059768024
0.00000363034336392
0.00000307436392969
0.00000090088842039
0.00000188490873039
0.00000160971891481
0.00000044551259910
0.00000017755732932
0.00000035382648017
0.00000123392322245
0.00000096602457119
0.00000017501171756
0.00000252859984861
0.00000112947568143
0.00000251066652280
0.00000733284510482
0.00000257894974033
0.00000171326701875
0.00000204873304394
0.00000382798836594
0.00000322129938408
0.00000135164306818
0.00000227303287343
0.00000151014872892
0.00000543463773467
0.00000124986721650
0.00000099649288382
0.00000198622827542
0.00000395903770156
0.00000846682921525
0.00000548906720141
0.00000212296249963
0.00000113932346100
0.00000324439423326
0.00000776076213616
0.00000249780782664
0.00000843248814330
0.00000280161427983
0.00000630297747143
0.00000715721646689
0.00000459745388174
0.00000316039588516
0.00000015750952453
0.00000282606455529
0.00000266050736928
0.00000124800375439
0.00000163278818004
0.00000031001927955
0.00000355394524414
0.00000046209525627
0.00000790770005400
0.00000688798058176
0.00000083923283128
0.00000083661953240
0.00000121312054873
0.00000090702342347
0.00000218520986922
0.00000172776499550
0.00000718941660446
0.00000156787499891
0.00000007443369288
0.00000356192951467
0.00000162760474420
0.00000494181987612
0.00000110304441294
0.00000095310095852
0.00000160811248270
0.00000000000058248
0.00000116257382131
0.00000804142769867
0.00000426162570899
0.00000727380564523
0.00000710879996418
0.00000264903376273
0.00000057108977046
0.00000277594355658
0.00000042582726255
0.00000339673972240
0.00000776169557764
0.00000218108279958
0.00000427947706740
0.00000090940574394
0.00000083705297493
0.00000660779529113
0.00000076293885485
0.00000594790131303
0.00000765525748563
0.00000378245978642
0.00000027431470722
0.00000068386789955
0.00000313700304763
0.00000115609706279
0.00000244140685519
0.00000500454406156
0.00000681165892870
0.00000295928091074
0.00000241457700135
0.00000856164322626
0.00000073375536659
0.00000046566392844
0.00000039805597866
0.00000913046301099
0.00000211148587307
0.00000032903110613
0.00001246954743607
0.00000078543962384
0.00000000000061658
0.00000390624938264
0.00000012986265272
0.00000012951819186
0.00000452112330487
0.00000012883472335
0.00000070672224063
0.00000525446952239
0.00000089475559456
0.00000420712241831
0.00000317891376381
0.00000393161463479
0.00000645138501689
0.00000006308480639
0.00000239106860396
0.00000182007086955
0.00000444461074961
0.00000118636046403
0.00000037368400007
0.00000285762626688
0.00000024785913399
0.00000154519319696
0.00000086312278886
0.00000584215664741
0.00000196294033274
0.00000146851440266
0.00000231933530188
0.00000864537937696
0.00000376535228590
0.00000351368577673
0.00000368628235245
0.00000048225244742
0.00000631398232071
0.00000647842508751
0.00000652238370337
0.00000590951699251
0.00000083365155261
0.00000748460372977
0.00000402950484395
0.00000709367494106
0.00000471769264005
0.00000400037709249
0.00000387338433956
0.00000327862766452
0.00000303715554434
0.00000699209481821
0.00000453403964241
0.00000765476491318
0.00000115706508985
0.00000773400612123
0.00000529739042302
0.00000367647107530
0.00000458480094686
0.00000080046153331
0.00000547605094372
0.00000580474258147
0.00001021984055538
0.00001098916081247
0.00000226056176281
0.00000180427210647
0.00000618789642687
0.00000123473380317
0.00000279977742665
0.00000491633257816
0.00000033443884770
0.00000088980673364
0.00000088778443734
0.00000487174002541
0.00000320365493178
0.00000143287983413
0.00000252938516414
0.00000186534440279
0.00000799204707264
0.00000524328887464
0.00000185285323287
0.00000630741899847
0.00000846354192456
0.00000454718655784
0.00000626555562218
0.00000097009496658
0.00000838897279406
0.00000461452631398
0.00000942297169786
0.00000758598898378
0.00000692975592128
0.00000574448511262
0.00000689962653190
0.00001165096274628
0.00001268263002683
0.00000105460328025
0.00000126279647655
0.00000210013454082
0.00000083825094883
0.00000167291208950
0.00000302567430434
0.00000510144599559
0.00000093500655683
0.00000031100708141
0.00000041379759319
0.00000402599769002
0.00000339942636342
0.00000544819084232
0.00000687286637913
0.00000204730080120
0.00000623120426608
0.00000265037841451
0.00000111897785018
0.00000111665151408
0.00000162085062165
0.00000950278208281
0.00000181592201992
0.00000191285440470
0.00000261220424880
0.00000210552493543
0.00001150662786310
0.00001527751145025
0.00000956632659075
0.00000318228112649
0.00000267959230029
0.00000237702847948
0.00000691896517008
0.00000473484858113
0.00000275642651471
0.00000353684618699
0.00000068633922404
0.00001115512262082
0.00000419921888169
0.00000126699739418
0.00000019453450821
0.00000698931396270
0.00000590975338373
0.00000599473993260
0.00000550040160608
0.00000250400623015
0.00001201479472431
0.00000537205285149
0.00001254212642593
0.00000401327075512
0.00000467300393652
0.00000475907673127
0.00000180493046346
0.00000948118908657
0.00000946281516290
0.00000670560299286
0.00000461887694272
0.00000799689934483
0.00000403771060309
0.00000346764008206
0.00000392869999211
0.00000308093303151
0.00000605692361038
0.00000799851220342
0.00001030403367788
0.00000324285429018
0.00001091234579979
0.00000710730709575
0.00000101341358493
0.00000800008794044
0.00000725079265552
0.00001071836925122
0.00000640069089801
0.00000337689800341
0.00000327950130003
0.00000100020405112
0.00000499172319533
0.00000471069070922
0.00000479239043771
0.00000117331948245
0.00000621612701779
0.00000206822669849
0.00000071806024647
0.00000304615783567
0.00000295115083918
0.00000053559229768
0.00000454422287323
0.00000240138364136
0.00000177556863227
0.00000638044510233
0.00000442283694742
0.00000971264645811
0.00000960697813591
0.00000193552975844
0.00000500576150103
0.00000412014650231
0.00000428777392141
0.00000393070723526
0.00000357491680201
0.00001366491250046
0.00000425725696868
0.00000147438335694
0.00000744542384517
0.00000423465208374
0.00000250179384990
0.00001093681161303
0.00000094561564829
0.00000000000055689
0.00000736704987630
0.00000324950801076
0.00000546328728633
0.00001619082621043
0.00000382798831000
0.00000093410384991
0.00000432332297338
0.00000600831407447
0.00001132001453354
0.00000649354969214
0.00000488281311532
0.00000874031779600
0.00000176184018756
0.00000050251866587
0.00000108692680404
0.00000208667264970
0.00000000000064627
0.00000274502301082
0.00000971580103909
0.00000638330260674
0.00000562764897163
0.00000594860473249
0.00000222695908031
0.00000708131255618
0.00000090422385048
0.00000172334489671
0.00000581677258373
0.00000932396286644
0.00000538905798055
0.00000008151677964
0.00000146484303392
0.00000804323451200
0.00000437993075262
0.00000331998786806
0.00000371869752616
0.00000605307260688
0.00000112804174674
0.00000635489675471
0.00000192742674136
0.00000986183729492
0.00000280161296553
0.00000631329198909
0.00000781888353480
0.00000127446904251
0.00000930438290810
0.00000555767197688
0.00000095119644829
0.00000253241411428
0.00000805901172350
0.00000441740791400
0.00000244140543967
0.00000345964089204
0.00000533812217093
0.00000219452329586
0.00000954652361064
0.00001031249916704
0.00000475801134307
0.00000319290853727
0.00000264356006129
0.00000131967990484
0.00000844803981938
0.00000255361120035
0.00000927116383870
0.00000007713850663
0.00000631531041535
0.00000592088987090
0.00000591158205284
0.00000789528640384
0.00000658184668042
0.00000328577277539
0.00000457763582005
0.00000007617582496
0.00000357464375788
0.00000303752035160
0.00000106148006255
0.00000113553871063
0.00000015116974150
0.00000716950923590
0.00000768590949732
0.00000534175267011
0.00001494891921005
0.00001020065189679
0.00000359470763984
0.00000807570922275
0.00000425566131330
0.00000119274713018
0.00000007443408288
0.00000252687501828
0.00000497186172590
0.00000666848346845
0.00001006155401200
0.00000110805223383
0.00000494182028731
0.00000434518858799
0.00000227962532006
0.00000888451497576
0.00000212614858145
0.00000819902447767
0.00000350860879794
0.00000634984483457
0.00000451842452881
0.00000123707721750
0.00000690278655740
0.00000000000103301
0.00000094178772425
0.00001273148252220
0.00000729532741291
0.00000627480969753
0.00000784995035163
0.00001057103631509
0.00000000000105983
0.00000602285348652
0.00000544125626398
0.00001136701485124
0.00000592505133075
0.00000641537516623
0.00000740251565963
0.00000483306149366
0.00000184524999969
0.00000496076851005
0.00001224241504646
0.00000494641029045
0.00000007056197881
0.00001085069555262
0.00000809111470227
0.00000758767874063
0.00001122485744092
0.00000763596328196
0.00000160894855133
0.00001264361922058
0.00000718471095491
0.00000104482322100
0.00000396467567561
0.00000708459396067
0.00000742131898721
0.00001897717313705
0.00000435718280414
0.00001063583036620
0.00001489671493989
0.00000964165962455
0.00000694597154249
0.00000267833714270
0.00000713219920940
0.00001294322084955
0.00000006838791229
0.00001126802766011
0.00001077492024908
0.00000435843912871
0.00000353629755024
0.00000156195791038
0.00002183702136636
0.00000345386303029
0.00000405773770986
0.00000148577852404
0.00000546281387326
0.00000720635897846
0.00000356458886092
0.00000893279438330
0.00000026828763092
0.00000113865188759
0.00000755832496221
0.00000013359144156
0.00000300173023887
0.00001025856798976
0.00001177463084758
0.00000830410163839
0.00000132685247882
0.00000000000125922
0.00000066162644758
0.00000627695914793
0.00000118771241752
0.00000263579749338
0.00000065805970857
0.00000506025111019
0.00000137821448725
0.00001140415139978
0.00000667623028043
0.00000359510831401
0.00000456947823270
0.00001179958824659
0.00000540364453287
0.00000468125701866
0.00000012986334125
0.00000071329397245
0.00000006475747362
0.00000252224883249
0.00000064587335030
0.00000161255234371
0.00000463802902961
0.00000701220634639
0.00000301963271484
0.00000577468103200
0.00000583117894488
0.00001177506687107
0.00000690240376141
0.00000568065902602
0.00000669314894444
0.00000496557338616
0.00001627604031140
0.00000082544158717
0.00000171215367129
0.00000664974601392
0.00000499666182691
0.00000416902353296
0.00001129229384708
0.00000365423524682
0.00000106968692664
0.00000282788230557
0.00000006275970154
0.00000125361178542
0.00000438201260830
0.00000550175917013
0.00000586936680531
0.00000367925706207
0.00000404824875760
0.00000721536483735
0.00000590161956909
0.00000750724525419
0.00000068161229516
0.00000346562245528
0.00000457377231536
0.00000104940486662
0.00000049321480825
0.00000677313066610
0.00000276733562920
0.00000429933319377
0.00000490735068176
0.00000918973350522
0.00000960653731197
0.00000378891438848
0.00000042724754030
0.00000438904639310
0.00000121765752554
0.00000924268514090
0.00000303657639526
0.00000024262276344
0.00001229790391322
0.00000665563188686
0.00000870204354744
0.00000718238326944
0.00001181519914366
0.00000066227888747
0.00000252559119347
0.00000570562198088
0.00000545867393509
0.00001126342173227
0.00000706092835116
0.00000334684971736
0.00000244737695320
0.00000661772972971
0.00000750285673170
0.00000368738430738
0.00000522734335434
0.00000284781438750
0.00000948118780999
0.00000189394090689
0.00000591139376291
0.00000141702086513
0.00000459974938513
0.00000082459889898
0.00000494164004050
0.00000470066338148
0.00000093900087301
0.00000128957679796
0.00000316153173749
0.00001181231133583
0.00000292034086338
0.00000140009114916
0.00000011653335861
0.00001024285017772
0.00000360397910385
0.00000894118020973
0.00000208766485752
0.00000162181353935
0.00000242983404347
0.00001248151043897
0.00000265495871700
0.00000057648474407
0.00000875220951430
0.00000678647831036
0.00000287224422251
0.00000172131892740
0.00000538714213194
0.00000744156494717
0.00001315043337667
0.00001610471332473
0.00000228168967402
0.00000763473440535
0.00001058511641229
0.00002250982087088
0.00001112826874938
0.00000136106431958
0.00000328541747935
0.00000260265627296
0.00000056513872677
0.00000079028340313
0.00000868305987603
0.00000191483004727
0.00000281267839329
0.00000011237611247
0.00000258171857689
0.00000156967728534
0.00000727942393253
0.00001062697041558
0.00000301684230715
0.00000212053734867
0.00000211811664809
0.00000000000163896
0.00000567251730182
0.00000655485472736
0.00000610351397922
0.00000576404488998
0.00001173646376919
0.00000287549381744
0.00000905861308011
0.00000375176719374
0.00001014037976308
0.00000935826355833
0.00000637844709753
0.00000604172691902
0.00000120698569139
0.00000306888494758
0.00001160489236762
0.00000426494093440
0.00000360475922906
0.00000447363994731
0.00000566755190455
0.00000947167473786
0.00000619866897130
0.00000282432037530
0.00000520833502337
0.00000780382738658
0.00000021653439946
0.00000324439199119
0.00000712977216325
0.00000895632076156
0.00000021557500787
0.00000010766780981
0.00000483979041834
0.00001213988415424
0.00001094608345337
0.00001093406799004
0.00000899465288957
0.00001101708140013
0.00000363272530418
0.00000405566767692
0.00000309173544842
0.00000670920974141
0.00000989328195698
0.00000138142509231
0.00001825747109367
0.00000636196894957
0.00000074142315502
0.00000095222605123
0.00000052844117062
0.00000242821120215
0.00000474571583760
0.00000684752736705
0.00000431455239988
0.00001177341402209
0.00000294018641916
0.00001321663358342
0.00000209562943932
0.00000565212846613
0.00000303215513354
0.00000846005839745
0.00000239967104486
0.00000552378111594
0.00001374267234463
0.00000062400336839
0.00000238945966323
0.00001380263504759
0.00000051834349911
0.00000082847117977
0.00000496557025305
0.00000310020019549
0.00000784553204186
0.00001175587202530
0.00000875609657629
0.00001111367407722
0.00000873766626623
0.00001067954604985
0.00001015542756278
0.00000286922695293
0.00000655136088312
0.00000214741672369
0.00000429033553894
0.00000153066403177
0.00000152906626518
0.00001924612045285
0.00000813802264511
0.00000477611393647
0.00001928761875942
0.00000547605321934
0.00001468895694617
0.00000495870931864
0.00000465029944217
0.00000363560161818
0.00000090795917518
0.00001007804254688
0.00000211420930484
0.00000382177062753
0.00000311455301746
0.00000050183251450
0.00000270710527746
0.00000160256594245
0.00001330766705687
0.00001159480368354
0.00000129808736728
0.00000309228351219
0.00001504703628781
0.00000039818877093
0.00000765736194565
0.00000486791258696
0.00000406900856033
0.00000902205135051
0.00000574448715405
0.00000118730816865
0.00001423330145866
0.00000878807321048
0.00001094933898832
0.00000916450998778
0.00000009844567110
0.00000078675917358
0.00000343859847785
0.00000431846546065
0.00000911850714886
0.00002341007209231
0.00000420763589935
0.00000342138825705
