0.00000000000000000
10.00000286102294922
20.00000190734863281
29.99999237060546875
40.00000000000000000
49.99998474121093750
59.99999237060546875
69.99997711181640625
79.99988555908203125
90.00010681152343750
100.00006866455078125
110.00004577636718750
119.99980163574218750
129.99993896484375000
139.99983215332031250
149.99980163574218750
159.99986267089843750
169.99980163574218750
179.99986267089843750
189.99977111816406250
200.00036621093750000
209.99963378906250000
220.00054931640625000
230.00013732910156250
239.99980163574218750
249.99972534179687500
260.00036621093750000
269.99960327148437500
279.99993896484375000
289.99972534179687500
300.00079345703125000
310.00051879882812500
319.99987792968750000
329.99972534179687500
340.00015258789062500
349.99978637695312500
359.99929809570312500
369.99987792968750000
379.99975585937500000
389.99969482421875000
400.00045776367187500
410.00030517578125000
419.99923706054687500
429.99948120117187500
439.99890136718750000
450.00064086914062500
459.99957275390625000
470.00012207031250000
480.00079345703125000
489.99942016601562500
499.99929809570312500
510.00027465820312500
520.00042724609375000
530.00018310546875000
539.99975585937500000
549.99902343750000000
559.99975585937500000
569.99951171875000000
580.00006103515625000
590.00000000000000000
599.99993896484375000
610.00091552734375000
619.99835205078125000
630.00134277343750000
640.00073242187500000
650.00054931640625000
660.00006103515625000
670.00152587890625000
679.99871826171875000
690.00085449218750000
699.99981689453125000
709.99737548828125000
720.00036621093750000
730.00036621093750000
740.00170898437500000
750.00030517578125000
760.00164794921875000
769.99517822265625000
779.99810791015625000
789.99914550781250000
800.00054931640625000
810.00280761718750000
819.99822998046875000
830.00097656250000000
839.99914550781250000
850.00018310546875000
859.99975585937500000
870.00079345703125000
880.00012207031250000
890.00109863281250000
900.00073242187500000
910.00299072265625000
920.00238037109375000
930.00012207031250000
939.99768066406250000
950.00183105468750000
959.99786376953125000
969.99859619140625000
980.00152587890625000
989.99475097656250000
1000.00091552734375000
1009.99761962890625000
1020.00000000000000000
1030.00305175781250000
1039.99914550781250000
1049.99731445312500000
1059.99914550781250000
1070.00402832031250000
1080.00048828125000000
1090.00354003906250000
1100.00402832031250000
1109.99719238281250000
1119.99963378906250000
1130.00390625000000000
1139.99755859375000000
1149.99890136718750000
1160.00463867187500000
1169.99304199218750000
1180.00183105468750000
1189.99560546875000000
1199.99731445312500000
1210.00415039062500000
1220.00476074218750000
1229.99975585937500000
1240.00317382812500000
1250.00000000000000000
1260.00903320312500000
1269.99914550781250000
1279.99536132812500000
1290.00195312500000000
1299.99743652343750000
1310.00305175781250000
1320.00134277343750000
1329.99108886718750000
1339.99951171875000000
1349.99731445312500000
1359.99645996093750000
1369.99926757812500000
1380.00000000000000000
1389.99865722656250000
1400.00585937500000000
1410.00292968750000000
1419.99230957031250000
1429.99951171875000000
1439.99816894531250000
1450.00219726562500000
1459.99670410156250000
1469.99951171875000000
1480.00073242187500000
1489.99536132812500000
1499.99768066406250000
1509.99865722656250000
1520.00109863281250000
1529.99890136718750000
1539.99780273437500000
1550.00219726562500000
1560.00292968750000000
1569.99560546875000000
1579.99536132812500000
1589.99719238281250000
1599.99243164062500000
1609.98815917968750000
1619.99206542968750000
1630.00659179687500000
1640.00000000000000000
1649.99096679687500000
1659.99291992187500000
1670.00695800781250000
1680.00256347656250000
1690.00305175781250000
1700.00073242187500000
1709.99780273437500000
1719.99780273437500000
1729.99267578125000000
1740.00146484375000000
1750.00219726562500000
1759.99780273437500000
1769.99841308593750000
1779.99987792968750000
1790.00512695312500000
1800.00463867187500000
1809.99633789062500000
1819.99768066406250000
1830.00268554687500000
1840.00305175781250000
1850.01293945312500000
1860.01745605468750000
1870.00708007812500000
1880.00634765625000000
1889.99853515625000000
1899.99609375000000000
1910.00207519531250000
1919.99853515625000000
1929.99816894531250000
1939.99414062500000000
1950.00390625000000000
1960.00561523437500000
1970.00439453125000000
1979.99243164062500000
1990.00317382812500000
1999.99572753906250000
2010.00292968750000000
2019.98376464843750000
2029.99450683593750000
2040.00317382812500000
2050.00146484375000000
2060.00195312500000000
2070.00610351562500000
2080.00073242187500000
2089.98779296875000000
2100.00781250000000000
2110.00390625000000000
2119.99584960937500000
2130.00415039062500000
2140.00000000000000000
2150.00048828125000000
2160.00024414062500000
2170.00244140625000000
2180.00463867187500000
2189.99975585937500000
2200.01025390625000000
2210.00561523437500000
2220.00512695312500000
2230.01098632812500000
2240.00683593750000000
2249.99975585937500000
2259.99072265625000000
2269.99072265625000000
2280.00146484375000000
2289.99389648437500000
2300.00781250000000000
2309.99902343750000000
2320.00854492187500000
2330.00634765625000000
2340.00585937500000000
2350.01367187500000000
2360.00292968750000000
2370.00073242187500000
2380.01000976562500000
2390.00830078125000000
2400.01147460937500000
2410.00512695312500000
2420.02343750000000000
2430.00585937500000000
2439.99536132812500000
2449.97875976562500000
2460.00659179687500000
2469.99584960937500000
2479.98168945312500000
2490.01562500000000000
2499.97729492187500000
2510.01367187500000000
2519.98852539062500000
2529.99169921875000000
2539.98730468750000000
2550.00195312500000000
2560.00683593750000000
2569.98681640625000000
2580.01684570312500000
2590.01660156250000000
2600.01831054687500000
2610.01318359375000000
2620.01611328125000000
2630.01757812500000000
2639.99633789062500000
2649.99389648437500000
2659.99877929687500000
2670.00195312500000000
2680.01660156250000000
2690.00585937500000000
2699.99267578125000000
2709.99243164062500000
2720.00854492187500000
2729.99682617187500000
2739.98559570312500000
2750.00732421875000000
2760.00000000000000000
2769.98852539062500000
2780.00927734375000000
2789.99707031250000000
2800.00708007812500000
2809.99682617187500000
2820.00610351562500000
2829.98876953125000000
2840.00146484375000000
2850.01611328125000000
2859.99975585937500000
2869.99291992187500000
2879.98144531250000000
2889.99926757812500000
2900.01464843750000000
2910.02441406250000000
2920.02026367187500000
2929.98828125000000000
2939.99609375000000000
2950.01000976562500000
2960.00366210937500000
2970.00732421875000000
2980.02075195312500000
2989.99072265625000000
2999.99926757812500000
3009.99780273437500000
3020.00927734375000000
3029.98632812500000000
3040.00122070312500000
3050.00048828125000000
3059.97827148437500000
3069.98144531250000000
3079.99731445312500000
3089.99218750000000000
3100.00610351562500000
3109.99975585937500000
3120.02563476562500000
3129.99707031250000000
3140.00195312500000000
3149.98364257812500000
3159.98486328125000000
3170.02001953125000000
3179.99731445312500000
3189.98388671875000000
3199.99072265625000000
3210.00659179687500000
3219.98364257812500000
3230.03515625000000000
3240.02075195312500000
3250.02246093750000000
3259.97534179687500000
3269.99682617187500000
3279.99682617187500000
3289.99902343750000000
3300.00463867187500000
3309.99755859375000000
3320.00781250000000000
3329.99804687500000000
3340.02465820312500000
3350.01025390625000000
3360.01660156250000000
3369.97314453125000000
3379.99096679687500000
3389.98779296875000000
3399.99096679687500000
3410.01269531250000000
3420.01245117187500000
3430.01538085937500000
3440.02734375000000000
3449.95825195312500000
3459.98339843750000000
3470.00170898437500000
3480.01391601562500000
3490.00878906250000000
3500.00732421875000000
3509.99438476562500000
3519.98510742187500000
3530.00366210937500000
3539.97827148437500000
3550.00634765625000000
3560.02099609375000000
3570.00976562500000000
3579.99023437500000000
3589.99560546875000000
3600.04223632812500000
3610.02978515625000000
3619.99291992187500000
3629.99536132812500000
3640.01708984375000000
3649.99414062500000000
3659.99316406250000000
3670.01586914062500000
3680.01513671875000000
3690.03564453125000000
3700.01391601562500000
3710.00415039062500000
3720.02636718750000000
3729.99169921875000000
3740.02343750000000000
3749.98828125000000000
3760.00048828125000000
3770.01538085937500000
3779.99609375000000000
3790.00830078125000000
3799.99340820312500000
3809.98144531250000000
3819.99633789062500000
3830.00585937500000000
3840.01757812500000000
3849.99218750000000000
3859.99682617187500000
3869.97363281250000000
3879.98388671875000000
3889.99926757812500000
3899.99511718750000000
3910.00732421875000000
3919.99951171875000000
3929.98657226562500000
3939.99877929687500000
3950.01831054687500000
3959.99462890625000000
3970.00878906250000000
3980.03173828125000000
3990.00952148437500000
4000.00170898437500000
4009.97998046875000000
4020.00585937500000000
4030.02294921875000000
4039.99780273437500000
4050.01269531250000000
4059.97607421875000000
4070.01245117187500000
4080.00292968750000000
4090.00561523437500000
4099.98779296875000000
4110.01464843750000000
4119.98242187500000000
4129.97851562500000000
4140.00097656250000000
4149.98925781250000000
4160.02148437500000000
4169.96435546875000000
4180.01513671875000000
4189.99267578125000000
4200.04345703125000000
4210.02734375000000000
4219.96435546875000000
4229.99511718750000000
4239.99218750000000000
4250.00830078125000000
4259.94335937500000000
4269.99902343750000000
4279.97656250000000000
4290.01513671875000000
4299.95996093750000000
4309.96533203125000000
4320.03857421875000000
4329.96728515625000000
4340.01953125000000000
4350.02343750000000000
4360.00292968750000000
4370.00830078125000000
4380.04345703125000000
4390.02929687500000000
4399.98876953125000000
4410.04003906250000000
4420.03613281250000000
4429.98193359375000000
4439.99169921875000000
4449.99169921875000000
4460.00781250000000000
4469.99902343750000000
4480.00976562500000000
4490.02001953125000000
4499.99414062500000000
4510.00830078125000000
4519.98242187500000000
4529.99853515625000000
4540.01708984375000000
4549.95898437500000000
4559.98779296875000000
4569.97656250000000000
4579.97900390625000000
4589.96240234375000000
4600.03857421875000000
4609.98632812500000000
4620.00000000000000000
4630.00585937500000000
4639.95947265625000000
4650.02001953125000000
4659.98095703125000000
4670.00439453125000000
4679.98779296875000000
4689.97851562500000000
4699.97412109375000000
4710.02783203125000000
4719.99951171875000000
4730.02783203125000000
4740.01904296875000000
4750.04296875000000000
4760.01416015625000000
4770.00488281250000000
4779.97802734375000000
4789.94433593750000000
4799.99658203125000000
4809.97753906250000000
4820.03320312500000000
4829.98632812500000000
4839.99951171875000000
4850.00146484375000000
4860.02294921875000000
4869.98828125000000000
4879.99609375000000000
4889.98144531250000000
4900.03955078125000000
4910.03173828125000000
4920.04736328125000000
4929.98291015625000000
4939.99755859375000000
4950.03564453125000000
4960.06201171875000000
4970.04833984375000000
4980.01269531250000000
4990.03076171875000000
4999.99707031250000000
5010.01513671875000000
5019.98242187500000000
5029.99218750000000000
5039.95458984375000000
5049.99023437500000000
5059.97851562500000000
5069.99414062500000000
5079.93457031250000000
5089.99804687500000000
5100.03027343750000000
5110.03857421875000000
5120.02539062500000000
5129.99218750000000000
5139.98193359375000000
5150.02050781250000000
5160.00048828125000000
5169.95556640625000000
5180.04150390625000000
5190.02392578125000000
5199.98291015625000000
5210.02539062500000000
5220.03222656250000000
5230.05126953125000000
5240.01464843750000000
5249.95800781250000000
5259.98974609375000000
5269.98242187500000000
5279.98583984375000000
5289.98779296875000000
5300.01074218750000000
5310.01513671875000000
5319.97070312500000000
5330.01171875000000000
5339.97851562500000000
5349.98486328125000000
5360.01904296875000000
5370.03662109375000000
5380.00000000000000000
5390.02832031250000000
5399.97070312500000000
5409.99707031250000000
5419.99414062500000000
5430.02050781250000000
5440.03271484375000000
5450.00878906250000000
5459.99560546875000000
5470.00146484375000000
5480.00439453125000000
5490.02539062500000000
5500.02929687500000000
5510.07226562500000000
5519.98437500000000000
5530.03662109375000000
5539.97412109375000000
5550.02880859375000000
5559.99316406250000000
5569.99267578125000000
5580.04541015625000000
5589.97265625000000000
5599.98681640625000000
5609.97802734375000000
5619.97998046875000000
5629.93164062500000000
5640.00195312500000000
5650.00732421875000000
5659.97558593750000000
5670.06347656250000000
5679.94042968750000000
5690.00292968750000000
5699.97314453125000000
5709.98535156250000000
5719.99853515625000000
5730.03125000000000000
5739.90527343750000000
5749.99560546875000000
5760.06396484375000000
5770.00195312500000000
5780.07910156250000000
5790.04736328125000000
5799.99365234375000000
5809.98730468750000000
5820.02197265625000000
5830.01220703125000000
5840.04345703125000000
5850.04687500000000000
5859.88476562500000000
5870.04492187500000000
5879.92919921875000000
5890.00195312500000000
5899.96630859375000000
5909.96777343750000000
5919.97021484375000000
5930.01025390625000000
5940.00439453125000000
5949.99169921875000000
5959.90722656250000000
5970.05126953125000000
5980.07714843750000000
5990.00097656250000000
6000.00244140625000000
6010.00292968750000000
6020.00927734375000000
6030.03417968750000000
6040.05078125000000000
6049.97460937500000000
6060.05224609375000000
6069.96679687500000000
6079.92236328125000000
6090.00000000000000000
6099.92431640625000000
6109.98925781250000000
6119.98583984375000000
6130.00292968750000000
6139.98632812500000000
6150.05371093750000000
6159.96777343750000000
6170.05371093750000000
6179.97656250000000000
6189.95166015625000000
6199.97363281250000000
6209.96142578125000000
6219.99414062500000000
6229.98291015625000000
6239.97363281250000000
6250.00244140625000000
6259.98876953125000000
6269.96337890625000000
6280.01464843750000000
6289.95019531250000000
6300.02832031250000000
6310.05224609375000000
6320.02392578125000000
6330.03369140625000000
6340.00097656250000000
6349.93115234375000000
6360.08203125000000000
6370.05908203125000000
6380.02050781250000000
6390.01806640625000000
6400.04931640625000000
6410.04785156250000000
6420.01562500000000000
6429.96289062500000000
6440.03222656250000000
6450.00878906250000000
6459.93554687500000000
6469.98144531250000000
6480.02197265625000000
6489.97167968750000000
6499.96923828125000000
6510.01269531250000000
6519.97900390625000000
6530.03613281250000000
6540.02685546875000000
6550.03076171875000000
6560.02001953125000000
6569.99755859375000000
6579.95410156250000000
6590.01220703125000000
6599.93212890625000000
6610.04687500000000000
6620.00585937500000000
6630.00878906250000000
6639.99365234375000000
6650.08447265625000000
6659.96435546875000000
6669.96777343750000000
6680.02636718750000000
6689.89501953125000000
6700.00390625000000000
6710.02050781250000000
6720.04101562500000000
6730.02050781250000000
6740.05712890625000000
6750.00439453125000000
6759.89941406250000000
6770.00244140625000000
6780.00244140625000000
6790.05664062500000000
6800.00000000000000000
6810.10107421875000000
6820.05859375000000000
6830.01464843750000000
6839.99169921875000000
6850.04394531250000000
6860.00292968750000000
6870.08935546875000000
6880.01269531250000000
6890.11279296875000000
6899.98779296875000000
6910.02050781250000000
6920.02392578125000000
6929.97167968750000000
6940.00927734375000000
6950.00537109375000000
6960.01464843750000000
6969.92382812500000000
6979.92431640625000000
6990.01464843750000000
6999.97753906250000000
7009.90136718750000000
7019.94433593750000000
7030.05371093750000000
7040.00146484375000000
7050.03515625000000000
7059.98681640625000000
7070.00244140625000000
7080.00146484375000000
7090.02587890625000000
7099.97119140625000000
7110.04833984375000000
7120.01708984375000000
7130.09375000000000000
7140.02246093750000000
7149.99316406250000000
7160.00048828125000000
7170.00195312500000000
7180.08105468750000000
7190.00439453125000000
7200.00195312500000000
7210.01708984375000000
7220.00976562500000000
7230.01074218750000000
7239.97509765625000000
7250.06250000000000000
7260.04492187500000000
7269.95458984375000000
7279.98046875000000000
7290.04736328125000000
7300.03759765625000000
7309.98193359375000000
7320.10205078125000000
7329.95019531250000000
7340.00439453125000000
7350.11181640625000000
7359.96044921875000000
7370.07519531250000000
7379.96533203125000000
7390.01171875000000000
7400.01416015625000000
7410.02587890625000000
7420.01220703125000000
7429.99072265625000000
7439.94531250000000000
7449.99121093750000000
7460.03662109375000000
7470.01171875000000000
7480.07373046875000000
7490.04931640625000000
7500.03564453125000000
7510.05712890625000000
7520.00000000000000000
7529.89306640625000000
7539.95019531250000000
7550.11425781250000000
7560.04687500000000000
7569.93310546875000000
7579.99951171875000000
7590.01562500000000000
7599.93408203125000000
7610.02783203125000000
7620.01025390625000000
7629.96289062500000000
7639.97070312500000000
7649.85937500000000000
7659.99218750000000000
7670.01660156250000000
7679.97802734375000000
7689.96435546875000000
7699.95947265625000000
7710.00195312500000000
7719.95751953125000000
7730.01318359375000000
7739.91503906250000000
7750.00976562500000000
7760.00244140625000000
7770.10253906250000000
7780.06933593750000000
7789.95214843750000000
7800.07373046875000000
7809.95556640625000000
7820.02246093750000000
7829.96289062500000000
7840.09179687500000000
7850.01220703125000000
7859.92138671875000000
7870.00830078125000000
7879.99072265625000000
7890.00585937500000000
7900.00927734375000000
7909.82226562500000000
7919.95263671875000000
7930.00341796875000000
7939.97265625000000000
7950.05029296875000000
7960.00683593750000000
7970.00878906250000000
7979.96191406250000000
7990.05126953125000000
7999.98681640625000000
8010.00292968750000000
8019.98925781250000000
8029.96484375000000000
8039.97753906250000000
8050.00390625000000000
8059.93505859375000000
8069.97900390625000000
8079.99462890625000000
8090.00439453125000000
8099.98437500000000000
8109.90869140625000000
8119.97851562500000000
8130.07177734375000000
8140.03906250000000000
8149.92041015625000000
8160.03662109375000000
8170.03857421875000000
8180.00000000000000000
8189.99707031250000000
8199.98632812500000000
8209.98632812500000000
8219.97851562500000000
8230.00097656250000000
8240.00292968750000000
8249.98437500000000000
8259.95214843750000000
8270.00488281250000000
8279.85644531250000000
8289.98828125000000000
8299.94140625000000000
8310.03027343750000000
8320.10644531250000000
8329.91601562500000000
8340.01757812500000000
8349.99511718750000000
8360.06933593750000000
8370.05273437500000000
8380.06250000000000000
8390.00683593750000000
8400.02050781250000000
8410.04296875000000000
8419.92187500000000000
8430.00781250000000000
8440.05175781250000000
8449.91308593750000000
8460.08203125000000000
8470.04296875000000000
8479.90722656250000000
8490.08496093750000000
8499.90429687500000000
8509.86328125000000000
8519.98437500000000000
8529.98144531250000000
8540.06152343750000000
8550.00292968750000000
8560.13085937500000000
8570.02636718750000000
8579.96777343750000000
8589.95410156250000000
8599.97656250000000000
8609.96875000000000000
8620.05078125000000000
8629.91699218750000000
8640.07617187500000000
8649.93652343750000000
8660.02441406250000000
8670.02246093750000000
8680.06152343750000000
8689.94628906250000000
8699.94628906250000000
8710.04394531250000000
8720.00292968750000000
8729.93652343750000000
8740.00488281250000000
8750.06640625000000000
8759.93554687500000000
8769.94921875000000000
8779.89746093750000000
8790.04296875000000000
8800.05371093750000000
8809.99023437500000000
8819.96386718750000000
8830.03515625000000000
8839.79882812500000000
8849.98925781250000000
8859.97558593750000000
8870.05859375000000000
8880.08496093750000000
8889.85058593750000000
8899.91601562500000000
8910.06250000000000000
8920.04394531250000000
8930.07910156250000000
8939.95996093750000000
8950.01269531250000000
8959.94042968750000000
8970.00195312500000000
8979.98242187500000000
8990.10546875000000000
9000.08886718750000000
9009.98144531250000000
9020.04687500000000000
9029.89746093750000000
9039.99414062500000000
9050.07519531250000000
9060.12304687500000000
9069.90429687500000000
9080.11523437500000000
9089.98242187500000000
9100.02929687500000000
9110.10742187500000000
9119.96484375000000000
9130.00976562500000000
9139.96093750000000000
9150.05273437500000000
9160.01464843750000000
9170.07324218750000000
9179.98925781250000000
9189.90429687500000000
9200.06152343750000000
9210.07617187500000000
9220.08593750000000000
9229.94433593750000000
9240.04199218750000000
9250.09179687500000000
9259.99902343750000000
9270.03515625000000000
9279.99316406250000000
9289.92871093750000000
9300.06640625000000000
9309.91308593750000000
9320.06640625000000000
9330.05468750000000000
9339.94628906250000000
9350.14355468750000000
9360.05761718750000000
9369.99316406250000000
9379.94042968750000000
9390.00390625000000000
9399.88281250000000000
9410.06347656250000000
9419.99804687500000000
9429.96875000000000000
9439.96679687500000000
9449.94433593750000000
9459.93164062500000000
9470.06542968750000000
9479.85742187500000000
9489.94628906250000000
9500.03808593750000000
9510.05468750000000000
9519.99023437500000000
9530.13085937500000000
9540.09765625000000000
9550.12304687500000000
9560.03125000000000000
9570.00488281250000000
9580.00878906250000000
9590.01367187500000000
9600.05371093750000000
9609.91113281250000000
9619.95214843750000000
9630.02148437500000000
9639.98046875000000000
9649.94433593750000000
9660.05761718750000000
9670.03710937500000000
9680.11328125000000000
9689.99707031250000000
9699.96972656250000000
9709.95117187500000000
9719.89453125000000000
9729.90429687500000000
9740.00390625000000000
9750.08691406250000000
9759.93359375000000000
9770.07421875000000000
9779.98828125000000000
9790.00683593750000000
9799.87988281250000000
9809.90527343750000000
9820.01953125000000000
9829.85546875000000000
9840.07031250000000000
9850.00585937500000000
9860.00390625000000000
9869.95703125000000000
9879.87011718750000000
9889.84765625000000000
9899.92382812500000000
9910.08203125000000000
9919.85156250000000000
9929.95800781250000000
9940.02441406250000000
9949.95117187500000000
9960.00000000000000000
9970.04687500000000000
9979.93554687500000000
9990.09570312500000000
