0.00000000000000000
9.99999713897705078
20.00000190734863281
30.00000000000000000
40.00001525878906250
50.00001907348632812
59.99999618530273438
70.00001525878906250
79.99999237060546875
89.99998474121093750
100.00001525878906250
109.99995422363281250
120.00001525878906250
130.00007629394531250
140.00035095214843750
149.99983215332031250
159.99995422363281250
170.00007629394531250
179.99993896484375000
189.99995422363281250
200.00015258789062500
209.99957275390625000
220.00033569335937500
230.00013732910156250
239.99960327148437500
250.00045776367187500
260.00006103515625000
269.99948120117187500
279.99996948242187500
290.00012207031250000
299.99981689453125000
309.99990844726562500
320.00030517578125000
330.00091552734375000
339.99975585937500000
350.00003051757812500
360.00003051757812500
369.99975585937500000
380.00115966796875000
389.99972534179687500
399.99874877929687500
409.99963378906250000
420.00079345703125000
430.00024414062500000
439.99783325195312500
450.00073242187500000
460.00042724609375000
469.99987792968750000
480.00024414062500000
490.00006103515625000
499.99935913085937500
509.99969482421875000
519.99975585937500000
530.00048828125000000
539.99975585937500000
549.99902343750000000
559.99890136718750000
570.00122070312500000
580.00036621093750000
589.99938964843750000
600.00115966796875000
610.00134277343750000
619.99993896484375000
630.00170898437500000
640.00207519531250000
649.99908447265625000
660.00091552734375000
669.99926757812500000
679.99908447265625000
690.00018310546875000
700.00146484375000000
710.00146484375000000
719.99798583984375000
729.99884033203125000
739.99822998046875000
750.00097656250000000
759.99908447265625000
769.99993896484375000
779.99719238281250000
790.00506591796875000
800.00048828125000000
809.99890136718750000
820.00079345703125000
829.99645996093750000
840.00286865234375000
849.99847412109375000
859.99871826171875000
870.00170898437500000
880.00201416015625000
890.00067138671875000
899.99725341796875000
910.00335693359375000
919.99719238281250000
929.99859619140625000
939.99859619140625000
950.00122070312500000
959.99798583984375000
969.99737548828125000
979.99865722656250000
989.99902343750000000
999.99755859375000000
1010.00164794921875000
1020.00524902343750000
1029.99682617187500000
1040.00402832031250000
1049.99914550781250000
1060.00268554687500000
1069.99755859375000000
1079.99938964843750000
1089.99609375000000000
1099.99621582031250000
1110.00134277343750000
1120.00073242187500000
1129.99523925781250000
1139.99902343750000000
1150.00146484375000000
1159.99707031250000000
1170.00244140625000000
1180.00146484375000000
1190.00048828125000000
1200.00122070312500000
1209.99914550781250000
1219.99890136718750000
1230.00219726562500000
1240.00048828125000000
1250.00158691406250000
1260.00244140625000000
1270.00207519531250000
1279.99938964843750000
1289.99975585937500000
1299.99755859375000000
1310.00122070312500000
1319.99365234375000000
1330.00231933593750000
1339.99731445312500000
1349.99951171875000000
1360.00415039062500000
1369.99609375000000000
1380.00524902343750000
1390.00354003906250000
1400.00244140625000000
1409.99523925781250000
1419.99511718750000000
1430.00317382812500000
1439.99768066406250000
1449.99829101562500000
1459.99780273437500000
1470.00048828125000000
1479.99755859375000000
1490.00390625000000000
1500.00659179687500000
1509.99938964843750000
1520.00280761718750000
1529.99707031250000000
1540.00012207031250000
1550.00695800781250000
1559.99914550781250000
1569.99804687500000000
1580.00805664062500000
1590.00366210937500000
1600.00366210937500000
1609.98974609375000000
1619.99755859375000000
1629.99707031250000000
1639.99951171875000000
1650.00244140625000000
1659.98742675781250000
1669.99108886718750000
1679.99194335937500000
1690.00268554687500000
1700.00354003906250000
1710.00097656250000000
1720.00561523437500000
1730.00134277343750000
1740.00378417968750000
1749.99340820312500000
1759.99707031250000000
1770.00561523437500000
1779.99499511718750000
1789.98742675781250000
1800.00109863281250000
1809.99633789062500000
1820.01208496093750000
1830.00048828125000000
1840.00634765625000000
1849.99755859375000000
1859.99963378906250000
1870.00415039062500000
1880.00305175781250000
1889.99304199218750000
1899.99572753906250000
1910.00170898437500000
1919.98291015625000000
1929.99755859375000000
1939.99609375000000000
1949.99401855468750000
1960.00695800781250000
1969.99597167968750000
1979.99841308593750000
1989.99511718750000000
2000.00598144531250000
2009.99670410156250000
2019.98852539062500000
2029.99938964843750000
2039.99194335937500000
2049.99047851562500000
2059.99804687500000000
2069.99316406250000000
2079.99536132812500000
2089.99511718750000000
2099.99267578125000000
2110.00854492187500000
2119.99560546875000000
2129.99169921875000000
2140.00952148437500000
2150.00097656250000000
2159.99096679687500000
2169.99145507812500000
2179.99804687500000000
2190.00122070312500000
2200.00048828125000000
2210.00366210937500000
2219.97998046875000000
2229.99829101562500000
2240.01098632812500000
2249.99877929687500000
2259.99975585937500000
2270.01562500000000000
2279.99658203125000000
2290.00903320312500000
2300.00170898437500000
2310.00268554687500000
2319.99414062500000000
2329.99169921875000000
2339.99877929687500000
2349.98828125000000000
2359.98706054687500000
2369.98876953125000000
2379.97314453125000000
2390.00415039062500000
2400.01074218750000000
2409.99438476562500000
2420.00097656250000000
2429.99072265625000000
2440.02709960937500000
2450.00219726562500000
2459.99438476562500000
2469.98022460937500000
2480.01196289062500000
2489.99487304687500000
2500.01660156250000000
2509.99877929687500000
2520.01000976562500000
2529.99218750000000000
2539.99536132812500000
2549.98974609375000000
2559.99096679687500000
2569.99682617187500000
2580.00170898437500000
2589.99853515625000000
2600.00488281250000000
2609.99536132812500000
2620.00170898437500000
2630.00292968750000000
2640.02050781250000000
2649.99633789062500000
2660.00219726562500000
2670.01318359375000000
2679.99951171875000000
2690.00366210937500000
2700.01611328125000000
2710.00537109375000000
2719.98608398437500000
2730.00219726562500000
2740.00122070312500000
2750.00463867187500000
2760.00781250000000000
2770.03515625000000000
2780.00341796875000000
2789.99218750000000000
2800.00537109375000000
2809.99145507812500000
2819.98657226562500000
2829.98486328125000000
2840.01367187500000000
2849.99145507812500000
2860.03393554687500000
2870.00561523437500000
2879.99877929687500000
2890.01782226562500000
2900.00024414062500000
2909.98950195312500000
2920.01098632812500000
2929.99877929687500000
2939.99023437500000000
2950.00903320312500000
2959.99462890625000000
2969.99877929687500000
2980.00634765625000000
2990.01025390625000000
2999.98510742187500000
3009.98217773437500000
3020.01464843750000000
3029.98974609375000000
3040.02270507812500000
3049.99121093750000000
3059.97998046875000000
3069.99414062500000000
3080.01513671875000000
3090.02343750000000000
3099.96948242187500000
3109.95922851562500000
3119.98828125000000000
3130.00512695312500000
3140.00878906250000000
3150.00952148437500000
3160.01342773437500000
3169.99926757812500000
3180.00659179687500000
3189.99194335937500000
3199.99218750000000000
3210.01367187500000000
3220.01928710937500000
3229.98657226562500000
3239.99902343750000000
3249.99267578125000000
3260.02880859375000000
3269.98144531250000000
3280.00927734375000000
3289.98925781250000000
3300.00463867187500000
3309.98876953125000000
3320.00024414062500000
3329.99291992187500000
3339.98779296875000000
3349.96044921875000000
3359.98364257812500000
3369.98364257812500000
3380.02026367187500000
3389.97412109375000000
3400.02685546875000000
3409.99462890625000000
3419.97387695312500000
3429.98120117187500000
3440.01464843750000000
3449.98217773437500000
3459.97998046875000000
3470.03906250000000000
3479.98217773437500000
3490.00048828125000000
3499.99951171875000000
3509.99877929687500000
3520.01806640625000000
3529.98071289062500000
3539.99316406250000000
3550.00122070312500000
3559.99365234375000000
3570.02294921875000000
3580.00170898437500000
3590.01318359375000000
3600.02172851562500000
3609.98999023437500000
3620.00683593750000000
3629.98120117187500000
3640.00585937500000000
3650.02856445312500000
3659.99462890625000000
3670.00585937500000000
3679.98413085937500000
3689.99194335937500000
3699.98413085937500000
3710.00341796875000000
3719.98876953125000000
3730.00903320312500000
3739.96899414062500000
3749.99584960937500000
3759.99951171875000000
3770.00146484375000000
3779.99096679687500000
3790.03222656250000000
3800.00561523437500000
3809.98779296875000000
3819.99755859375000000
3829.99243164062500000
3840.01025390625000000
3850.01586914062500000
3859.99487304687500000
3869.98657226562500000
3880.00561523437500000
3890.01025390625000000
3900.00219726562500000
3910.02221679687500000
3920.01293945312500000
3929.99194335937500000
3940.01342773437500000
3949.98754882812500000
3960.00561523437500000
3970.02026367187500000
3980.00488281250000000
3990.02539062500000000
3999.99365234375000000
4010.00195312500000000
4020.00683593750000000
4029.99243164062500000
4039.99121093750000000
4050.01098632812500000
4060.01171875000000000
4070.01538085937500000
4080.01098632812500000
4089.99584960937500000
4099.97558593750000000
4109.99902343750000000
4119.97753906250000000
4130.00146484375000000
4139.99609375000000000
4149.98828125000000000
4159.98046875000000000
4170.01074218750000000
4179.95947265625000000
4190.01171875000000000
4199.99511718750000000
4209.96386718750000000
4219.99414062500000000
4230.00244140625000000
4239.99267578125000000
4249.98925781250000000
4260.05419921875000000
4270.00976562500000000
4279.96386718750000000
4289.96044921875000000
4299.97509765625000000
4310.00830078125000000
4319.98876953125000000
4329.99707031250000000
4339.99804687500000000
4349.96289062500000000
4360.01318359375000000
4370.00878906250000000
4380.02148437500000000
4389.98876953125000000
4400.00488281250000000
4410.01025390625000000
4420.03808593750000000
4429.95458984375000000
4440.02978515625000000
4449.99023437500000000
4460.00195312500000000
4470.00000000000000000
4480.04199218750000000
4490.00439453125000000
4500.02832031250000000
4510.00146484375000000
4519.97705078125000000
4529.99169921875000000
4540.02636718750000000
4549.95898437500000000
4559.99218750000000000
4570.00146484375000000
4580.02441406250000000
4590.01660156250000000
4599.98339843750000000
4609.94580078125000000
4620.02929687500000000
4630.01806640625000000
4639.99658203125000000
4649.97509765625000000
4660.04199218750000000
4670.01953125000000000
4679.95654296875000000
4689.95703125000000000
4700.04150390625000000
4709.98632812500000000
4720.00146484375000000
4729.95751953125000000
4739.97753906250000000
4750.01464843750000000
4759.98876953125000000
4769.98095703125000000
4780.01611328125000000
4790.03222656250000000
4800.02343750000000000
4809.98632812500000000
4820.00732421875000000
4829.99169921875000000
4839.96142578125000000
4850.02929687500000000
4860.02197265625000000
4870.01904296875000000
4879.97705078125000000
4890.04248046875000000
4899.98046875000000000
4910.00000000000000000
4920.01025390625000000
4929.98925781250000000
4940.03466796875000000
4949.99560546875000000
4959.98339843750000000
4969.97949218750000000
4980.03173828125000000
4990.03955078125000000
5000.02685546875000000
5009.98242187500000000
5020.02343750000000000
5030.07080078125000000
5039.98339843750000000
5050.04980468750000000
5060.00781250000000000
5070.03027343750000000
5080.03173828125000000
5089.93847656250000000
5099.94433593750000000
5110.00488281250000000
5120.06201171875000000
5129.97460937500000000
5140.01464843750000000
5150.05566406250000000
5159.97949218750000000
5170.04052734375000000
5180.03369140625000000
5190.06738281250000000
5200.01220703125000000
5210.02099609375000000
5219.98242187500000000
5229.97412109375000000
5240.00048828125000000
5249.99853515625000000
5259.97949218750000000
5270.04248046875000000
5280.05761718750000000
5289.97314453125000000
5299.94628906250000000
5310.04296875000000000
5320.01611328125000000
5329.96875000000000000
5340.00244140625000000
5350.02832031250000000
5360.06054687500000000
5369.99462890625000000
5380.02099609375000000
5390.03173828125000000
5400.03369140625000000
5410.00292968750000000
5419.96240234375000000
5430.04443359375000000
5440.05175781250000000
5450.03466796875000000
5459.97412109375000000
5470.05566406250000000
5479.99951171875000000
5489.95312500000000000
5499.95996093750000000
5509.96044921875000000
5520.03515625000000000
5530.01367187500000000
5540.01416015625000000
5550.02343750000000000
5559.98583984375000000
5569.99365234375000000
5580.00195312500000000
5589.97412109375000000
5600.00244140625000000
5610.02783203125000000
5619.99169921875000000
5630.00878906250000000
5640.02148437500000000
5650.00585937500000000
5659.99755859375000000
5670.01025390625000000
5679.91943359375000000
5689.96582031250000000
5699.95263671875000000
5709.96826171875000000
5720.01367187500000000
5729.94824218750000000
5739.99267578125000000
5749.99414062500000000
5759.96142578125000000
5770.03613281250000000
5780.02441406250000000
5790.01416015625000000
5799.96728515625000000
5809.94873046875000000
5820.01953125000000000
5829.98535156250000000
5839.93701171875000000
5850.00634765625000000
5859.98974609375000000
5869.94970703125000000
5880.00878906250000000
5889.95800781250000000
5900.04638671875000000
5909.94531250000000000
5919.99267578125000000
5930.02148437500000000
5940.00927734375000000
5950.03710937500000000
5959.98535156250000000
5969.97558593750000000
5980.02099609375000000
5989.98925781250000000
5999.97851562500000000
6009.97412109375000000
6019.97460937500000000
6029.99804687500000000
6039.99462890625000000
6050.01513671875000000
6059.99609375000000000
6070.02343750000000000
6079.98193359375000000
6090.05566406250000000
6099.95703125000000000
6110.00146484375000000
6119.93847656250000000
6130.00537109375000000
6140.00097656250000000
6149.97216796875000000
6160.01904296875000000
6170.04833984375000000
6179.99951171875000000
6189.99755859375000000
6199.94824218750000000
6209.98291015625000000
6220.02880859375000000
6230.01904296875000000
6239.99853515625000000
6250.05078125000000000
6260.03564453125000000
6269.97119140625000000
6279.97167968750000000
6289.94873046875000000
6299.97265625000000000
6309.90966796875000000
6320.02636718750000000
6330.01025390625000000
6340.02490234375000000
6350.01562500000000000
6360.01269531250000000
6369.97314453125000000
6380.04833984375000000
6389.99707031250000000
6399.99365234375000000
6410.05712890625000000
6420.00292968750000000
6429.93212890625000000
6439.97753906250000000
6449.95556640625000000
6459.97753906250000000
6470.03466796875000000
6480.03710937500000000
6490.03613281250000000
6500.04638671875000000
6509.97753906250000000
6520.07226562500000000
6529.93310546875000000
6539.92919921875000000
6549.95898437500000000
6560.04833984375000000
6570.05468750000000000
6579.96630859375000000
6590.03369140625000000
6600.00781250000000000
6610.00976562500000000
6619.92773437500000000
6630.00146484375000000
6639.96289062500000000
6650.01318359375000000
6659.94238281250000000
6669.97802734375000000
6679.98730468750000000
6689.98291015625000000
6700.03466796875000000
6709.92529296875000000
6719.90478515625000000
6729.96533203125000000
6740.01708984375000000
6750.00781250000000000
6760.05908203125000000
6769.92675781250000000
6779.92968750000000000
6789.98681640625000000
6800.02197265625000000
6809.95800781250000000
6820.00830078125000000
6830.01806640625000000
6840.06103515625000000
6850.00390625000000000
6860.07128906250000000
6870.00292968750000000
6880.00000000000000000
6889.99560546875000000
6900.00195312500000000
6909.96923828125000000
6920.00830078125000000
6929.97949218750000000
6939.92187500000000000
6950.00537109375000000
6960.06201171875000000
6969.99609375000000000
6980.07617187500000000
6989.97998046875000000
6999.92675781250000000
7009.94238281250000000
7020.00439453125000000
7029.94287109375000000
7039.97705078125000000
7049.99560546875000000
7060.07666015625000000
7069.97656250000000000
7080.01806640625000000
7089.99853515625000000
7099.97509765625000000
7109.97460937500000000
7120.01562500000000000
7129.97460937500000000
7140.03564453125000000
7149.94775390625000000
7160.04736328125000000
7170.07763671875000000
7179.96875000000000000
7189.99560546875000000
7199.99902343750000000
7209.96582031250000000
7219.99121093750000000
7229.98242187500000000
7239.98632812500000000
7250.05273437500000000
7260.01806640625000000
7270.01025390625000000
7279.96972656250000000
7290.06103515625000000
7300.00878906250000000
7309.98144531250000000
7320.03076171875000000
7329.91015625000000000
7339.97851562500000000
7350.01611328125000000
7359.97314453125000000
7370.05371093750000000
7380.07031250000000000
7389.98828125000000000
7400.00585937500000000
7409.99804687500000000
7419.98681640625000000
7429.99169921875000000
7440.08105468750000000
7449.92871093750000000
7460.06298828125000000
7469.97021484375000000
7480.03125000000000000
7489.99414062500000000
7500.00439453125000000
7509.96289062500000000
7519.96777343750000000
7529.95947265625000000
7540.00341796875000000
7550.03906250000000000
7559.86328125000000000
7569.92089843750000000
7579.99560546875000000
7590.00781250000000000
7599.94531250000000000
7609.90478515625000000
7619.92871093750000000
7630.00537109375000000
7640.02978515625000000
7650.10791015625000000
7659.84716796875000000
7670.10351562500000000
7679.98779296875000000
7690.00390625000000000
7700.03906250000000000
7709.93994140625000000
7720.01220703125000000
7729.99853515625000000
7739.95751953125000000
7749.92724609375000000
7759.91406250000000000
7769.97119140625000000
7779.94873046875000000
7790.04980468750000000
7800.02099609375000000
7810.04052734375000000
7819.94824218750000000
7829.95556640625000000
7840.00439453125000000
7850.01464843750000000
7859.94580078125000000
7870.04052734375000000
7880.01904296875000000
7889.96435546875000000
7899.94384765625000000
7909.97851562500000000
7920.06103515625000000
7930.07324218750000000
7939.95849609375000000
7950.02783203125000000
7960.02099609375000000
7970.03808593750000000
7980.02539062500000000
7989.97314453125000000
8000.02539062500000000
8010.01806640625000000
8019.99267578125000000
8030.00683593750000000
8040.02148437500000000
8049.95556640625000000
8060.04394531250000000
8069.97167968750000000
8079.98974609375000000
8089.93994140625000000
8099.95507812500000000
8110.02880859375000000
8119.95849609375000000
8130.00488281250000000
8140.02832031250000000
8150.04785156250000000
8160.03759765625000000
8170.01513671875000000
8180.06884765625000000
8190.00000000000000000
8199.95214843750000000
8209.99902343750000000
8220.03222656250000000
8230.04003906250000000
8239.98144531250000000
8250.02343750000000000
8259.92675781250000000
8269.97753906250000000
8280.08105468750000000
8289.98046875000000000
8299.92773437500000000
8309.95214843750000000
8320.07812500000000000
8330.03515625000000000
8339.92089843750000000
8350.13476562500000000
8359.88671875000000000
8370.03027343750000000
8379.96289062500000000
8389.91113281250000000
8399.97851562500000000
8410.02343750000000000
8419.91015625000000000
8430.05957031250000000
8440.03417968750000000
8450.09472656250000000
8459.96093750000000000
8469.97949218750000000
8479.94726562500000000
8489.96289062500000000
8499.92382812500000000
8510.03613281250000000
8519.95898437500000000
8529.98632812500000000
8539.92285156250000000
8550.08398437500000000
8560.04394531250000000
8569.92968750000000000
8580.01171875000000000
8589.96191406250000000
8599.96289062500000000
8609.96777343750000000
8620.01464843750000000
8630.07128906250000000
8639.96875000000000000
8649.86621093750000000
8660.00878906250000000
8669.94140625000000000
8679.87988281250000000
8690.06250000000000000
8699.96875000000000000
8709.93554687500000000
8720.05957031250000000
8730.00878906250000000
8739.99218750000000000
8750.00488281250000000
8759.96875000000000000
8769.95507812500000000
8780.07714843750000000
8790.05566406250000000
8800.03808593750000000
8810.09863281250000000
8819.94726562500000000
8829.92675781250000000
8839.98144531250000000
8850.12402343750000000
8859.92968750000000000
8869.88671875000000000
8879.90820312500000000
8889.98632812500000000
8900.05468750000000000
8909.94042968750000000
8920.04394531250000000
8930.04785156250000000
8939.96679687500000000
8949.98828125000000000
8960.16699218750000000
8970.07910156250000000
8979.92578125000000000
8989.87792968750000000
9000.00878906250000000
9009.84570312500000000
9019.99218750000000000
9030.03222656250000000
9040.11230468750000000
9049.88574218750000000
9060.06054687500000000
9070.06835937500000000
9079.99804687500000000
9090.06835937500000000
9100.01464843750000000
9109.89941406250000000
9119.96191406250000000
9129.92480468750000000
9139.93066406250000000
9149.97070312500000000
9159.98339843750000000
9170.00097656250000000
9180.03027343750000000
9190.08789062500000000
9199.97656250000000000
9209.95703125000000000
9219.97460937500000000
9230.06445312500000000
9240.05957031250000000
9250.03515625000000000
9260.13281250000000000
9270.03808593750000000
9279.98242187500000000
9290.04589843750000000
9299.91699218750000000
9309.91015625000000000
9319.90820312500000000
9330.01562500000000000
9339.91503906250000000
9349.92675781250000000
9359.92968750000000000
9369.92187500000000000
9379.95410156250000000
9389.87695312500000000
9400.09277343750000000
9409.94042968750000000
9419.91308593750000000
9429.87402343750000000
9440.07226562500000000
9449.95703125000000000
9459.95898437500000000
9470.00195312500000000
9480.16894531250000000
9490.11230468750000000
9500.02636718750000000
9510.17578125000000000
9519.97265625000000000
9530.10839843750000000
9540.00000000000000000
9549.98437500000000000
9559.90625000000000000
9570.00976562500000000
9580.14941406250000000
9590.11425781250000000
9599.99316406250000000
9610.02929687500000000
9620.00000000000000000
9630.07617187500000000
9640.14062500000000000
9649.95605468750000000
9660.00292968750000000
9670.01953125000000000
9680.05468750000000000
9689.98925781250000000
9699.79589843750000000
9710.02539062500000000
9720.05078125000000000
9730.03027343750000000
9739.68847656250000000
9750.07031250000000000
9759.88085937500000000
9770.09570312500000000
9780.02148437500000000
9789.78417968750000000
9799.97070312500000000
9810.10839843750000000
9820.10742187500000000
9830.07910156250000000
9839.94531250000000000
9849.93945312500000000
9860.03320312500000000
9869.92187500000000000
9879.98828125000000000
9889.90625000000000000
9900.05175781250000000
9909.99316406250000000
9920.07519531250000000
9929.97070312500000000
9939.95410156250000000
9949.89160156250000000
9959.92675781250000000
9969.92871093750000000
9980.09179687500000000
9990.11425781250000000
