nan
3.64e-08
3.62e-08
5.58e-08
4.3e-08
6.04e-08
6.87e-08
6.33e-08
7.44e-08
7.5e-08
7.68e-08
8.34e-08
8.5e-08
9.46e-08
8.55e-08
8.39e-08
9.02e-08
8.82e-08
9.26e-08
8.82e-08
9.09e-08
9.21e-08
1.041e-07
1.162e-07
1.211e-07
1.132e-07
1.224e-07
1.107e-07
1.257e-07
1.17e-07
1.201e-07
1.256e-07
9.89e-08
1.159e-07
9.91e-08
1.126e-07
1.126e-07
1.317e-07
1.171e-07
1.254e-07
1.219e-07
1.315e-07
1.39e-07
1.389e-07
1.261e-07
1.563e-07
1.664e-07
1.73e-07
1.603e-07
1.608e-07
1.407e-07
1.658e-07
1.745e-07
1.513e-07
1.561e-07
1.678e-07
1.561e-07
1.539e-07
1.627e-07
1.845e-07
1.52e-07
1.766e-07
1.504e-07
1.667e-07
1.683e-07
1.631e-07
1.829e-07
1.667e-07
1.769e-07
1.688e-07
1.437e-07
1.407e-07
1.547e-07
1.691e-07
1.59e-07
1.661e-07
1.698e-07
1.598e-07
1.52e-07
1.661e-07
1.542e-07
1.839e-07
1.481e-07
1.735e-07
2.083e-07
1.902e-07
1.797e-07
1.934e-07
1.989e-07
1.878e-07
1.921e-07
1.821e-07
2.068e-07
1.99e-07
2.002e-07
1.961e-07
2.214e-07
2.037e-07
2.224e-07
2.064e-07
2.24e-07
2.072e-07
2.303e-07
2.24e-07
2.312e-07
2.035e-07
2.5e-07
2.165e-07
1.954e-07
2.035e-07
2.56e-07
2.09e-07
1.995e-07
2.237e-07
2.613e-07
2.287e-07
2.346e-07
2.321e-07
2.267e-07
2.194e-07
2.376e-07
2.533e-07
2.351e-07
2.167e-07
2.431e-07
2.034e-07
2.354e-07
2.69e-07
2.555e-07
2.445e-07
2.311e-07
2.529e-07
2.285e-07
2.518e-07
2.051e-07
2.351e-07
2.257e-07
2.348e-07
1.993e-07
2.291e-07
2.224e-07
2.528e-07
2.406e-07
2.489e-07
2.308e-07
2.579e-07
2.351e-07
2.561e-07
2.244e-07
2.223e-07
1.887e-07
2.034e-07
2.45e-07
2.244e-07
2.395e-07
2.17e-07
2.042e-07
2.392e-07
2.295e-07
1.98e-07
2.385e-07
2.375e-07
2.607e-07
2.488e-07
2.333e-07
2.303e-07
2.441e-07
2.461e-07
2.815e-07
2.689e-07
2.585e-07
2.506e-07
2.701e-07
2.629e-07
2.851e-07
2.808e-07
2.597e-07
2.26e-07
2.865e-07
2.735e-07
2.814e-07
2.615e-07
2.685e-07
3.064e-07
2.974e-07
2.887e-07
2.757e-07
2.937e-07
2.718e-07
3.022e-07
3.127e-07
2.637e-07
2.869e-07
2.972e-07
3.207e-07
3.054e-07
2.836e-07
3.075e-07
3.197e-07
3.001e-07
3.063e-07
2.626e-07
2.868e-07
2.904e-07
2.916e-07
3.43e-07
3.29e-07
3.107e-07
3.497e-07
3.484e-07
3.431e-07
2.654e-07
3.087e-07
3.023e-07
3.338e-07
3.469e-07
3.35e-07
3.097e-07
3.22e-07
2.741e-07
3.506e-07
3.462e-07
2.665e-07
2.981e-07
3.502e-07
2.916e-07
2.921e-07
2.822e-07
3.402e-07
3.673e-07
3.212e-07
2.942e-07
2.989e-07
2.58e-07
3.277e-07
3.08e-07
3.307e-07
2.874e-07
3.728e-07
3.46e-07
3.041e-07
2.929e-07
3.177e-07
3.2e-07
3.055e-07
3.011e-07
3.699e-07
3.001e-07
3.375e-07
3.593e-07
2.918e-07
3.053e-07
3.393e-07
3.449e-07
3.226e-07
3.404e-07
3.127e-07
3.427e-07
3.435e-07
3.214e-07
3.852e-07
3.919e-07
3.638e-07
3.011e-07
2.956e-07
3.666e-07
3.42e-07
3.424e-07
3.737e-07
3.391e-07
3.31e-07
3.225e-07
3.129e-07
3.362e-07
3.392e-07
3.096e-07
3.038e-07
3.058e-07
3.719e-07
3.242e-07
2.885e-07
3.16e-07
3.697e-07
3.215e-07
3.292e-07
3.069e-07
3.114e-07
2.995e-07
3.154e-07
3.416e-07
3.462e-07
3.47e-07
3.545e-07
3.583e-07
3.42e-07
3.734e-07
3.381e-07
3.218e-07
3.412e-07
3.398e-07
3.31e-07
3.001e-07
3.333e-07
3.251e-07
2.946e-07
3.046e-07
3.152e-07
3.331e-07
2.877e-07
2.868e-07
3.133e-07
3.629e-07
3.652e-07
2.962e-07
3.157e-07
3.637e-07
3.327e-07
3.077e-07
3.383e-07
3.1e-07
2.67e-07
3.628e-07
3.564e-07
3.401e-07
3.143e-07
3.65e-07
3.654e-07
3.473e-07
3.294e-07
3.534e-07
3.609e-07
3.735e-07
3.849e-07
3.079e-07
3.754e-07
3.645e-07
3.723e-07
3.453e-07
4.007e-07
3.879e-07
3.496e-07
3.448e-07
3.783e-07
3.801e-07
3.981e-07
3.655e-07
4.023e-07
3.838e-07
3.935e-07
3.764e-07
3.964e-07
4.147e-07
3.579e-07
3.78e-07
4.078e-07
4.045e-07
3.903e-07
3.706e-07
4.039e-07
3.638e-07
3.779e-07
4.11e-07
3.832e-07
4.43e-07
4.045e-07
4.141e-07
4.177e-07
3.633e-07
4.092e-07
4.138e-07
4.041e-07
4.308e-07
4.353e-07
4.304e-07
3.933e-07
3.94e-07
4.777e-07
4.407e-07
4.268e-07
4.069e-07
4.498e-07
4.009e-07
4.175e-07
3.498e-07
4.633e-07
4.307e-07
4.197e-07
3.86e-07
4.628e-07
4.517e-07
4.048e-07
3.799e-07
4.285e-07
4.194e-07
4.578e-07
4.303e-07
4.298e-07
4.062e-07
4.8e-07
4.382e-07
4.219e-07
3.986e-07
4.318e-07
4.323e-07
4.825e-07
4.308e-07
3.962e-07
4.363e-07
4.499e-07
4.177e-07
4.126e-07
4.211e-07
4.024e-07
4.793e-07
5.666e-07
4.558e-07
3.991e-07
4.929e-07
4.206e-07
4.097e-07
4.19e-07
4.407e-07
4.238e-07
4.453e-07
4.285e-07
4.163e-07
4.493e-07
4.498e-07
4.562e-07
4.247e-07
4.486e-07
5.208e-07
4.051e-07
4.46e-07
4.833e-07
4.768e-07
5.025e-07
4.203e-07
5.391e-07
4.881e-07
4.698e-07
4.84e-07
5.191e-07
4.674e-07
4.391e-07
4.801e-07
4.445e-07
5.341e-07
4.199e-07
4.491e-07
4.865e-07
4.023e-07
4.918e-07
4.493e-07
4.468e-07
4.077e-07
4.862e-07
5.093e-07
4.987e-07
4.762e-07
4.735e-07
4.128e-07
4.512e-07
4.77e-07
3.472e-07
3.985e-07
4.758e-07
4.513e-07
4.429e-07
4.663e-07
4.262e-07
4.653e-07
4.804e-07
4.872e-07
4.921e-07
4.387e-07
4.113e-07
4.236e-07
4.197e-07
3.947e-07
4.732e-07
4.602e-07
4.8e-07
4.909e-07
3.874e-07
5.179e-07
4.27e-07
5.326e-07
4.27e-07
4.666e-07
4.933e-07
4.845e-07
4.898e-07
5.276e-07
4.241e-07
4.692e-07
4.736e-07
5.285e-07
4.709e-07
4.641e-07
4.848e-07
4.623e-07
4.812e-07
4.768e-07
4.407e-07
4.566e-07
3.757e-07
5.094e-07
4.791e-07
4.753e-07
4.674e-07
4.358e-07
4.689e-07
4.728e-07
4.333e-07
4.45e-07
4.53e-07
4.547e-07
4.409e-07
3.935e-07
4.6e-07
4.507e-07
4.322e-07
3.895e-07
4.606e-07
4.651e-07
4.703e-07
4.12e-07
4.657e-07
4.389e-07
5.041e-07
4.176e-07
5.109e-07
4.73e-07
4.706e-07
4.397e-07
4.176e-07
4.521e-07
4.509e-07
4.594e-07
5.159e-07
4.578e-07
4.951e-07
4.787e-07
4.728e-07
3.993e-07
4.745e-07
4.847e-07
5.274e-07
4.557e-07
4.119e-07
4.676e-07
4.149e-07
4.79e-07
4.366e-07
3.71e-07
4.927e-07
4.601e-07
4.472e-07
4.576e-07
4.994e-07
4.807e-07
5.169e-07
4.373e-07
4.353e-07
5.139e-07
4.192e-07
5.029e-07
4.829e-07
4.198e-07
4.756e-07
4.629e-07
4.636e-07
4.741e-07
4.922e-07
4.211e-07
4.569e-07
4.683e-07
4.398e-07
4.97e-07
5.203e-07
4.514e-07
4.465e-07
4.646e-07
3.926e-07
4.842e-07
5.016e-07
4.608e-07
4.687e-07
3.727e-07
3.659e-07
4.979e-07
4.449e-07
4.769e-07
4.855e-07
4.258e-07
4.035e-07
5.446e-07
4.527e-07
5.133e-07
4.631e-07
4.213e-07
4.669e-07
4.859e-07
4.501e-07
3.812e-07
4.582e-07
5.089e-07
4.667e-07
5.03e-07
4.2e-07
4.405e-07
4.501e-07
4.099e-07
4.385e-07
4.184e-07
4.009e-07
4.592e-07
4.476e-07
4.377e-07
4.47e-07
4.364e-07
4.062e-07
4.815e-07
4.653e-07
4.527e-07
4.53e-07
4.331e-07
4.785e-07
4.731e-07
4.191e-07
4.41e-07
4.561e-07
4.704e-07
4.083e-07
4.263e-07
4.031e-07
4.327e-07
4.911e-07
4.371e-07
4.745e-07
4.758e-07
4.611e-07
4.376e-07
5.068e-07
4.835e-07
4.374e-07
4.586e-07
5.141e-07
4.568e-07
4.378e-07
4.716e-07
4.832e-07
4.953e-07
4.669e-07
4.658e-07
4.399e-07
3.945e-07
4.139e-07
5.333e-07
4.903e-07
5.534e-07
5.26e-07
4.462e-07
5.712e-07
4.924e-07
4.612e-07
5.094e-07
4.888e-07
4.686e-07
4.883e-07
4.029e-07
5.393e-07
4.845e-07
5.337e-07
4.759e-07
4.863e-07
5.685e-07
5.123e-07
4.754e-07
5.31e-07
5.094e-07
5.035e-07
5.078e-07
5.353e-07
5.955e-07
5.329e-07
5.368e-07
4.718e-07
4.746e-07
5.823e-07
5.675e-07
5.052e-07
5.147e-07
5.361e-07
6.436e-07
5.957e-07
4.723e-07
6.06e-07
5.303e-07
5.404e-07
5.556e-07
6.559e-07
6.272e-07
5.007e-07
5.734e-07
5.289e-07
5.732e-07
5.759e-07
4.804e-07
5.115e-07
6.058e-07
5.366e-07
5.097e-07
5.657e-07
5.71e-07
5.337e-07
5.363e-07
6.142e-07
5.555e-07
5.006e-07
5.31e-07
6.144e-07
6.258e-07
5.832e-07
6.013e-07
5.565e-07
6.173e-07
6.791e-07
5.8e-07
5.767e-07
5.737e-07
5.808e-07
5.292e-07
5.418e-07
5.242e-07
5.431e-07
6.083e-07
5.855e-07
5.864e-07
5.006e-07
6.179e-07
5.299e-07
6.021e-07
5.178e-07
5.963e-07
5.933e-07
5.79e-07
5.664e-07
5.502e-07
5.165e-07
5.875e-07
5.942e-07
5.227e-07
5.589e-07
6.208e-07
5.408e-07
5.329e-07
6.023e-07
6.296e-07
5.409e-07
5.609e-07
5.461e-07
6.228e-07
5.625e-07
6.115e-07
6.467e-07
5.362e-07
6.407e-07
5.74e-07
6.285e-07
5.747e-07
5.783e-07
5.549e-07
5.535e-07
6.169e-07
6.643e-07
5.333e-07
6.371e-07
6.049e-07
6.24e-07
5.428e-07
5.614e-07
6.248e-07
6.554e-07
5.746e-07
5.886e-07
6.787e-07
6.546e-07
6.956e-07
5.878e-07
6.153e-07
5.972e-07
5.937e-07
6.278e-07
5.926e-07
5.931e-07
5.761e-07
6.126e-07
5.582e-07
7.391e-07
5.41e-07
6.07e-07
5.508e-07
5.603e-07
7.452e-07
6.015e-07
6.364e-07
6.212e-07
6.911e-07
6.244e-07
5.296e-07
5.56e-07
5.47e-07
6.434e-07
5.985e-07
5.686e-07
5.898e-07
6.459e-07
5.769e-07
5.784e-07
5.989e-07
6.956e-07
5.914e-07
5.713e-07
7.016e-07
5.809e-07
7.079e-07
5.788e-07
5.89e-07
5.985e-07
5.339e-07
6.541e-07
6.429e-07
5.517e-07
6.07e-07
6.684e-07
6.836e-07
6.145e-07
5.565e-07
6.669e-07
6.724e-07
6.647e-07
5.901e-07
6.181e-07
6.41e-07
6.353e-07
6.087e-07
5.34e-07
6.963e-07
6.624e-07
5.85e-07
6.19e-07
7.184e-07
6.703e-07
5.913e-07
6.242e-07
5.531e-07
7.483e-07
5.875e-07
6.63e-07
6.415e-07
6.597e-07
6.302e-07
6.629e-07
5.662e-07
6.31e-07
5.842e-07
6.154e-07
6.164e-07
6.317e-07
6.197e-07
6.488e-07
6.47e-07
6.74e-07
5.897e-07
6.225e-07
6.843e-07
5.894e-07
5.933e-07
6.65e-07
6.178e-07
6.715e-07
5.621e-07
6.169e-07
6.055e-07
6.127e-07
5.122e-07
6.74e-07
6.188e-07
6.053e-07
5.878e-07
5.818e-07
6.56e-07
6.22e-07
5.907e-07
5.584e-07
6.038e-07
6.922e-07
5.537e-07
6.415e-07
6.35e-07
5.812e-07
6.238e-07
6.243e-07
6.314e-07
6.243e-07
6.76e-07
7.061e-07
6.458e-07
5.895e-07
5.963e-07
6.767e-07
7.207e-07
6.71e-07
6.198e-07
7.281e-07
6.368e-07
6.186e-07
6.715e-07
6.024e-07
6.816e-07
6.302e-07
6.073e-07
6.59e-07
5.939e-07
5.866e-07
6.065e-07
7.036e-07
6.371e-07
5.92e-07
6.194e-07
5.861e-07
6.152e-07
6.433e-07
6.723e-07
6.125e-07
7.231e-07
6.069e-07
6.2e-07
6.645e-07
6.468e-07
6.302e-07
6.524e-07
6.335e-07
6.369e-07
7.022e-07
6.545e-07
6.65e-07
6.416e-07
6.793e-07
6.407e-07
7.205e-07
6.768e-07
6.761e-07
6.627e-07
5.677e-07
6.613e-07
5.816e-07
6.43e-07
6.506e-07
5.492e-07
6.66e-07
6.41e-07
6.145e-07
6.601e-07
6.655e-07
6.712e-07
5.68e-07
6.102e-07
6.74e-07
6.185e-07
6.603e-07
6.284e-07
6.693e-07
6.633e-07
6.895e-07
6.705e-07
7.015e-07
6.399e-07
6.378e-07
5.906e-07
6.203e-07
5.805e-07
5.989e-07
7.197e-07
6.413e-07
6.186e-07
5.638e-07
6.405e-07
6.11e-07
6.946e-07
6.15e-07
6.607e-07
6.212e-07
7.164e-07
5.999e-07
6.022e-07
7.048e-07
6.6e-07
6.544e-07
