0.0001240229606628418
0.00011614394187927245
0.0001259932518005371
0.00011539983749389648
0.00011827421188354492
0.00011786007881164551
0.00011393022537231445
0.00011860895156860352
0.00011960101127624511
0.00011295700073242188
0.00011677002906799317
0.0001199781894683838
0.00011548519134521484
0.00011507487297058105
0.00012631869316101073
0.00011339592933654786
0.00012028002738952636
0.00011762094497680665
0.00012106704711914062
0.00012040185928344727
0.0001229560375213623
0.00012418293952941894
0.00011470890045166016
0.00012361383438110353
0.00012459802627563476
0.00011671304702758788
0.00013828015327453614
0.00013096928596496583
0.00011495184898376464
0.00011890101432800293
0.00012948203086853027
0.00011879992485046387
0.00011921095848083496
