0.00000000000000000
0.00000018537800418
0.00000038191432626
0.00000073125196730
0.00000027663805738
0.00000041601545112
0.00000131640869821
0.00000037896718344
0.00000041004047734
0.00000085754120141
0.00000059862303125
0.00000174192936512
0.00000187873563416
0.00000069379292100
0.00000038160040783
0.00000033766783225
0.00000092365057155
0.00000155230388317
0.00000135321221353
0.00000293435551401
0.00000124867851124
0.00000240590404974
0.00000124127803400
0.00000261588252462
0.00000171234578999
0.00000137943412941
0.00000397518890872
0.00000137142586331
0.00000300307542198
0.00000177802395363
inf
