0.00000000000000000
0.00000004903490714
0.00000008986401049
0.00000018973972449
0.00000015232845190
0.00000028519724838
0.00000017939907466
0.00000046499322898
0.00000076792782464
0.00000022948233145
0.00000049474261728
0.00000008027336160
0.00000024407378733
0.00000060719379222
0.00000037896718344
0.00000066267990079
0.00000039984820273
0.00000025498041923
0.00000033841587102
0.00000105279742926
0.00000028666915341
0.00000112595161734
0.00000132535164101
0.00000232866178592
0.00000041012853180
0.00000044129006310
0.00000144259645216
0.00000148858532405
0.00000115298197693
0.00000086777431135
0.00000102439408957
0.00000173664360431
0.00000224419129768
0.00000112059581133
0.00000234584597454
0.00000088344051636
0.00000135321221353
0.00000307781667313
0.00000214191019676
0.00000117231377316
0.00000188360903821
