0.00000000000000000
0.00000016437695130
0.00000018537800418
0.00000001874785819
0.00000007579982711
0.00000055920468691
0.00000030203305081
0.00000035522181413
0.00000011639375643
0.00000031743442197
0.00000017983395264
0.00000015074316686
0.00000081178050486
0.00000038134385853
0.00000058112866876
0.00000111507394709
0.00000057201821335
0.00000047246327940
0.00000005092812678
0.00000070429008368
0.00000018268452746
0.00000066056103503
0.00000165861382030
0.00000232866178592
0.00000147820642442
0.00000097906914472
0.00000047984905496
0.00000091407273918
0.00000106727291370
0.00000048417730859
0.00000143642984396
0.00000149076423138
0.00000059351539002
0.00000240113347971
0.00000234584597454
0.00000151482789716
0.00000163579412228
0.00000174986549035
0.00000157587782730
0.00000208430828568
0.00000251853956517
