0.00000000000000000
0.00000018537800418
0.00000022885707669
0.00000037245381797
0.00000057141191774
0.00000010110678648
0.00000112717312570
0.00000048004792610
0.00000081498481737
0.00000092243186771
0.00000080659228315
0.00000115872055136
0.00000167847102929
0.00000090773678705
0.00000098156385046
0.00000164244772115
0.00000103369563206
0.00000146413253969
0.00000177708507666
0.00000146267135341
0.00000115797415025
0.00000109775395221
0.00000194003029084
0.00000158947089743
0.00000238521133786
0.00000048090130620
0.00000205537301222
0.00000267890694557
0.00000300307542198
0.00000325925073807
inf
