0.00000000000000000
0.00000037640599157
0.00000000072879767
0.00000005676509852
0.00000011639375643
0.00000005634754585
0.00000062254493235
0.00000037896718344
0.00000097696255339
0.00000059797853621
0.00000122253078693
0.00000224182263406
0.00000061039313667
0.00000187048418425
0.00000089585478723
0.00000212315610128
0.00000125378575308
0.00000199316060060
0.00000177708507666
0.00000168908430120
0.00000006952181831
0.00000269660407141
0.00000228940641926
0.00000261588252462
0.00000245997417651
0.00000485376104582
0.00000128744665361
0.00000229435368608
0.00000109275995927
0.00000276550847659
inf
