0.00000000000000000
0.00000005767102208
0.00000010116397690
0.00000027523565764
0.00000038191432626
0.00000014819352911
0.00000012718586569
0.00000046499322898
0.00000066966987119
0.00000022948233145
0.00000073092411576
0.00000071450160895
0.00000049638788401
0.00000117181862646
0.00000088437089673
0.00000093411632857
0.00000089597368538
0.00000105241757321
0.00000137666653181
0.00000128513565965
0.00000122253078693
0.00000075363915149
0.00000107540500654
0.00000173204636025
0.00000127794181955
0.00000139734176376
0.00000112168065309
0.00000005230386187
0.00000013265397156
0.00000040745790804
0.00000033766783225
0.00000204399282048
0.00000147387587410
0.00000190861899187
0.00000146413253969
0.00000119913420676
0.00000184773055384
0.00000168662971975
0.00000112305193174
0.00000198297556207
0.00000251853956517
