0.00000000000000000
0.00000000564998320
0.00000007579982711
0.00000060861799116
0.00000076792782464
0.00000096710561424
0.00000007131883351
0.00000098545163938
0.00000089597368538
0.00000072775986881
0.00000122253078693
0.00000099208946172
0.00000087741260982
0.00000058682098798
0.00000192436354603
0.00000191713822408
0.00000147387587410
0.00000031790507438
0.00000142385769071
0.00000000901280718
0.00000070445234527
0.00000204252902265
0.00000194003029084
0.00000261588252462
0.00000216092282190
0.00000293689102297
0.00000167140983291
0.00000175597912280
0.00000041490608540
0.00000296300538118
inf
