0.00000000000000000
0.00000016437695130
0.00000008986401049
0.00000006674807497
0.00000023031467204
0.00000069620840617
0.00000066993497923
0.00000008386384530
0.00000076792782464
0.00000022948233145
0.00000143946861121
0.00000000980355634
0.00000024407378733
0.00000117181862646
0.00000048004792610
0.00000102459513783
0.00000032905160933
0.00000083493471303
0.00000040330653731
0.00000093662831407
0.00000143050003883
0.00000112595161734
0.00000082545837207
0.00000083712322174
0.00000041012853180
0.00000115832883860
0.00000122865258612
0.00000100982483666
0.00000141010916663
0.00000079105491080
0.00000184846559835
0.00000124488485845
0.00000169396599513
0.00000161311029917
0.00000029929433002
0.00000119913420676
0.00000022288457852
0.00000181310126096
0.00000168908430120
0.00000107098104955
0.00000124867851124
