0.00000000000000000
0.00000000564998320
0.00000015232845190
0.00000000455188955
0.00000017838010393
0.00000104583278040
0.00000030715231150
0.00000068220941141
0.00000007589273070
0.00000150644786441
0.00000101456153504
0.00000082545837207
0.00000167847102929
0.00000176351225123
0.00000055301853430
0.00000171112034689
0.00000169396599513
0.00000296304537894
0.00000177708507666
0.00000180229077509
0.00000215572212119
0.00000196985401723
0.00000217294770979
0.00000364229415181
0.00000208615998325
0.00000239777132905
0.00000243933619152
0.00000137142586331
0.00000207872923034
0.00000217301776281
inf
