0.00000000000000000
0.00000018537800418
0.00000045844295105
0.00000060861799116
0.00000017838010393
0.00000104583278040
0.00000037023083567
0.00000108653238204
0.00000057201821335
0.00000046819720361
0.00000143050003883
0.00000107540500654
0.00000081065774153
0.00000101470872007
0.00000106727291370
0.00000109306671530
0.00000180401105564
0.00000278670269197
0.00000191837603103
0.00000225511667066
0.00000279065264815
0.00000255125406058
0.00000112481932453
0.00000093629986195
0.00000208615998325
0.00000209826038798
0.00000474311526733
0.00000267890694557
0.00000312632158087
0.00000246926311970
inf
