0.00000000000000000
0.00000004903490714
0.00000000564998320
0.00000027523565764
0.00000030538570148
0.00000028519724838
0.00000048598401502
0.00000008386384530
0.00000086618577810
0.00000040538651250
0.00000002237962032
0.00000071450160895
0.00000043330935984
0.00000004256895798
0.00000068220941141
0.00000057220109153
0.00000113894028940
0.00000003749755905
0.00000079265053511
0.00000128513565965
0.00000028666915341
0.00000056748291857
0.00000115872055136
0.00000053881550891
0.00000134469668784
0.00000020227713793
0.00000047984905496
0.00000081832064170
0.00000149581822986
0.00000071433551025
0.00000239784660420
0.00000075312611259
0.00000169396599513
0.00000171161319673
0.00000137596119620
0.00000159375131976
0.00000114127578196
0.00000168662971975
0.00000214191019676
0.00000208430828568
0.00000161149595522
