0.00000000000000000
0.00000010116397690
0.00000022885707669
0.00000006586887762
0.00000066966987119
0.00000017983395264
0.00000037023083567
0.00000037896718344
0.00000113894028940
0.00000098732253401
0.00000101456153504
0.00000174192936512
0.00000067714800495
0.00000090773678705
0.00000132440010340
0.00000157377509542
0.00000136383081359
0.00000049424776135
0.00000142385769071
0.00000225511667066
0.00000179290467721
0.00000080705393054
0.00000217294770979
0.00000214933178499
0.00000178710862864
0.00000185865163512
0.00000234334539669
0.00000383256672403
0.00000300307542198
0.00000167927550133
inf
