0.00000000000000000
0.00000010116397690
0.00000015378604725
0.00000024071606273
0.00000096444373155
0.00000049474261728
0.00000087485902903
0.00000078329015407
0.00000057201821335
0.00000072775986881
0.00000091057690909
0.00000124203609619
0.00000081065774153
0.00000037287712194
0.00000098156385046
0.00000177979297262
0.00000059351539002
0.00000199316060060
0.00000050546648727
0.00000248152961844
0.00000279065264815
0.00000175182900098
0.00000135773674347
0.00000317574341218
0.00000163758295134
0.00000209826038798
0.00000186339142256
0.00000190980042659
0.00000361930621641
0.00000118553323985
inf
