0.00000000000000000
0.00000047191998526
0.00000030538570148
0.00000060861799116
0.00000017838010393
0.00000017983395264
0.00000049638788401
0.00000068220941141
0.00000024806274133
0.00000144155719811
0.00000028666915341
0.00000132535164101
0.00000007635419035
0.00000187048418425
0.00000158152729309
0.00000088704883810
0.00000015333514797
0.00000234584597454
0.00000085869387321
0.00000078343251006
0.00000306276573114
0.00000131577896847
0.00000217294770979
0.00000205602163706
0.00000141329443538
0.00000353591290511
0.00000263131778117
0.00000329419216075
0.00000214035230979
0.00000138303014444
inf
