0.00000000000000000
0.00000028089199788
0.00000053497157584
0.00000030203305081
0.00000027663805738
0.00000041601545112
0.00000112717312570
0.00000037896718344
0.00000081498481737
0.00000176601052960
0.00000091057690909
0.00000090877391689
0.00000214575510731
0.00000069379292100
0.00000141010916663
0.00000116173934103
0.00000103369563206
0.00000208133194408
0.00000121192125915
0.00000112305193174
0.00000206501776020
0.00000189717901181
0.00000194003029084
0.00000214933178499
0.00000223568566056
0.00000149923850584
0.00000263131778117
0.00000221744303418
0.00000146249843592
0.00000365424454725
inf
