0.00000000000000000
0.00000016437695130
0.00000010116397690
0.00000018973972449
0.00000015232845190
0.00000049070282727
0.00000030203305081
0.00000068453605869
0.00000057141191774
0.00000049333860303
0.00000010110678648
0.00000057356199843
0.00000093793755320
0.00000151059352700
0.00000048004792610
0.00000030076466375
0.00000121992915741
0.00000112491185993
0.00000007885320582
0.00000140130477485
0.00000002528472443
0.00000103287350088
0.00000082545837207
0.00000180662328846
0.00000114443208298
0.00000050104329439
0.00000047984905496
0.00000053106434926
0.00000132440010340
0.00000102121311246
0.00000143642984396
0.00000124488485845
0.00000037342526899
0.00000190861899187
0.00000225767463106
0.00000104128736156
0.00000198902150822
0.00000156015817853
0.00000259473609233
0.00000107098104955
0.00000297206137014
