0.00000000000000000
0.00000028089199788
0.00000022885707669
0.00000030203305081
0.00000096444373155
0.00000033728828496
0.00000062254493235
0.00000007572495547
0.00000024806274133
0.00000124688519921
0.00000002528472443
0.00000132535164101
0.00000045768475596
0.00000187048418425
0.00000132440010340
0.00000055507630226
0.00000191405611615
0.00000146413253969
0.00000205966698541
0.00000259473609233
0.00000233713084318
0.00000066170391970
0.00000194003029084
0.00000233595208084
0.00000231044849921
0.00000293689102297
0.00000263131778117
0.00000229435368608
0.00000177061383313
0.00000187677240592
inf
