1.00000000000000000
19.96931648254394531
398.77340698242187500
7963.22949218750000000
159020.25000000000000000
3175525.25000000000000000
63413080.00000000000000000
1266315904.00000000000000000
25287442432.00000000000000000
504972869632.00000000000000000
10083962454016.00000000000000000
201369742999552.00000000000000000
4021217086406656.00000000000000000
80300967718813696.00000000000000000
1603555245739212800.00000000000000000
32021868784092446720.00000000000000000
639455063197500833792.00000000000000000
12769482739548260663296.00000000000000000
254997900170179135930368.00000000000000000
5092118209229850197098496.00000000000000000
101686302423890411921604608.00000000000000000
2030605929291692857452658688.00000000000000000
40549789841513891777994555392.00000000000000000
809751358814712026653177937920.00000000000000000
16170169848054234335287837720576.00000000000000000
322907432725736145857575196295168.00000000000000000
6448241497751574474147753415933952.00000000000000000
128766789259306771488097806021820416.00000000000000000
2571388043918455923480513809251041280.00000000000000000
51348798922480902060191046542357954560.00000000000000000
inf
