1.00000000000000000
4.46870326995849609
19.96930694580078125
89.23693847656250000
398.77340698242187500
1782.00000000000000000
7963.23095703125000000
35585.32421875000000000
159020.31250000000000000
710614.06250000000000000
3175525.75000000000000000
14190482.00000000000000000
63413052.00000000000000000
283374272.00000000000000000
1266315392.00000000000000000
5658784256.00000000000000000
25287454720.00000000000000000
113001996288.00000000000000000
504973000704.00000000000000000
2256573300736.00000000000000000
10083967696896.00000000000000000
45062251610112.00000000000000000
201369776553984.00000000000000000
899861415198720.00000000000000000
4021218697019392.00000000000000000
17969633139097600.00000000000000000
80300950538944512.00000000000000000
358840875448532992.00000000000000000
1603552222082236416.00000000000000000
7165812497088249856.00000000000000000
32021868784092446720.00000000000000000
143096213475791208448.00000000000000000
639454078035082346496.00000000000000000
2857534807991509843968.00000000000000000
12769462473349937496064.00000000000000000
57062953654190044348416.00000000000000000
254997846126983607484416.00000000000000000
1139507911419092652785664.00000000000000000
5092129738444896265568256.00000000000000000
22755202513053301910536192.00000000000000000
101686274753774301357277184.00000000000000000
