1.00000000000000000
4.46870422363281250
19.96931457519531250
89.23693847656250000
398.77331542968750000
1782.00073242187500000
7963.22900390625000000
35585.30078125000000000
159020.26562500000000000
710614.68750000000000000
3175525.25000000000000000
14190486.00000000000000000
63413088.00000000000000000
283374144.00000000000000000
1266314624.00000000000000000
5658785280.00000000000000000
25287438336.00000000000000000
113002045440.00000000000000000
504972935168.00000000000000000
2256574349312.00000000000000000
10083956162560.00000000000000000
45062243221504.00000000000000000
201369793331200.00000000000000000
899861616525312.00000000000000000
4021217086406656.00000000000000000
17969629917872128.00000000000000000
80301036438290432.00000000000000000
358840978527748096.00000000000000000
1603553733910724608.00000000000000000
7165813046844063744.00000000000000000
32021864386045935616.00000000000000000
143096213475791208448.00000000000000000
639455063197500833792.00000000000000000
2857535933891416686592.00000000000000000
12769488369047794876416.00000000000000000
57063084258579238092800.00000000000000000
254997702011795531628544.00000000000000000
1139509064340597259632640.00000000000000000
5092125703219630141603840.00000000000000000
22755202513053301910536192.00000000000000000
101686357764122633050259456.00000000000000000
