1.00000000000000000
4.46870374679565430
19.96931076049804688
89.23693847656250000
398.77334594726562500
1782.00036621093750000
7963.23486328125000000
35585.31250000000000000
159020.37500000000000000
710614.62500000000000000
3175526.25000000000000000
14190479.00000000000000000
63413040.00000000000000000
283373952.00000000000000000
1266313984.00000000000000000
5658785280.00000000000000000
25287432192.00000000000000000
113002160128.00000000000000000
504972836864.00000000000000000
2256574611456.00000000000000000
10083951968256.00000000000000000
45062222249984.00000000000000000
201369893994496.00000000000000000
899861415198720.00000000000000000
4021214133616640.00000000000000000
17969607369293824.00000000000000000
80300821689925632.00000000000000000
358841047247224832.00000000000000000
1603554558544445440.00000000000000000
7165810847820808192.00000000000000000
32021859987999424512.00000000000000000
143096301436721430528.00000000000000000
639454922460012478464.00000000000000000
2857536496841370107904.00000000000000000
12769462473349937496064.00000000000000000
57062998690186318053376.00000000000000000
254997683997397022146560.00000000000000000
1139509496686161487200256.00000000000000000
5092128009062639355297792.00000000000000000
22755202513053301910536192.00000000000000000
101686173296681895954743296.00000000000000000
