1.00000000000000000
4.46870374679565430
19.96931457519531250
89.23693084716796875
398.77346801757812500
1782.00048828125000000
7963.22998046875000000
35585.33593750000000000
159020.25000000000000000
710614.50000000000000000
3175524.25000000000000000
14190489.00000000000000000
63413060.00000000000000000
283374176.00000000000000000
1266313984.00000000000000000
5658787328.00000000000000000
25287436288.00000000000000000
113002135552.00000000000000000
504973295616.00000000000000000
2256575922176.00000000000000000
10083961405440.00000000000000000
45062226444288.00000000000000000
201369793331200.00000000000000000
899861348089856.00000000000000000
4021216281100288.00000000000000000
17969617032970240.00000000000000000
80300907589271552.00000000000000000
358841390844608512.00000000000000000
1603553871349678080.00000000000000000
7165806449774297088.00000000000000000
32021868784092446720.00000000000000000
143096266252349341696.00000000000000000
639454922460012478464.00000000000000000
2857533119141649580032.00000000000000000
12769456843850403282944.00000000000000000
57062989682987063312384.00000000000000000
254997738040592550592512.00000000000000000
1139507839361498614857728.00000000000000000
5092123397376620927909888.00000000000000000
22755204818896311124230144.00000000000000000
101686145626565785390415872.00000000000000000
