1.00000000000000000
19.96930885314941406
398.77346801757812500
7963.22900390625000000
159020.32812500000000000
3175527.00000000000000000
63413072.00000000000000000
1266315264.00000000000000000
25287436288.00000000000000000
504972705792.00000000000000000
10083962454016.00000000000000000
201369625559040.00000000000000000
4021214670487552.00000000000000000
80300993488617472.00000000000000000
1603554146227585024.00000000000000000
32021897371394768896.00000000000000000
639454640985035767808.00000000000000000
12769478235948633292800.00000000000000000
254997431795817889398784.00000000000000000
5092127432601887051874304.00000000000000000
101686348540750596195483648.00000000000000000
2030604896274024729717768192.00000000000000000
40549723728383131602961563648.00000000000000000
809751283256848300738854518784.00000000000000000
16170165012350955876771138895872.00000000000000000
322906949155408300005905313824768.00000000000000000
6448227880411142334964729525567488.00000000000000000
128767007136753685715026188267683840.00000000000000000
2571387568549480837894488247987339264.00000000000000000
51348783710673699321438228581919490048.00000000000000000
inf
