1.00000000000000000
19.96931457519531250
398.77334594726562500
7963.23095703125000000
159020.29687500000000000
3175525.75000000000000000
63413100.00000000000000000
1266315264.00000000000000000
25287464960.00000000000000000
504972738560.00000000000000000
10083960356864.00000000000000000
201369625559040.00000000000000000
4021213328310272.00000000000000000
80300967718813696.00000000000000000
1603551809765376000.00000000000000000
32021840196790124544.00000000000000000
639454359510059057152.00000000000000000
12769472606449099079680.00000000000000000
254997810098186588520448.00000000000000000
5092129161984143962144768.00000000000000000
101686293200518375066828800.00000000000000000
2030603863256356601982877696.00000000000000000
40549822898079271865511051264.00000000000000000
809751434372575752567501357056.00000000000000000
16170174683757512793804536545280.00000000000000000
322907142583539438346573266812928.00000000000000000
6448231594231260191105554222940160.00000000000000000
128766868487469285752435399565770752.00000000000000000
2571388043918455923480513809251041280.00000000000000000
51348763428264095669767804634668204032.00000000000000000
inf
