1.00000000000000000
4.46870326995849609
19.96931457519531250
89.23693847656250000
398.77346801757812500
1781.99975585937500000
7963.23437500000000000
35585.32812500000000000
159020.29687500000000000
710614.56250000000000000
3175528.25000000000000000
14190491.00000000000000000
63413060.00000000000000000
283374144.00000000000000000
1266314752.00000000000000000
5658786304.00000000000000000
25287438336.00000000000000000
113002192896.00000000000000000
504973066240.00000000000000000
2256573300736.00000000000000000
10083963502592.00000000000000000
45062264193024.00000000000000000
201369793331200.00000000000000000
899861213872128.00000000000000000
4021216012664832.00000000000000000
17969617032970240.00000000000000000
80300873229533184.00000000000000000
358840875448532992.00000000000000000
1603552909277003776.00000000000000000
7165802601483599872.00000000000000000
32021901769441280000.00000000000000000
143096283844535386112.00000000000000000
639454570616291590144.00000000000000000
2857535933891416686592.00000000000000000
12769464725149751181312.00000000000000000
57062989682987063312384.00000000000000000
254997377752622360952832.00000000000000000
1139507983476686690713600.00000000000000000
5092125703219630141603840.00000000000000000
22755216348111357192699904.00000000000000000
101686145626565785390415872.00000000000000000
