1.00000000000000000
19.96931076049804688
398.77343750000000000
7963.23535156250000000
159020.21875000000000000
3175523.50000000000000000
63413044.00000000000000000
1266314240.00000000000000000
25287430144.00000000000000000
504973033472.00000000000000000
10083964551168.00000000000000000
201369642336256.00000000000000000
4021215475793920.00000000000000000
80300890409402368.00000000000000000
1603553871349678080.00000000000000000
32021875381162213376.00000000000000000
639455626147454255104.00000000000000000
12769477110048726450176.00000000000000000
254997521867810436808704.00000000000000000
5092130314905648568991744.00000000000000000
101686191743425969664294912.00000000000000000
2030602387516830705218748416.00000000000000000
40549789841513891777994555392.00000000000000000
809750527678211041595620327424.00000000000000000
16170178310534971637692060663808.00000000000000000
322907239297605007516907243307008.00000000000000000
6448238402901476260697066168123392.00000000000000000
128767066557875571413279383425646592.00000000000000000
2571386459355205638193761938372034560.00000000000000000
51348814134288104798943864502796419072.00000000000000000
inf
