1.00000000000000000
19.96931648254394531
398.77346801757812500
7963.23193359375000000
159020.35937500000000000
3175525.00000000000000000
63413064.00000000000000000
1266314496.00000000000000000
25287432192.00000000000000000
504973099008.00000000000000000
10083951968256.00000000000000000
201369843662848.00000000000000000
4021209838649344.00000000000000000
80300976308748288.00000000000000000
1603554283666538496.00000000000000000
32021813808511057920.00000000000000000
639455133566245011456.00000000000000000
12769472606449099079680.00000000000000000
254997720026194041110528.00000000000000000
5092131467827153175838720.00000000000000000
101686330094006522485932032.00000000000000000
2030602535090783294895161344.00000000000000000
40549785119147408908349341696.00000000000000000
809751585488303204396148195328.00000000000000000
16170180728386610866950410076160.00000000000000000
322907568125427942696042763386880.00000000000000000
6448239640841515546077341067247616.00000000000000000
128766858583948971469393200372776960.00000000000000000
2571384082510330210263634132053524480.00000000000000000
51348773569468897495603016608293847040.00000000000000000
inf
