1.00000000000000000
4.46870374679565430
19.96931648254394531
89.23697662353515625
398.77346801757812500
1782.00085449218750000
7963.22998046875000000
35585.33203125000000000
159020.26562500000000000
710614.43750000000000000
3175526.00000000000000000
14190484.00000000000000000
63413080.00000000000000000
283374176.00000000000000000
1266315264.00000000000000000
5658787840.00000000000000000
25287475200.00000000000000000
113001996288.00000000000000000
504972902400.00000000000000000
2256575397888.00000000000000000
10083960356864.00000000000000000
45062222249984.00000000000000000
201369709445120.00000000000000000
899861952069632.00000000000000000
4021217891713024.00000000000000000
17969640655290368.00000000000000000
80300898999336960.00000000000000000
358840738009579520.00000000000000000
1603554283666538496.00000000000000000
7165811397576622080.00000000000000000
32021873182138957824.00000000000000000
143096275048442363904.00000000000000000
639454711353779945472.00000000000000000
2857532837666672869376.00000000000000000
12769475984148819607552.00000000000000000
57062926632592280125440.00000000000000000
254997503853411927326720.00000000000000000
1139509784916537638912000.00000000000000000
5092125703219630141603840.00000000000000000
22755197901367283483148288.00000000000000000
101686274753774301357277184.00000000000000000
