1.00000000000000000
4.46870326995849609
19.96931457519531250
89.23696899414062500
398.77349853515625000
1782.00085449218750000
7963.22998046875000000
35585.32421875000000000
159020.26562500000000000
710614.18750000000000000
3175523.75000000000000000
14190482.00000000000000000
63413080.00000000000000000
283374112.00000000000000000
1266314880.00000000000000000
5658782720.00000000000000000
25287440384.00000000000000000
113002086400.00000000000000000
504973033472.00000000000000000
2256572776448.00000000000000000
10083965599744.00000000000000000
45062197084160.00000000000000000
201369826885632.00000000000000000
899861952069632.00000000000000000
4021214402052096.00000000000000000
17969619180453888.00000000000000000
80300933359075328.00000000000000000
358840841088794624.00000000000000000
1603555383178166272.00000000000000000
7165806999530110976.00000000000000000
32021831400697102336.00000000000000000
143096213475791208448.00000000000000000
639454570616291590144.00000000000000000
2857532556191696158720.00000000000000000
12769480487748446978048.00000000000000000
57063016704584827535360.00000000000000000
254997575911005965254656.00000000000000000
1139508559937438994137088.00000000000000000
5092125703219630141603840.00000000000000000
22755184066309228200984576.00000000000000000
101686283977146338212052992.00000000000000000
