1.00000000000000000
19.96931457519531250
398.77349853515625000
7963.23095703125000000
159020.20312500000000000
3175525.50000000000000000
63413048.00000000000000000
1266315520.00000000000000000
25287440384.00000000000000000
504972443648.00000000000000000
10083962454016.00000000000000000
201369860440064.00000000000000000
4021216817971200.00000000000000000
80300890409402368.00000000000000000
1603552771838050304.00000000000000000
32021866585069191168.00000000000000000
639454922460012478464.00000000000000000
12769475984148819607552.00000000000000000
254997413781419379916800.00000000000000000
5092124550298125534756864.00000000000000000
101686293200518375066828800.00000000000000000
2030603715682404012306464768.00000000000000000
40549785119147408908349341696.00000000000000000
809750829909665945252914003968.00000000000000000
16170174683757512793804536545280.00000000000000000
322907355354483690521308015099904.00000000000000000
6448240259811535188767478516809728.00000000000000000
128766779355786457205055606828826624.00000000000000000
2571385983986230552607736377108332544.00000000000000000
51348793851878501147273440555545133056.00000000000000000
inf
