1.00000000000000000
4.46870374679565430
19.96930885314941406
89.23693847656250000
398.77346801757812500
1781.99902343750000000
7963.23193359375000000
35585.32812500000000000
159020.31250000000000000
710614.81250000000000000
3175524.50000000000000000
14190484.00000000000000000
63413064.00000000000000000
283373984.00000000000000000
1266314880.00000000000000000
5658788352.00000000000000000
25287434240.00000000000000000
113002078208.00000000000000000
504972705792.00000000000000000
2256575660032.00000000000000000
10083962454016.00000000000000000
45062205472768.00000000000000000
201369441009664.00000000000000000
899862086287360.00000000000000000
4021212523003904.00000000000000000
17969611664261120.00000000000000000
80300847459729408.00000000000000000
358840600570626048.00000000000000000
1603554283666538496.00000000000000000
7165807549285924864.00000000000000000
32021868784092446720.00000000000000000
143096222271884230656.00000000000000000
639454992828756656128.00000000000000000
2857532556191696158720.00000000000000000
12769460221550123810816.00000000000000000
57063030215383709646848.00000000000000000
254997611939802984218624.00000000000000000
1139509496686161487200256.00000000000000000
5092126279680382445027328.00000000000000000
22755225571483394047475712.00000000000000000
101686256307030227647725568.00000000000000000
