1.00000000000000000
19.96931457519531250
398.77352905273437500
7963.23535156250000000
159020.25000000000000000
3175525.25000000000000000
63413108.00000000000000000
1266314880.00000000000000000
25287436288.00000000000000000
504972902400.00000000000000000
10083958259712.00000000000000000
201369927548928.00000000000000000
4021219233890304.00000000000000000
80300881819467776.00000000000000000
1603552771838050304.00000000000000000
32021842395813380096.00000000000000000
639454500247547412480.00000000000000000
12769473732349005922304.00000000000000000
254997539882208946290688.00000000000000000
5092133197209410086109184.00000000000000000
101686219413542080228622336.00000000000000000
2030606076865645447129071616.00000000000000000
40549756784948511690478059520.00000000000000000
809751812161894382139118452736.00000000000000000
16170171056980053949917012426752.00000000000000000
322907065212286983010306085617664.00000000000000000
6448248306421790543739265361117184.00000000000000000
128766739741705200072886810056851456.00000000000000000
2571387251636830780837137873811537920.00000000000000000
51348768498866496582685410621481025536.00000000000000000
inf
