1.00000000000000000
4.46870422363281250
19.96931266784667969
89.23695373535156250
398.77328491210937500
1782.00024414062500000
7963.23339843750000000
35585.32031250000000000
159020.25000000000000000
710614.50000000000000000
3175525.50000000000000000
14190481.00000000000000000
63413072.00000000000000000
283374208.00000000000000000
1266315392.00000000000000000
5658788352.00000000000000000
25287417856.00000000000000000
113002078208.00000000000000000
504972738560.00000000000000000
2256573038592.00000000000000000
10083958259712.00000000000000000
45062205472768.00000000000000000
201369575227392.00000000000000000
899861012545536.00000000000000000
4021213596745728.00000000000000000
17969617032970240.00000000000000000
80300950538944512.00000000000000000
358841081606963200.00000000000000000
1603554283666538496.00000000000000000
7165811397576622080.00000000000000000
32021879779208724480.00000000000000000
143096415785930719232.00000000000000000
639454570616291590144.00000000000000000
2857532556191696158720.00000000000000000
12769470354649285394432.00000000000000000
57062944646990789607424.00000000000000000
254997972227773173858304.00000000000000000
1139508127591874766569472.00000000000000000
5092126279680382445027328.00000000000000000
22755209430582329551618048.00000000000000000
101686219413542080228622336.00000000000000000
