1.00000000000000000
19.96931076049804688
398.77355957031250000
7963.23437500000000000
159020.14062500000000000
3175524.50000000000000000
63413064.00000000000000000
1266315136.00000000000000000
25287452672.00000000000000000
504972640256.00000000000000000
10083961405440.00000000000000000
201369910771712.00000000000000000
4021216012664832.00000000000000000
80300941949009920.00000000000000000
1603553046715957248.00000000000000000
32021890774325002240.00000000000000000
639454570616291590144.00000000000000000
12769482739548260663296.00000000000000000
254997521867810436808704.00000000000000000
5092125703219630141603840.00000000000000000
101686283977146338212052992.00000000000000000
2030604601126119550364942336.00000000000000000
40549832342812237604801478656.00000000000000000
809750829909665945252914003968.00000000000000000
16170183146238250096208759488512.00000000000000000
322907277983231235185040833904640.00000000000000000
6448235308051378047246378920312832.00000000000000000
128766779355786457205055606828826624.00000000000000000
2571385350160930438493035628756729856.00000000000000000
51348758357661694756850198647855382528.00000000000000000
inf
