1.00000000000000000
4.46870326995849609
19.96931076049804688
89.23693847656250000
398.77337646484375000
1782.00085449218750000
7963.23095703125000000
35585.32421875000000000
159020.25000000000000000
710614.06250000000000000
3175525.00000000000000000
14190480.00000000000000000
63413108.00000000000000000
283374272.00000000000000000
1266314112.00000000000000000
5658784768.00000000000000000
25287428096.00000000000000000
113002037248.00000000000000000
504972869632.00000000000000000
2256573562880.00000000000000000
10083953016832.00000000000000000
45062218055680.00000000000000000
201369776553984.00000000000000000
899862220505088.00000000000000000
4021218428583936.00000000000000000
17969619180453888.00000000000000000
80300941949009920.00000000000000000
358841047247224832.00000000000000000
1603555383178166272.00000000000000000
7165815795623133184.00000000000000000
32021866585069191168.00000000000000000
143096442174209785856.00000000000000000
639455063197500833792.00000000000000000
2857533682091603001344.00000000000000000
12769459095650216968192.00000000000000000
57063025711784082276352.00000000000000000
254997720026194041110528.00000000000000000
1139508776110221107920896.00000000000000000
5092121667994364017639424.00000000000000000
22755202513053301910536192.00000000000000000
101686283977146338212052992.00000000000000000
