1.00000000000000000
19.96931076049804688
398.77340698242187500
7963.23437500000000000
159020.32812500000000000
3175527.00000000000000000
63413020.00000000000000000
1266315648.00000000000000000
25287448576.00000000000000000
504972836864.00000000000000000
10083964551168.00000000000000000
201369776553984.00000000000000000
4021215207358464.00000000000000000
80300873229533184.00000000000000000
1603555245739212800.00000000000000000
32021892973348257792.00000000000000000
639454852091268300800.00000000000000000
12769457969750310125568.00000000000000000
254997557896607455772672.00000000000000000
5092118209229850197098496.00000000000000000
101686164073309859099967488.00000000000000000
2030605338995882498747006976.00000000000000000
40549785119147408908349341696.00000000000000000
809751812161894382139118452736.00000000000000000
16170178310534971637692060663808.00000000000000000
322907568125427942696042763386880.00000000000000000
6448233451141319119175966571626496.00000000000000000
128766789259306771488097806021820416.00000000000000000
2571380596471179582632780016119709696.00000000000000000
51348829346095307537696682463234883584.00000000000000000
inf
