0.00000000000000000
0.00000001203270299
0.00000011711703730
0.00000012760548566
0.00000021487894707
0.00000019046154999
0.00000028669424517
0.00000059218796669
0.00000032613687925
0.00000126541398307
0.00000057024159453
0.00000042142623190
0.00000058839538465
0.00000205610128533
0.00000043378910023
0.00000009073106966
0.00000077642864062
0.00000356547862418
0.00000087571623076
0.00000064202951269
0.00000072405785499
0.00000317583511045
0.00000112416437604
0.00000092700623960
0.00000374042906438
0.00000087981728518
0.00000095173613884
0.00000147545493650
0.00000045623355886
0.00000101167859238
0.00000139478070506
0.00000099546895129
0.00000293377290299
0.00000193909625327
0.00000142082576491
0.00000142033245016
0.00000069599303775
0.00000128181065089
0.00000074010000599
0.00000288047593026
0.00000157028967041
0.00000202611487423
0.00000678119285702
0.00000638465467103
0.00000209066889898
0.00000144984577567
0.00000071690869641
0.00000324235870786
0.00000166478506187
0.00000181409138736
0.00000158205957736
0.00000366751423958
0.00000191794788000
0.00000366681726804
0.00000091292679380
0.00000265536810289
0.00000875145068344
0.00000195890817967
0.00000280677032102
0.00000090322041394
