0.00000000000000000
0.00000007175807783
0.00000030180740878
0.00000012760548566
0.00000021487894707
0.00000025067229544
0.00000034702694834
0.00000031463565228
0.00000032613687925
0.00000061628789320
0.00000069188761326
0.00000036048002465
0.00000077160434863
0.00000045282615163
0.00000043378910023
0.00000083089141838
0.00000071486269078
0.00000081455770710
0.00000069026940720
0.00000082785196145
0.00000072405785499
0.00000336241109365
0.00000093721048051
0.00000019698920034
0.00000088980071628
0.00000125600174821
0.00000095173613884
0.00000028719145227
0.00000112074559675
0.00000101167859238
0.00000107810590241
0.00000105893219770
0.00000119969358451
0.00000155677266406
0.00000062236352104
0.00000037107937059
0.00000479894241159
0.00000147452596135
0.00000189901065454
0.00000060246640432
0.00000215195585111
0.00000419089156718
0.00000061648543703
0.00000187327852526
0.00000287252651394
0.00000190685318828
0.00000157275674196
0.00000232463743245
0.00000179615365230
0.00000234063010493
0.00000685962409117
0.00000637728988389
0.00000357815377466
0.00000293694287093
0.00000835942770601
0.00000673823306514
0.00000212981435779
0.00000236025683732
0.00000428136283641
0.00000211910092991
