0.00000000000000000
0.00000007175807783
0.00000011711703730
0.00000011226479065
0.00000027496798132
0.00000019046154999
0.00000028669424517
0.00000031463565228
0.00000050786895989
0.00000037348765110
0.00000038777256643
0.00000006614342606
0.00000191546045642
0.00000094237296859
0.00000079255690242
0.00000095377441678
0.00000065329674094
0.00000075286705455
0.00000069026940720
0.00000070397032894
0.00000312405139741
0.00000099102851438
0.00000043378475337
0.00000086456204850
0.00000180073821032
0.00000100521210619
0.00000189410221398
0.00000103479333931
0.00000045623355886
0.00000120129939432
0.00000044193315031
0.00000490661296393
0.00000139046896085
0.00000213025804787
0.00000062236352104
0.00000238001735413
0.00000135548164918
0.00000269505626096
0.00000144843078567
0.00000197749088055
0.00000189343754858
0.00000144327052035
0.00000184939753097
0.00000167820923716
0.00000163458529026
0.00000295144155996
0.00000157275674196
0.00000206243135376
0.00000166478506187
0.00000339370754006
0.00000177991153835
0.00000373359847724
0.00000211660215667
0.00000194165960214
0.00000829294109073
0.00000372130866096
0.00000386547626621
0.00000894439701982
0.00000213650099584
0.00000224647434455
