0.00000000000000000
0.00000001203270299
0.00000011711703730
0.00000006763791659
0.00000021487894707
0.00000019046154999
0.00000022636154199
0.00000025418074435
0.00000056844632010
0.00000138681410412
0.00000044859557579
0.00000036048002465
0.00000118262460050
0.00000051401950375
0.00000043378910023
0.00000058512542156
0.00000059173079110
0.00000069117640200
0.00000069026940720
0.00000082785196145
0.00000078612413325
0.00000074226053678
0.00000143575420192
0.00000344408713794
0.00000248901561015
0.00000182027844277
0.00000095173613884
0.00000128659996628
0.00000086842893186
0.00000113809246034
0.00000126811078400
0.00000118585869050
0.00000013573404991
0.00000244886103888
0.00000122927676936
0.00000135635345656
0.00000218889324074
0.00000141028752453
0.00000177027354915
0.00000288047593026
0.00000163491924605
0.00000176707293917
0.00000197918084508
0.00000161318614112
0.00000235128810397
0.00000177627964182
0.00000229236587973
0.00000206243135376
0.00000779375344903
0.00000174827404767
0.00000066026264709
0.00000386608885303
0.00000297743735559
0.00000194165960214
0.00001181673170097
0.00000312171709704
0.00000239683926678
0.00000566671631568
0.00000434838976893
0.00000211910092991
