0.00000000000000000
0.00000010741804668
0.00000005727068786
0.00000006763791659
0.00000027496798132
0.00000005038143180
0.00000016602883881
0.00000049600037607
0.00000009790464225
0.00000055558783268
0.00000069188761326
0.00000054331864639
0.00000052732572999
0.00000045282615163
0.00000074037560089
0.00000095377441678
0.00000077642864062
0.00000081455770710
0.00000075208501506
0.00000132337849148
0.00000066199157672
0.00000292706713285
0.00000099952844569
0.00000161389234179
0.00000088980071628
0.00000319551439770
0.00000101456054385
0.00000035014310901
0.00000143614142788
0.00000297035824834
0.00000145811566559
0.00000124932193690
0.00000126328537662
0.00000155677266406
0.00000279325213737
0.00000225205936693
0.00000129137306521
0.00000147452596135
0.00000183464210185
0.00000184849301631
0.00000195806712421
0.00000170231245541
0.00000152493924571
0.00000161318614112
0.00000169974009150
0.00000269029446704
0.00000275029896741
0.00000291460110950
0.00000173046935708
0.00000253808212401
0.00000210966480665
0.00000188323982291
0.00000205038406445
0.00000247247734549
0.00000207897089415
0.00000087555999573
0.00000427878345790
0.00000747278527510
0.00000966023912731
0.00000258923980563
