0.00000000000000000
0.00000007175807783
0.00000018211470990
0.00000006763791659
0.00000015478991282
0.00000025067229544
0.00000034702694834
0.00000010854870324
0.00000050786895989
0.00000049488777215
0.00000032694955706
0.00000036048002465
0.00000052732572999
0.00000015910736958
0.00000220285480547
0.00000058512542156
0.00000114582433966
0.00000106132031732
0.00000069026940720
0.00000307441946253
0.00000097232296804
0.00000080445253118
0.00000131111827157
0.00000086456204850
0.00000248901561015
0.00000175347395606
0.00000095173613884
0.00000519742067813
0.00000130998309543
0.00000120129939432
0.00000158478558665
0.00000188395440090
0.00000126328537662
0.00000117444907485
0.00000122927676936
0.00000587327282001
0.00000263765332850
0.00000179571814546
0.00000157716789106
0.00000178399408419
0.00000157028967041
0.00000150803100412
0.00000515890143071
0.00000278360186973
0.00000196035929649
0.00000249443414735
0.00000163817575448
0.00000225908591278
0.00000173046935708
0.00000174827404767
0.00000210966480665
0.00000247799796180
0.00000264634689447
0.00000124324685800
0.00000254437720116
0.00000405441508536
0.00000266386417577
0.00000202579962261
0.00000200244713080
0.00000211910092991
