0.00000000000000000
0.00000007175807783
0.00000011711703730
0.00000012760548566
0.00000027496798132
0.00000025067229544
0.00000028669424517
0.00000025418074435
0.00000032613687925
0.00000055558783268
0.00000032694955706
0.00000048237243914
0.00000020551012594
0.00000022030072171
0.00000055642370049
0.00000101235355770
0.00000065329674094
0.00000097447121694
0.00000069026940720
0.00000076591114519
0.00000306198511914
0.00000099102851438
0.00000093721048051
0.00000157076140471
0.00000076465937085
0.00000244314547163
0.00000195692661899
0.00000128659996628
0.00000203321271448
0.00000126450632830
0.00000139478070506
0.00000150317492250
0.00000051728480261
0.00000168421386046
0.00000122927676936
0.00000116441647576
0.00000255514197277
0.00000051686558012
0.00000273580183959
0.00000133250155933
0.00000221658542674
0.00000267371971188
0.00000146004758865
0.00000174323233319
0.00000202551409773
0.00000321258865288
0.00000183443279206
0.00000199687983409
0.00000212457512837
0.00000792687488761
0.00000342867787986
0.00000340317728896
0.00000251391071002
0.00000253882956341
0.00000214545750943
0.00000238888296337
0.00000219657058504
0.00000222647395144
0.00000227055486088
0.00000218626362644
