0.00000000000000000
0.00000007175807783
0.00000011711703730
0.00000041210263604
0.00000015478991282
0.00000041164590450
0.00000013563467707
0.00000031463565228
0.00000050786895989
0.00000061628789320
0.00000064621859281
0.00000078710347536
0.00000058839538465
0.00000175013452473
0.00000080169290102
0.00000070800841997
0.00000059173079110
0.00000081455770710
0.00000112297866218
0.00000028708273112
0.00000078612413325
0.00000148856446958
0.00000106184641086
0.00000092700623960
0.00000167559686490
0.00000043682833544
0.00000181253768156
0.00000185316487695
0.00000099458726431
0.00000379204839008
0.00000120477582347
0.00000118585869050
0.00000420560874529
0.00000162049326226
0.00000167622442566
0.00000122839546936
0.00000141959023314
0.00000469236397354
0.00000151279933837
0.00000268697913389
0.00000286288118308
0.00000202611487423
0.00000146004758865
0.00000066262222006
0.00000209066889898
0.00000547055218673
0.00000307739403003
0.00000330791022753
0.00000343826103266
0.00000201154340645
0.00000362652984084
0.00000188323982291
0.00000205038406445
0.00000207436403798
0.00000201248427886
0.00000198915525409
0.00000172927699431
0.00000389876002498
0.00000885591593709
0.00000205193823338
