   1095.630
   1097.857
   1097.543
   1046.732
   1094.437
   1093.771
   1075.925
   1095.123
   1095.947
   1067.128
   1097.692
   1047.211
   1066.466
   1050.458
   1093.472
   1009.714
   1067.190
   1065.011
   1074.051
   1064.185
   1062.649
   1049.678
   1050.313
   1063.281
   1048.805
   1070.382
   1060.696
   1097.965
   1074.776
   1052.635
   1044.951
   1097.608
   1062.432
   1069.487
   1094.316
   1055.027
   1053.033
   1098.052
   1080.036
   1085.600
   1096.331
   1092.349
   1078.368
   1096.113
   1094.326
   1097.938
   1097.380
   1092.487
   1025.849
   1087.174
   1094.147
   1045.077
   1095.740
   1085.280
   1094.470
   1095.001
   1042.243
   1052.066
   1098.267
   1004.854
   1094.000
   1082.866
   1097.720
   1093.724
   1090.938
   1090.048
   1098.158
   1073.013
   1098.128
   1048.798
   1003.578
   1097.445
   1097.915
   1098.065
   1079.907
   1090.654
   1088.577
   1092.600
   1097.928
   1050.098
   1094.444
   1094.298
   1096.095
   1003.442
   1003.492
   1090.285
   1089.826
   1094.192
   1097.904
   1049.990
   1018.427
   1091.380
   1094.341
   1005.005
   1098.127
   1048.387
   1048.300
   1082.910
   1097.986
   1050.101
   1064.183
