   1086.533
   1069.387
   1097.711
   1087.302
   1086.768
   1094.067
   1016.385
   1094.379
   1009.582
   1064.061
   1051.939
   1093.842
   1079.927
   1040.347
    961.836
   1086.554
   1074.329
   1063.800
   1097.573
   1079.718
   1076.159
   1048.328
   1030.492
   1034.370
   1047.671
   1088.881
   1094.124
    999.840
   1070.999
   1097.763
   1093.700
   1087.011
   1096.118
   1095.064
   1029.714
   1094.381
   1008.326
   1088.842
   1095.694
   1053.703
   1097.778
   1088.321
   1088.308
   1035.281
   1074.671
   1017.647
   1094.090
   1048.648
   1092.716
   1006.476
   1046.728
   1005.624
   1057.324
    998.107
   1024.470
   1095.795
   1090.800
   1088.768
   1044.817
   1082.797
   1088.773
   1047.308
   1043.528
   1094.385
   1061.901
   1082.943
   1094.177
   1097.768
   1024.025
   1068.884
   1094.031
   1097.432
   1073.367
   1060.541
    963.788
   1042.111
   1096.040
   1060.546
   1060.364
   1096.392
   1065.502
   1070.721
   1086.878
   1094.391
   1092.291
   1082.269
   1095.504
   1046.966
   1050.200
   1067.445
   1080.145
   1074.292
   1065.373
   1097.181
   1089.497
   1045.670
   1093.648
   1044.919
   1095.520
   1076.438
   1079.650
