    976.045
    890.034
    888.368
    969.308
    978.925
    978.657
    974.245
    963.459
    941.488
    964.621
    938.826
    931.409
    924.363
    923.635
    981.968
    983.661
    945.828
    980.737
    802.720
    890.887
    924.055
    918.483
    970.539
    966.407
    923.027
    981.413
    922.982
    981.393
    918.932
    986.139
    977.067
    952.090
    945.510
    983.464
    941.276
    985.849
    921.742
    941.381
    984.460
    985.831
    941.270
    974.124
    981.240
    921.032
    971.956
    963.870
    924.534
    974.434
    922.249
    973.036
    922.373
    984.096
    940.570
    941.282
    976.129
    985.934
    941.395
    918.239
    954.726
    892.799
    922.895
    965.160
    919.033
    901.727
    898.549
    958.691
    987.184
    920.413
    863.355
    931.918
    976.927
    985.894
    835.268
    961.438
    925.153
    915.105
    846.026
    985.983
    943.954
    933.852
    826.788
    924.423
    941.230
    940.231
    876.174
    979.397
    920.288
    917.798
    921.061
    803.159
    860.219
    982.334
    988.127
    920.357
    913.119
    939.991
    981.169
    981.271
    986.149
    918.696
    927.763
