          10.831
           6.980
           7.280
           7.846
           9.727
           8.016
           9.024
           7.626
           7.949
           7.666
           7.687
           7.167
           8.144
           7.487
           9.885
          15.759
          10.560
           9.515
           8.822
          11.017
           7.570
           7.147
           7.011
           9.264
           7.501
          10.503
           8.307
           7.614
           7.061
           7.853
           8.284
           7.253
           7.064
           6.974
           9.414
           7.438
           7.730
           6.989
          10.457
           7.490
           7.036
           7.737
           9.790
           7.083
           7.561
           8.632
           7.107
           7.637
           9.154
           7.709
           7.563
           8.613
           8.277
           7.533
           7.606
           7.207
           9.254
           7.537
           7.034
           8.850
           8.851
           7.844
           7.154
           7.515
           9.452
          15.300
          10.120
           7.568
           7.027
           7.437
           7.491
          10.783
           6.964
           7.420
           7.856
           9.477
           7.014
           7.743
          11.145
           9.902
           7.602
          10.258
           7.362
           7.374
           7.731
           7.618
          14.400
          15.464
           7.312
           9.171
           7.487
           8.410
           7.646
           7.185
           7.569
           7.694
           7.557
           7.590
           8.652
           7.695
           7.800
