  rapi_ite;         10;      10000;       1.199e+20;           6.946;           6.976;           6.948;           0.005 ( 0.072 %)
  rapi_ite;         10;      10000;       1.238e+14;           6.946;           6.962;           6.948;           0.003 ( 0.037 %)
  rapi_ite;         10;      10000;       1.709e+14;           6.946;           6.962;           6.948;           0.003 ( 0.039 %)
  rapi_ite;         10;      10000;       1.554e+13;           6.946;           6.968;           6.949;           0.004 ( 0.062 %)
  rapi_ite;         10;      10000;       1.729e+09;           6.948;           6.960;           6.949;           0.002 ( 0.030 %)
  rapi_ite;         10;      10000;       3.050e+26;           6.947;           6.959;           6.949;           0.002 ( 0.030 %)
  rapi_ite;         10;      10000;       3.670e+12;           6.947;           6.959;           6.949;           0.002 ( 0.031 %)
  rapi_ite;         10;      10000;       1.196e+20;           6.949;           6.957;           6.950;           0.002 ( 0.022 %)
  rapi_ite;         10;      10000;       1.260e+17;           6.949;           6.984;           6.951;           0.006 ( 0.087 %)
  rapi_ite;         10;      10000;       2.510e+16;           6.950;           6.964;           6.951;           0.002 ( 0.034 %)
  rapi_ite;         10;      10000;       4.586e+08;           6.949;           6.960;           6.951;           0.002 ( 0.028 %)
  rapi_ite;         10;      10000;       1.094e+11;           6.948;           7.038;           6.952;           0.016 ( 0.227 %)
  rapi_ite;         10;      10000;       2.102e+20;           6.947;           6.992;           6.952;           0.011 ( 0.156 %)
  rapi_ite;         10;      10000;       4.864e+15;           6.948;           7.001;           6.952;           0.009 ( 0.134 %)
  rapi_ite;         10;      10000;       1.360e+15;           6.946;           7.185;           6.955;           0.041 ( 0.593 %)
  rapi_ite;         10;      10000;       2.982e+21;           6.948;           7.333;           6.963;           0.067 ( 0.956 %)
  rapi_ite;         10;      10000;       5.881e+15;           6.946;           7.715;           6.971;           0.134 ( 1.915 %)
  rapi_ite;         10;      10000;       3.054e+25;           6.946;           7.727;           6.972;           0.136 ( 1.945 %)
  rapi_ite;         10;      10000;       4.364e+10;           6.947;           7.717;           6.972;           0.134 ( 1.918 %)
  rapi_ite;         10;      10000;       4.540e+18;           6.946;           7.731;           6.972;           0.136 ( 1.955 %)
  rapi_ite;         10;      10000;       2.003e+10;           6.948;           7.714;           6.973;           0.133 ( 1.909 %)
  rapi_ite;         10;      10000;       1.484e+19;           6.950;           7.720;           6.974;           0.134 ( 1.920 %)
  rapi_ite;         10;      10000;       2.638e+11;           6.949;           7.715;           6.974;           0.133 ( 1.907 %)
  rapi_ite;         10;      10000;       3.669e+14;           6.948;           7.719;           6.974;           0.134 ( 1.918 %)
  rapi_ite;         10;      10000;       4.433e+17;           6.950;           7.720;           6.974;           0.134 ( 1.918 %)
  rapi_ite;         10;      10000;       6.252e+13;           6.949;           7.716;           6.974;           0.133 ( 1.911 %)
  rapi_ite;         10;      10000;       6.766e+14;           6.949;           7.718;           6.974;           0.134 ( 1.915 %)
  rapi_ite;         10;      10000;       6.090e+21;           6.948;           7.963;           6.981;           0.176 ( 2.525 %)
  rapi_ite;         10;      10000;       9.407e+11;           6.948;           7.717;           6.984;           0.148 ( 2.122 %)
  rapi_ite;         10;      10000;       1.786e+21;           6.948;           7.336;           6.986;           0.112 ( 1.606 %)
  rapi_ite;         10;      10000;       4.234e+21;           6.947;           7.681;           6.990;           0.142 ( 2.032 %)
  rapi_ite;         10;      10000;       5.368e+08;           6.949;           7.689;           6.995;           0.178 ( 2.548 %)
  rapi_ite;         10;      10000;       5.350e+14;           6.947;           7.723;           6.996;           0.187 ( 2.671 %)
  rapi_ite;         10;      10000;       4.512e+17;           6.946;           7.551;           6.999;           0.144 ( 2.059 %)
  rapi_ite;         10;      10000;       8.986e+12;           6.946;           7.720;           7.003;           0.187 ( 2.677 %)
  rapi_ite;         10;      10000;       7.168e+18;           6.947;           7.728;           7.004;           0.191 ( 2.725 %)
  rapi_ite;         10;      10000;       5.471e+19;           6.947;           7.852;           7.011;           0.184 ( 2.618 %)
  rapi_ite;         10;      10000;       3.615e+11;           6.947;           7.729;           7.021;           0.224 ( 3.194 %)
  rapi_ite;         10;      10000;       4.989e+20;           6.947;           8.345;           7.038;           0.300 ( 4.262 %)
  rapi_ite;         10;      10000;       4.418e+11;           6.949;           7.718;           7.043;           0.254 ( 3.602 %)
  rapi_ite;         10;      10000;       2.253e+11;           6.951;           7.706;           7.048;           0.199 ( 2.828 %)
  rapi_ite;         10;      10000;       2.572e+09;           6.948;           7.733;           7.054;           0.260 ( 3.679 %)
  rapi_ite;         10;      10000;       5.649e+29;           6.948;           7.511;           7.059;           0.134 ( 1.902 %)
  rapi_ite;         10;      10000;       3.261e+18;           6.947;           7.695;           7.062;           0.268 ( 3.793 %)
  rapi_ite;         10;      10000;       2.177e+14;           6.947;           7.714;           7.064;           0.278 ( 3.936 %)
  rapi_ite;         10;      10000;       4.781e+13;           6.948;           8.162;           7.080;           0.276 ( 3.896 %)
  rapi_ite;         10;      10000;       9.595e+08;           6.947;           7.725;           7.087;           0.295 ( 4.157 %)
  rapi_ite;         10;      10000;       5.658e+32;           6.947;           7.716;           7.088;           0.299 ( 4.215 %)
  rapi_ite;         10;      10000;       6.087e+14;           6.949;          10.027;           7.088;           0.583 ( 8.229 %)
  rapi_ite;         10;      10000;       3.358e+17;           6.947;           7.721;           7.089;           0.301 ( 4.241 %)
  rapi_ite;         10;      10000;       1.714e+23;           6.947;           7.721;           7.096;           0.266 ( 3.742 %)
  rapi_ite;         10;      10000;       1.140e+20;           6.947;           7.724;           7.132;           0.329 ( 4.612 %)
  rapi_ite;         10;      10000;       2.215e+08;           6.946;           7.730;           7.134;           0.335 ( 4.694 %)
  rapi_ite;         10;      10000;       3.127e+16;           6.947;           7.716;           7.135;           0.333 ( 4.664 %)
  rapi_ite;         10;      10000;       4.436e+15;           6.949;           7.721;           7.136;           0.328 ( 4.599 %)
  rapi_ite;         10;      10000;       1.865e+18;           6.950;           7.716;           7.140;           0.330 ( 4.623 %)
  rapi_ite;         10;      10000;       2.249e+26;           6.946;           7.716;           7.152;           0.331 ( 4.629 %)
  rapi_ite;         10;      10000;       5.882e+14;           6.947;           7.717;           7.162;           0.344 ( 4.806 %)
  rapi_ite;         10;      10000;       4.897e+16;           6.949;           7.716;           7.163;           0.342 ( 4.780 %)
  rapi_ite;         10;      10000;       2.125e+21;           6.948;           7.723;           7.164;           0.330 ( 4.603 %)
  rapi_ite;         10;      10000;       3.561e+19;           6.949;           7.718;           7.178;           0.353 ( 4.912 %)
  rapi_ite;         10;      10000;       8.020e+09;           6.946;           7.720;           7.182;           0.358 ( 4.981 %)
  rapi_ite;         10;      10000;       3.408e+09;           6.949;           7.715;           7.183;           0.349 ( 4.866 %)
  rapi_ite;         10;      10000;       1.608e+22;           6.949;           7.694;           7.197;           0.350 ( 4.858 %)
  rapi_ite;         10;      10000;       6.143e+09;           6.948;           8.355;           7.202;           0.337 ( 4.674 %)
  rapi_ite;         10;      10000;       1.363e+13;           6.947;           7.716;           7.204;           0.366 ( 5.082 %)
  rapi_ite;         10;      10000;       2.941e+09;           6.950;           7.716;           7.211;           0.348 ( 4.827 %)
  rapi_ite;         10;      10000;       7.323e+28;           6.948;           7.717;           7.228;           0.373 ( 5.157 %)
  rapi_ite;         10;      10000;       1.218e+19;           6.949;           7.719;           7.271;           0.350 ( 4.817 %)
  rapi_ite;         10;      10000;       9.709e+15;           6.948;           7.717;           7.276;           0.382 ( 5.251 %)
  rapi_ite;         10;      10000;       1.871e+14;           6.949;           7.716;           7.277;           0.381 ( 5.238 %)
  rapi_ite;         10;      10000;       9.348e+12;           6.948;           7.719;           7.278;           0.381 ( 5.233 %)
  rapi_ite;         10;      10000;       2.790e+12;           6.948;          11.594;           7.320;           0.872 (11.914 %)
  rapi_ite;         10;      10000;       3.766e+19;           6.947;           7.875;           7.339;           0.387 ( 5.275 %)
  rapi_ite;         10;      10000;       1.198e+11;           6.948;           7.728;           7.342;           0.387 ( 5.277 %)
  rapi_ite;         10;      10000;       9.180e+12;           6.948;           7.717;           7.343;           0.388 ( 5.282 %)
  rapi_ite;         10;      10000;       1.431e+19;           6.949;           7.718;           7.344;           0.387 ( 5.275 %)
  rapi_ite;         10;      10000;       9.377e+16;           6.951;           7.725;           7.366;           0.353 ( 4.798 %)
  rapi_ite;         10;      10000;       7.142e+17;           6.946;           8.111;           7.367;           0.423 ( 5.747 %)
  rapi_ite;         10;      10000;       3.676e+12;           6.950;           8.113;           7.380;           0.403 ( 5.467 %)
  rapi_ite;         10;      10000;       9.037e+21;           6.946;           7.723;           7.473;           0.358 ( 4.788 %)
  rapi_ite;         10;      10000;       2.892e+10;           6.949;          12.766;           7.483;           1.419 (18.966 %)
  rapi_ite;         10;      10000;       8.686e+09;           6.948;           7.714;           7.488;           0.334 ( 4.461 %)
  rapi_ite;         10;      10000;       4.206e+18;           6.949;          11.325;           7.491;           1.177 (15.715 %)
  rapi_ite;         10;      10000;       1.388e+12;           6.946;           7.720;           7.508;           0.348 ( 4.629 %)
  rapi_ite;         10;      10000;       1.634e+25;           6.947;           7.724;           7.508;           0.348 ( 4.630 %)
  rapi_ite;         10;      10000;       2.134e+13;           6.947;           7.721;           7.508;           0.347 ( 4.623 %)
  rapi_ite;         10;      10000;       4.513e+10;           6.947;           7.723;           7.545;           0.305 ( 4.048 %)
  rapi_ite;         10;      10000;       4.188e+16;           6.951;           7.718;           7.603;           0.269 ( 3.542 %)
  rapi_ite;         10;      10000;       2.525e+13;           6.947;           7.715;           7.609;           0.257 ( 3.379 %)
  rapi_ite;         10;      10000;       7.748e+12;           6.951;           7.721;           7.626;           0.253 ( 3.312 %)
  rapi_ite;         10;      10000;       1.627e+23;           6.949;           7.718;           7.646;           0.222 ( 2.908 %)
  rapi_ite;         10;      10000;       7.871e+24;           6.952;           7.716;           7.667;           0.183 ( 2.392 %)
  rapi_ite;         10;      10000;       4.882e+12;           6.977;           7.717;           7.672;           0.126 ( 1.638 %)
  rapi_ite;         10;      10000;       5.344e+15;           6.960;           7.720;           7.675;           0.174 ( 2.261 %)
  rapi_ite;         10;      10000;       1.108e+14;           6.963;           7.716;           7.689;           0.130 ( 1.697 %)
  rapi_ite;         10;      10000;       9.862e+10;           6.957;           7.715;           7.689;           0.132 ( 1.711 %)
  rapi_ite;         10;      10000;       1.263e+16;           6.953;           7.726;           7.690;           0.132 ( 1.721 %)
  rapi_ite;         10;      10000;       2.738e+17;           6.951;           7.723;           7.690;           0.133 ( 1.727 %)
  rapi_ite;         10;      10000;       7.707e+12;           6.962;           7.716;           7.691;           0.131 ( 1.703 %)
  rapi_ite;         10;      10000;       4.608e+11;           8.918;           8.924;           8.921;           0.002 ( 0.019 %)
