0.00000000000000000
0.00000013148345267
0.00000011711703730
0.00000005229722157
0.00000003461184432
0.00000019046154999
0.00000019596738025
0.00000001236111262
0.00000003732728204
0.00000043418771163
0.00000022045752724
0.00000023858761017
0.00000014444047128
0.00000039163279950
0.00000067905830076
0.00000027791792555
0.00000083799459046
0.00000062948574944
0.00000023696471061
0.00000008456216640
0.00000016546135061
0.00000080445253118
0.00000099952844569
0.00000111433881293
0.00000038923533458
0.00000050363282214
0.00000026066768374
0.00000015347014493
0.00000061611226696
0.00000126450632830
0.00000057142621817
0.00000099546895129
0.00000056377566335
0.00000085584608384
0.00000014383246119
0.00000071656352058
0.00000045796147365
0.00000044671097220
0.00000074037670601
0.00000004252291690
0.00000073010518718
0.00000066614471517
0.00000074623936108
0.00000122304756492
0.00000137396608527
0.00000105812513628
0.00000078772859166
0.00000081695247999
0.00000054815204322
0.00000122173533010
0.00000026304650416
0.00000115631320871
0.00000112333077330
0.00000141084185878
0.00000114815828012
0.00000065672955650
0.00000112847094909
0.00000135688519320
0.00000019271995282
0.00000198477553685
