0.00000000000000000
0.00000004769267185
0.00000000257566158
0.00000024754062382
0.00000027496798132
0.00000000982931365
0.00000010569613564
0.00000016900361117
0.00000014440479860
0.00000025208753005
0.00000020530353833
0.00000023858761017
0.00000016090780203
0.00000009791401746
0.00000018851989970
0.00000002928957046
0.00000014706060698
0.00000056779509689
0.00000031937576008
0.00000039426624767
0.00000066199157672
0.00000092883651998
0.00000062562065463
0.00000055234109296
0.00000139036609797
0.00000056633023265
0.00000057478970879
0.00000046822842863
0.00000093150809808
0.00000025319538462
0.00000101477094188
0.00000105893219770
0.00000024581670278
0.00000066468428924
0.00000084617877824
0.00000007677358460
0.00000031134153395
0.00000012551878809
0.00000048290249523
0.00000094550796660
0.00000053621646028
0.00000111946810153
0.00000139515593160
0.00000154816304509
0.00000065726327156
0.00000007882353783
0.00000059147155409
0.00000166912223573
0.00000087657351929
0.00000109010065071
0.00000006519454318
0.00000003320306907
0.00000152063932665
0.00000004890693545
0.00000054977874253
0.00000138956369017
0.00000052766490387
0.00000075486220672
0.00000126515087311
0.00000091017239237
