0.00000000000000000
0.00000001203270299
0.00000011711703730
0.00000011226479065
0.00000009470087857
0.00000007004005909
0.00000007530197389
0.00000025418074435
0.00000027963672289
0.00000053701325677
0.00000026612654769
0.00000048237243914
0.00000028304711135
0.00000063640620799
0.00000005674930083
0.00000027791792555
0.00000014706060698
0.00000013596052902
0.00000044300697579
0.00000076591114519
0.00000053785902019
0.00000055568455358
0.00000025171286357
0.00000061478528406
0.00000114008340712
0.00000024873610392
0.00000044914089877
0.00000059413174212
0.00000030071643584
0.00000069564392248
0.00000120477582347
0.00000010698350169
0.00000051728480261
0.00000021864010183
0.00000078232911305
0.00000135635345656
0.00000032974430572
0.00000083214159313
0.00000048290249523
0.00000049401544175
0.00000105325306535
0.00000053662374764
0.00000087602267518
0.00000057281660458
0.00000059210847031
0.00000066640449690
0.00000006271857116
0.00000062029792098
0.00000081088922408
0.00000253808212401
0.00000125230630906
0.00000049547083217
0.00000158685741887
0.00000114543298710
0.00000128113151069
0.00000158942754481
0.00000132873963083
0.00000011472655152
0.00000139920473814
0.00000225342632297
