0.00000000000000000
0.00000001203270299
0.00000011711703730
0.00000006763791659
0.00000009470087857
0.00000037109378634
0.00000046769235470
0.00000007281602055
0.00000026555951903
0.00000025208753005
0.00000008365751959
0.00000060426485363
0.00000028304711135
0.00000008566603890
0.00000012720259956
0.00000027791792555
0.00000065329674094
0.00000099962966476
0.00000019574454437
0.00000058008869643
0.00000066199157672
0.00000049349255918
0.00000056330268945
0.00000005278756409
0.00000076465937085
0.00000037823800113
0.00000007219446871
0.00000065708339886
0.00000105766643053
0.00000050602312054
0.00000107810590241
0.00000042429973369
0.00000005504132643
0.00000130189027125
0.00000091002844343
0.00000142033245016
0.00000135548164918
0.00000089638002996
0.00000093348236410
0.00000133250155933
0.00000092399391408
0.00000183183342294
0.00000074623936108
0.00000070286279665
0.00000091788247654
0.00000053583095044
0.00000131108069186
0.00000022698880294
0.00000107362640494
0.00000161663936827
0.00000013114519684
0.00000095806049575
0.00000006384129770
0.00000054826302583
0.00000174653781771
0.00000078997212626
0.00000099495849460
0.00000011472655152
0.00000025974688534
0.00000091017239237
