0.00000000000000000
0.00000007175807783
0.00000011711703730
0.00000036747576198
0.00000003461184432
0.00000017080292270
0.00000013563467707
0.00000013327092849
0.00000014440479860
0.00000013068740900
0.00000050941858516
0.00000005574898843
0.00000034411676601
0.00000039163279950
0.00000017938390110
0.00000015503492715
0.00000022233509206
0.00000013596052902
0.00000118479427004
0.00000051814788018
0.00000059992529846
0.00000055568455358
0.00000081257455016
0.00000024012013742
0.00000063951802543
0.00000050363282214
0.00000070043851881
0.00000021642180167
0.00000017455810339
0.00000139092019626
0.00000076143109976
0.00000080507921209
0.00000005504132643
0.00000002747830722
0.00000001613313082
0.00000103645848857
0.00000052207005761
0.00000108909534042
0.00000041853394253
0.00000081651010236
0.00000189343754858
0.00000086042616647
0.00000107069764634
0.00000063783970062
0.00000013602486158
0.00000112341190951
0.00000052605254156
0.00000114471007835
0.00000120499499537
0.00000076101395223
0.00000138420761638
0.00000095806049575
0.00000152063932665
0.00000021650193623
0.00000035031889667
0.00000085659341114
0.00000046090867662
0.00000082175364966
0.00000032677381786
0.00000091017239237
