0.00000000000000000
0.00000001203270299
0.00000011711703730
0.00000024754062382
0.00000015478991282
0.00000031088304089
0.00000034702694834
0.00000016900361117
0.00000038671423946
0.00000037348765110
0.00000095033363965
0.00000054331864639
0.00000058839538465
0.00000051401950375
0.00000220285480547
0.00000101521591598
0.00000077642864062
0.00000122123382716
0.00000130842548574
0.00000076591114519
0.00000084819041152
0.00000086664452558
0.00000087489251533
0.00000117678300403
0.00000151550744339
0.00000325821180820
0.00000189410221398
0.00000400133920003
0.00000181461642523
0.00000461373853181
0.00000145811566559
0.00000217769336872
0.00000234434584258
0.00000136561086945
0.00000247400381144
0.00000148431144375
0.00000174013315297
0.00000153876439817
0.00000151279933837
0.00000126800262721
0.00000137640094351
0.00000289568189189
0.00000236853078739
0.00000154816304509
0.00000163458529026
0.00000158041932213
0.00000732422896142
0.00000193132831442
0.00000192752224273
0.00000227481276523
0.00000349462853352
0.00000261016643711
0.00000264634689447
0.00000253882956341
0.00000207897089415
0.00000212239782385
0.00000219657058504
0.00000396565146792
0.00000247163565843
0.00000755232737043
