0.00000000000000000
0.00000001203270299
0.00000011711703730
0.00000012760548566
0.00000015478991282
0.00000041164590450
0.00000040735965152
0.00000019372583642
0.00000112771976588
0.00000043418771163
0.00000032694955706
0.00000054331864639
0.00000040518642067
0.00000045282615163
0.00000061774100062
0.00000236406654016
0.00000077642864062
0.00000171475904758
0.00000118479427004
0.00000127813579117
0.00000250338861476
0.00000080445253118
0.00000099952844569
0.00000013454500923
0.00000151550744339
0.00000163218621125
0.00000120303375888
0.00000109774499605
0.00000137306226165
0.00000126450632830
0.00000145811566559
0.00000226473387930
0.00000019932584203
0.00000238514044068
0.00000161237476047
0.00000056301635138
0.00000148369881711
0.00000244401868478
0.00000151279933837
0.00000171949515207
0.00000292751075871
0.00000189659390670
0.00000158983090276
0.00000148313994905
0.00000143912088652
0.00000190685318828
0.00000182903190933
0.00000088738703148
0.00000225594371880
0.00000194572606675
0.00000210966480665
0.00000194932406057
0.00000185172978777
0.00000260518178133
0.00000221194412472
0.00000332158095168
0.00000074070341382
0.00000269471405203
0.00000087971096747
0.00000325391479250
