0.00000000000000000
0.00000001203270299
0.00000011711703730
0.00000006763791659
0.00000015478991282
0.00000019046154999
0.00000022636154199
0.00000019372583642
0.00000032613687925
0.00000037348765110
0.00000044859557579
0.00000042142623190
0.00000058839538465
0.00000045282615163
0.00000055642370049
0.00000046224242316
0.00000059173079110
0.00000062948574944
0.00000062845379935
0.00000064202951269
0.00000078612413325
0.00000080445253118
0.00000087489251533
0.00000086456204850
0.00000095237138899
0.00000100521210619
0.00000088891173383
0.00000097184168257
0.00000105766643053
0.00000101167859238
0.00000114144086294
0.00000112239544410
0.00000113610179239
0.00000117444907485
0.00000116542710417
0.00000122839546936
0.00000129137306521
0.00000128181065089
0.00000131969368028
0.00000133250155933
0.00000137640094351
0.00000137851003659
0.00000146004758865
0.00000148313994905
0.00000150427568776
0.00000158041932213
0.00000163817575448
0.00000160357071606
0.00000166478506187
0.00000168245670797
0.00000177991153835
0.00000188323982291
0.00000185172978777
0.00000194165960214
0.00000201248427886
0.00000198915525409
0.00000206305813055
0.00000209269106556
0.00000206947406332
0.00000205193823338
