0.00000000000000000
0.00000000000000000
0.00000000000000000
0.00000008011776000
0.00000002004087734
0.00000004379764725
0.00000001504746634
0.00000004091847879
0.00000002887579827
0.00000012690636282
0.00000009236089678
0.00000005000732143
0.00000001425198254
0.00000005578306358
0.00000002348360904
0.00000025630482190
0.00000032232002572
0.00000002835812556
0.00000010403612968
0.00000005799487674
0.00000019040221522
0.00000009511716843
0.00000006782027940
0.00000003757476664
0.00000013797965904
0.00000017127435434
0.00000064999120367
0.00000054346337706
0.00000027577733743
0.00000013284450224
0.00000054168800517
0.00000056382120244
0.00000015335847891
0.00000086088855980
0.00000013070015881
0.00000091091715598
0.00000065246942227
0.00000086793980821
0.00000079384502072
0.00000057436644888
0.00000020576223771
0.00000010400156213
0.00000066331625525
0.00000022402515859
0.00000027863194446
0.00000019861189576
0.00000051639818653
0.00000070650679392
0.00000079960936312
0.00000119648475905
0.00000022544848118
0.00000096055593210
0.00000021517846957
0.00000008844220092
0.00000136367155400
0.00000029829261050
0.00000030246613733
0.00000134286656462
0.00000009736283934
0.00000159611149668
