0.00000000000000000
0.00000000000000000
0.00000000000000000
0.00000001300889600
0.00000006792005288
0.00000004379764725
0.00000006051039739
0.00000013995368193
0.00000002887579827
0.00000012690636282
0.00000024215028120
0.00000002306776044
0.00000008152898876
0.00000032084304055
0.00000010575883691
0.00000017505432477
0.00000010172326983
0.00000012099179695
0.00000010403612968
0.00000041943543021
0.00000043537523671
0.00000016346875358
0.00000015741006909
0.00000054956087905
0.00000044580783245
0.00000017127435434
0.00000064999120367
0.00000063010930500
0.00000016220878676
0.00000020727278760
0.00000034657872078
0.00000011628733026
0.00000040475487759
0.00000012764230326
0.00000034664802094
0.00000003257345022
0.00000028147382006
0.00000067191948493
0.00000079384502072
0.00000015666253491
0.00000020576223771
0.00000109201487113
0.00000027140559039
0.00000012128812926
0.00000014397246538
0.00000094864377496
0.00000121867598970
0.00000047908715149
0.00000088953032130
0.00000030121379521
0.00000022544848118
0.00000027002197065
0.00000028849406360
0.00000135300103021
0.00000033672407071
0.00000127008177881
0.00000142864938229
0.00000027926918936
0.00000148259262591
0.00000023113488046
