0.00000000000000000
0.00000000000000000
0.00000000000000000
0.00000001300889600
0.00000002004087734
0.00000004379764725
0.00000006051039739
0.00000015715192749
0.00000009377950900
0.00000004323482064
0.00000009236089678
0.00000024229300604
0.00000001425198254
0.00000005578306358
0.00000030561730242
0.00000017505432477
0.00000010172326983
0.00000002835812556
0.00000038163109337
0.00000005799487674
0.00000001819026876
0.00000052004709791
0.00000055930824841
0.00000015500189578
0.00000029189374574
0.00000017127435434
0.00000012114642864
0.00000071675523294
0.00000016220878676
0.00000057941421444
0.00000072652234339
0.00000062775461275
0.00000015335847891
0.00000075105179724
0.00000013070015881
0.00000022127157146
0.00000028147382006
0.00000010460290324
0.00000037465856348
0.00000008704521592
0.00000011451342536
0.00000091261240614
0.00000066331625525
0.00000012128812926
0.00000034596168400
0.00000103689421117
0.00000121867598970
0.00000025166750906
0.00000030280357358
0.00000030121379521
0.00000022544848118
0.00000027002197065
0.00000028849406360
0.00000066501949337
0.00000033672407071
0.00000112375281540
0.00000105982917717
0.00000027926918936
0.00000129671551236
0.00000004841024274
