0.00000000000000000
0.00000000000000000
0.00000000000000000
0.00000008011776000
0.00000002004087734
0.00000004379764725
0.00000001504746634
0.00000015715192749
0.00000002887579827
0.00000004183577109
0.00000024215028120
0.00000024229300604
0.00000001425198254
0.00000032084304055
0.00000002348360904
0.00000004062524857
0.00000003104938724
0.00000034217656000
0.00000010403612968
0.00000037628174804
0.00000050329094118
0.00000016346875358
0.00000055930824841
0.00000054956087905
0.00000052276487580
0.00000053480959670
0.00000012114642864
0.00000006305811853
0.00000038934588810
0.00000020727278760
0.00000072652234339
0.00000024415415089
0.00000015335847891
0.00000012764230326
0.00000085052636593
0.00000091091715598
0.00000021964121969
0.00000018564812920
0.00000069334135917
0.00000022627985391
0.00000084450392418
0.00000109201487113
0.00000011464132445
0.00000022402515859
0.00000113529258588
0.00000019861189576
0.00000040072657478
0.00000002424786664
0.00000099833167893
0.00000139183674439
0.00000056685082014
0.00000105311699967
0.00000028849406360
0.00000008844220092
0.00000077756738082
0.00000046338465148
0.00000142864938229
0.00000120105358125
0.00000028323995290
0.00000029204309303
