0.00000000000000000
0.00000000000000000
0.00000000000000000
0.00000001300889600
0.00000002004087734
0.00000007149450321
0.00000009060533007
0.00000005811672435
0.00000009377950900
0.00000004183577109
0.00000009236089678
0.00000002306776044
0.00000008152898876
0.00000025807202319
0.00000002348360904
0.00000006721453810
0.00000031374491760
0.00000002835812556
0.00000028616133833
0.00000005799487674
0.00000039899469920
0.00000043687509418
0.00000002176951029
0.00000003757476664
0.00000029189374574
0.00000053480959670
0.00000038556881616
0.00000014970404648
0.00000004864023609
0.00000001601206850
0.00000024902407858
0.00000018022074058
0.00000015335847891
0.00000056698935351
0.00000005871753809
0.00000053352091350
0.00000083796722337
0.00000010460290324
0.00000016220336635
0.00000095721456900
0.00000107172113523
0.00000016380238379
0.00000019302345742
0.00000080334513468
0.00000100063310680
0.00000037511276818
0.00000028505496303
0.00000118865689297
0.00000128697495293
0.00000119648475905
0.00000005474731170
0.00000105311699967
0.00000102165000391
0.00000066501949337
0.00000052565691790
0.00000143517381979
0.00000030246613733
0.00000027926918936
0.00000111083839880
0.00000084021700617
