0.00000000000000000
0.00000000000000000
0.00000000000000000
0.00000001300889600
0.00000010800180756
0.00000004379764725
0.00000009060533007
0.00000004091847879
0.00000009377950900
0.00000004183577109
0.00000009236089678
0.00000005000732143
0.00000017730996007
0.00000005578306358
0.00000010575883691
0.00000017505432477
0.00000003104938724
0.00000034217656000
0.00000016474453256
0.00000005799487674
0.00000029469845721
0.00000045169551276
0.00000015741006909
0.00000031470662078
0.00000013797965904
0.00000007040521848
0.00000073822633079
0.00000014970404648
0.00000074633961861
0.00000013284450224
0.00000073679728957
0.00000056382120244
0.00000015335847891
0.00000012764230326
0.00000080507391046
0.00000022127157146
0.00000015780861932
0.00000103003026012
0.00000016220336635
0.00000095721456900
0.00000020576223771
0.00000022360320546
0.00000027140559039
0.00000032676218791
0.00000106796284634
0.00000121339508359
0.00000110300437795
0.00000032747405654
0.00000118761379503
0.00000023609646676
0.00000082290257437
0.00000105311699967
0.00000028849406360
0.00000096861616857
0.00000121841069094
0.00000151771984028
0.00000132045466232
0.00000020836269767
0.00000065499418002
0.00000138839091931
