0.00000000000000000
0.00000000000000000
0.00000000000000000
0.00000001300889600
0.00000002004087734
0.00000004379764725
0.00000006051039739
0.00000015715192749
0.00000015868321973
0.00000012690636282
0.00000001914282921
0.00000005000732143
0.00000008152898876
0.00000032084304055
0.00000010575883691
0.00000006721453810
0.00000039299390831
0.00000002835812556
0.00000022545293545
0.00000057857886586
0.00000039899469920
0.00000009511716843
0.00000055930824841
0.00000027242902492
0.00000013797965904
0.00000047388176193
0.00000060601513703
0.00000002358780941
0.00000016220878676
0.00000053701006607
0.00000034657872078
0.00000018022074058
0.00000076842831628
0.00000067682611607
0.00000013070015881
0.00000081656809536
0.00000015780861932
0.00000086793980821
0.00000016220336635
0.00000015666253491
0.00000020576223771
0.00000022360320546
0.00000027140559039
0.00000042949921724
0.00000113529258588
0.00000011036145955
0.00000121867598970
0.00000002424786664
0.00000089897052103
0.00000106625010216
0.00000131086204415
0.00000038189268908
0.00000087501881585
0.00000047282706256
0.00000098580585962
0.00000005065454903
0.00000062705029726
0.00000035017568104
0.00000028323995290
0.00000141338685897
