0.00000000000000000
0.00000000000000000
0.00000000000000000
0.00000001300889600
0.00000002004087734
0.00000004379764725
0.00000006051039739
0.00000015715192749
0.00000002887579827
0.00000021337600410
0.00000024215028120
0.00000016921792417
0.00000017730996007
0.00000005578306358
0.00000010575883691
0.00000047198439524
0.00000010172326983
0.00000002835812556
0.00000022545293545
0.00000029671003022
0.00000043537523671
0.00000043687509418
0.00000046971845872
0.00000015500189578
0.00000052276487580
0.00000017127435434
0.00000012114642864
0.00000014970404648
0.00000061648298944
0.00000043055764371
0.00000054168800517
0.00000056382120244
0.00000015335847891
0.00000023747906582
0.00000027466540023
0.00000012692251084
0.00000021964121969
0.00000026669335515
0.00000016220336635
0.00000050474912988
0.00000020576223771
0.00000109201487113
0.00000019302345742
0.00000080334513468
0.00000120262232542
0.00000037511276818
0.00000028505496303
0.00000118865689297
0.00000098889147921
0.00000082215242278
0.00000014009789644
0.00000094124628124
0.00000125113341106
0.00000125690481480
0.00000021076883925
0.00000038083863099
0.00000051885557728
0.00000006654971431
0.00000009736283934
0.00000023113488046
