0.00000000000000000
0.00000015574083636
0.00000018537800418
0.00000010424379134
0.00000030538570148
0.00000069620840617
0.00000054730100309
0.00000013567898441
0.00000066966987119
0.00000172466787040
0.00000041601545112
0.00000057356199843
0.00000024407378733
0.00000038134385853
0.00000118761312470
0.00000105641747515
0.00000104775914679
0.00000017998530112
0.00000115406945387
0.00000244682681160
0.00000319823867993
0.00000075363915149
0.00000532449779252
0.00000076254629353
0.00000119198830714
0.00000181561438280
0.00000240534384936
0.00000388238776102
0.00000141010916663
0.00000278575932518
0.00000899041867446
0.00000053774059530
0.00000191405611615
0.00000449406935001
0.00000349207343985
0.00000164210900682
0.00000326064009761
0.00000908521488093
0.00000068825165054
0.00000156366976439
0.00000460473986805
