0.00000000000000000
0.00000004903490714
0.00000010116397690
0.00000061721939024
0.00000053497157584
0.00000117572142360
0.00000049508779411
0.00000057476464384
0.00000027663805738
0.00000012232603066
0.00000170961803522
0.00000008027336160
0.00000358723556831
0.00000263984319547
0.00000032859801515
0.00000304695127886
0.00000138190689342
0.00000315225105686
0.00000245188277986
0.00000279533415719
0.00000039065377936
0.00000027022012958
0.00000182524490995
0.00000322358492443
0.00000521647904860
0.00000378747101542
0.00000165654031821
0.00000072256854422
0.00000192436354603
0.00000051317489860
0.00000220321931983
0.00000527091852422
0.00000039689015458
0.00000153898242299
0.00000851784001851
0.00000088344051636
0.00000410838582387
0.00000021044339851
0.00000272596818059
0.00000330030096904
0.00000143008723323
