0.00000000000000000
0.00000016437695130
0.00000047191998526
0.00000066521960702
0.00000045844295105
0.00000117572142360
0.00000018850285376
0.00000057476464384
0.00000080419943059
0.00000117775111698
0.00000013507471201
0.00000141919966155
0.00000000824030935
0.00000018328097571
0.00000068220941141
0.00000187072675849
0.00000073399594937
0.00000126990043338
0.00000413904010365
0.00000254844514179
0.00000158505411364
0.00000092176694481
0.00000115872055136
0.00000043068455781
0.00000292761488265
0.00000008277067535
0.00000090773678705
0.00000349937937110
0.00000278963493178
0.00000128036890413
0.00000775431141129
0.00000149076423138
0.00000072702533612
0.00000419856065731
0.00000075876179181
0.00000072559367116
0.00000629839561670
0.00000103250841642
0.00000972674394752
0.00000137497922039
0.00000587460092198
