0.00000000000000000
0.00000008986401049
0.00000045990054640
0.00000049508779411
0.00000027663805738
0.00000080965128192
0.00000013439735768
0.00000422003540440
0.00000048083707074
0.00000057005345718
0.00000179302336553
0.00000059090588992
0.00000052443962425
0.00000315719666780
0.00000150399898329
0.00000768563878556
0.00000103369563206
0.00000049424776135
0.00000121192125915
0.00000057504517664
0.00000442333114606
0.00000371405414727
0.00000310461738558
0.00000700145947716
0.00001060912358962
0.00000281708664654
0.00000418402865144
0.00000362776651001
0.00000183223691258
0.00000355439247035
inf
