0.00000000000000000
0.00000000564998320
0.00000007579982711
0.00000079256895537
0.00000057141191774
0.00000029252904433
0.00000049638788401
0.00000093508247110
0.00000477324707510
0.00000449141851418
0.00000403011568751
0.00000067422143474
0.00000054363826838
0.00000187353347154
0.00000227538055239
0.00000418333487323
0.00000862680480732
0.00000455012956167
0.00000022288457852
0.00000350038788347
0.00000152079159423
0.00000115517121575
0.00000485149802768
0.00000074328280073
0.00000082959072419
0.00000389532603440
0.00001280634203267
0.00001221582778083
0.00000503663704358
0.00000039444199688
inf
