0.00000000000000000
0.00000004903490714
0.00000018537800418
0.00000036073159079
0.00000015232845190
0.00000021669538874
0.00000079256895537
0.00000156270737754
0.00000155399145226
0.00000073799066435
0.00000021380187817
0.00000020160585944
0.00000131640869821
0.00000083304372592
0.00000068220941141
0.00000024210819181
0.00000193863669486
0.00000163237186701
0.00000338827718709
0.00000174981212043
0.00000044122322822
0.00000196365466549
0.00000184063906227
0.00000247781564234
0.00000187873563416
0.00000314390381439
0.00000037287712194
0.00000080946501544
0.00000372425387392
0.00000457930312791
0.00000212315610128
0.00000253575156634
0.00000050693521509
0.00000860681602645
0.00000384475881379
0.00000127805762936
0.00000027163376180
0.00000096927264581
0.00000950033099974
0.00000289497007458
0.00001113545385967
