0.00000000000000000
0.00000004903490714
0.00000000564998320
0.00000027523565764
0.00000076455745020
0.00000076471026581
0.00000048598401502
0.00000079430747355
0.00000076792782464
0.00000278009295672
0.00000065219694960
0.00000015074316686
0.00000265753832446
0.00000049426882537
0.00000169301683798
0.00000096593866589
0.00000250555877091
0.00000134239472011
0.00000429674651528
0.00000243227602659
0.00000309425405398
0.00000187057654903
0.00000209058569674
0.00000367104649368
0.00000179278212174
0.00000384722424671
0.00000294325280176
0.00000522291712572
0.00000124687179359
0.00000869315316776
0.00000165383831397
0.00000321191984190
0.00000301450672126
0.00000084946214002
0.00000259174926064
0.00000314165403622
0.00000380390762121
0.00000333075975557
0.00000440603967460
0.00000370563186349
0.00000351628753611
