0.00000000000000000
0.00000010116397690
0.00000061150020063
0.00000146705582415
0.00000243831303333
0.00000167565010969
0.00000007131883351
0.00000113724395641
0.00000404434726304
0.00000121896012017
0.00000506996194698
0.00000440802679946
0.00000207900023902
0.00000561450184004
0.00000886679766789
0.00000020032258079
0.00000182747594123
0.00000638311703050
0.00000104873401087
0.00000372680083125
0.00000510062675839
0.00000268134632953
0.00000143727228389
0.00000616166814582
0.00000223568566056
0.00000425473916368
0.00001328629600680
0.00001498461124914
0.00001107569882894
0.00001036803567877
inf
