0.00000000000000000
0.00000037640599157
0.00000061295779598
0.00000017939907466
0.00000031290966333
0.00000013507471201
0.00000074870198069
0.00000391679317643
0.00000373058406562
0.00000001396253952
0.00000205440779451
0.00000107540500654
0.00000595078259978
0.00000026895447620
0.00000056119928773
0.00000171112034689
0.00000677950366422
0.00000305121672242
0.00000062486114774
0.00000215993581113
0.00000700541833928
0.00000762324669797
0.00001044151608241
0.00001269337850066
0.00000941291817118
0.00001545644835969
0.00000541505083111
0.00000829338453407
0.00000780967561849
0.00000049319044918
inf
