0.00000000000000000
0.00000016437695130
0.00000018537800418
0.00000001874785819
0.00000015378604725
0.00000144972886214
0.00000024071606273
0.00000019363526015
0.00000066966987119
0.00000207647623251
0.00000151819577737
0.00000111771332782
0.00000038671145436
0.00000094596869276
0.00000118761312470
0.00000247225608599
0.00000072380367476
0.00000148488246218
0.00000429674651528
0.00000418936353953
0.00000444605419129
0.00000045637636250
0.00000515786670287
0.00000326460782975
0.00000159251751687
0.00000187536761409
0.00000422386671074
0.00000321212307867
0.00000613228839787
0.00000217200412076
0.00000253519185567
0.00000825244698698
0.00000444509250790
0.00000752328415321
0.00000525550030956
0.00000119913420676
0.00000015223910133
0.00000219251588461
0.00000283917465448
0.00000076698287871
0.00000265160901153
