0.00000000000000000
0.00000005767102208
0.00000056743397896
0.00000001874785819
0.00000114720057414
0.00000087933436539
0.00000128310485994
0.00000057476464384
0.00000017838010393
0.00000108979902645
0.00000155216370290
0.00000217476040673
0.00000000824030935
0.00000018328097571
0.00000411895466175
0.00000545805679156
0.00000088578141077
0.00000344472903514
0.00000027352520472
0.00000092207752906
0.00000132651541288
0.00000401137322764
0.00000674086205451
0.00000232866178592
0.00000172602725345
0.00000314390381439
0.00000101470872007
0.00000195849018518
0.00000021836303480
0.00000715876515670
0.00000294722761006
0.00000776068824112
0.00000061698027561
0.00000259813927484
0.00000552001434001
0.00000230406212316
0.00000290741271167
0.00000438400425866
0.00000055701956228
0.00000571831143253
0.00000932136663978
