0.00000000000000000
0.00000018537800418
0.00000015378604725
0.00000066993497923
0.00000100071533750
0.00000010110678648
0.00000043330935984
0.00000320922797783
0.00000235377330951
0.00000193275744947
0.00000033723860227
0.00000624096878557
0.00000174522589758
0.00000176351225123
0.00000363854481068
0.00000117312993385
0.00000268437153973
0.00000461969016080
0.00000213031246260
0.00000531169146574
0.00001240531491360
0.00000340809638372
0.00000656145550073
0.00000102321324450
0.00000097911640149
0.00000287698883476
0.00001002260898273
0.00000437094128731
0.00000731669098295
0.00000513547133169
inf
