0.00000000000000000
0.00000005767102208
0.00000008986401049
0.00000015224400812
0.00000015232845190
0.00000026281762869
0.00000030203305081
0.00000019363526015
0.00000100071533750
0.00000075719487461
0.00000120328711272
0.00000125865293835
0.00000024407378733
0.00000139766856015
0.00000174372841235
0.00000147698918413
0.00000138190689342
0.00000380720046877
0.00000131177586551
0.00000070429008368
0.00000231294649526
0.00000306256362342
0.00000674086205451
0.00000217950792950
0.00000074390287324
0.00000593858734191
0.00000593846692639
0.00000071371291796
0.00000047549022450
0.00000151052710579
0.00000068103096091
0.00000284310078250
0.00000567905305911
0.00000506071171403
0.00000322755940939
0.00000175159816496
0.00000135321221353
0.00000377341014982
0.00000123625840563
0.00000836693714969
0.00000346794826049
