0.00000000000000000
0.00000028089199788
0.00000076601504555
0.00000018850285376
0.00000060768352369
0.00000010110678648
0.00000013439735768
0.00000022751727250
0.00000039984820273
0.00000468609051308
0.00000569386970266
0.00000524118224769
0.00000107767721469
0.00000229837191634
0.00000089585478723
0.00000082976680519
0.00000083707039663
0.00000887052539245
0.00000043482101008
0.00000621734325687
0.00000387910498009
0.00000362612139997
0.00000062206131758
0.00001110710598591
0.00000501630968872
0.00001593566586541
0.00000744771567551
0.00000101280434550
0.00000670046018853
0.00000009930026460
inf
