0.00000000000000000
0.00000048321995167
0.00000114720057414
0.00000042466702695
0.00000076792782464
0.00000167565010969
0.00000119025164987
0.00000103616321375
0.00000162487349744
0.00000452838410144
0.00000231294649526
0.00000350694995873
0.00000214575510731
0.00000358203511261
0.00000115298197693
0.00000247790982276
0.00000358819690940
0.00000638311703050
0.00000651033204826
0.00000089663898395
0.00000161149595522
0.00000349602913101
0.00000881109414978
0.00000130314368828
0.00000030625085362
0.00001054446892615
0.00000560703242076
0.00000032060847843
0.00000278949404561
0.00000148067497214
inf
