0.00000000000000000
0.00000004903490714
0.00000047191998526
0.00000027523565764
0.00000084108607499
0.00000097021584471
0.00000030203305081
0.00000068453605869
0.00000060768352369
0.00000022948233145
0.00000186707236754
0.00000027207566470
0.00000095441817189
0.00000074790580995
0.00000032859801515
0.00000304695127886
0.00000154388462944
0.00000068994613958
0.00000079265053511
0.00000045740106828
0.00000070260765720
0.00000308059206303
0.00000065882728242
0.00000304087704513
0.00000059119449254
0.00000062054975697
0.00000058987027527
0.00000244610629884
0.00000064690835096
0.00000263232052407
0.00000706758515397
0.00000585512310091
0.00000422500238688
0.00000437119143105
0.00000135735045184
0.00000482961164635
0.00000069550662493
0.00001408084075900
0.00000329200055005
0.00000522562271768
0.00001022841024973
