0.00000000000000000
0.00000000564998320
0.00000015378604725
0.00000000455188955
0.00000155399145226
0.00000136074144505
0.00000139596784107
0.00000270382426455
0.00000130091802542
0.00000455630918048
0.00000044122322822
0.00000175732351744
0.00000119198830714
0.00000133867380642
0.00000407527088028
0.00000850971029434
0.00000620581347608
0.00000790064061411
0.00000429842596153
0.00000802864683914
0.00000500992239740
0.00000319007136746
0.00000854125356177
0.00000336236370803
0.00000337152723837
0.00000059733808165
0.00000128744665361
0.00000452476259110
0.00000842590641291
0.00001323174079536
inf
