0.00000000000000000
0.00000018537800418
0.00000007579982711
0.00000000455188955
0.00000214353917298
0.00000136074144505
0.00000089133964772
0.00000149085535267
0.00000300168425356
0.00000059797853621
0.00000569386970266
0.00000150737688298
0.00000194549050244
0.00000219139998332
0.00000201007260926
0.00000219182872701
0.00000094711545714
0.00000613721374441
0.00000559194084482
0.00000374482644562
0.00000092822615263
0.00000377147141081
0.00000714374904809
0.00000288941620303
0.00000105387924015
0.00000604843720913
0.00000744771567551
0.00000437094128731
0.00001520444515158
0.00000098803633526
inf
