0.00000000000000000
0.00000018537800418
0.00000076455745020
0.00000116957466289
0.00000139374715131
0.00000123725503825
0.00000183751751026
0.00000032859801515
0.00000065300708136
0.00000079265053511
0.00000272888499905
0.00000374150244088
0.00000281330379020
0.00000304717544750
0.00000012447321813
0.00000124180255958
0.00000246428141870
0.00000261036000500
0.00000304870366604
0.00000091466459832
0.00000705375761491
0.00000393207916352
0.00000283477679757
0.00000121623030573
0.00000500191069069
0.00000173547965772
0.00000493509685698
0.00000606297562905
0.00000155703245676
0.00001007179032189
inf
