0.00000000000000000
0.00000018537800418
0.00000114720057414
0.00000012718586569
0.00000066966987119
0.00000262037610361
0.00000219950803658
0.00000022751727250
0.00000340662859360
0.00000121896012017
0.00000413410031345
0.00000307497808229
0.00000701886049240
0.00000208442805030
0.00000098156385046
0.00000288994557715
0.00000125378575308
0.00000126917910836
0.00000217906164588
0.00000621734325687
0.00000968418408376
0.00000851060450487
0.00000097143744600
0.00000401553474352
0.00000410475662687
0.00000257747789369
0.00000015241526877
0.00000713972475561
0.00000626909863243
0.00000355549609495
inf
