0.00000000000000000
0.00000004903490714
0.00000000564998320
0.00000015224400812
0.00000000072879767
0.00000094783622502
0.00000018850285376
0.00000035522181413
0.00000011639375643
0.00000014153024092
0.00000206928594049
0.00000069489449626
0.00000081178050486
0.00000176423051157
0.00000164264766969
0.00000120555275635
0.00000049102934535
0.00000337223474842
0.00000059797853621
0.00000082045919887
0.00000241693112121
0.00000177749843257
0.00000050759034510
0.00000057983841423
0.00000227926484389
0.00000079980945085
0.00000358203511261
0.00000503141293076
0.00000330388931118
0.00000646829055173
0.00000576280526506
0.00000272016109604
0.00000048347032950
0.00000281952009137
0.00000126917910836
0.00000293544950395
0.00000354322200636
0.00000552224812962
0.00000304756198790
0.00000289497007458
0.00000342558317512
