1.00000000000000000
4.46870374679565430
19.96931457519531250
89.23695373535156250
398.77322387695312500
1782.00183105468750000
7963.22509765625000000
35585.33984375000000000
159020.32812500000000000
710614.56250000000000000
3175526.25000000000000000
14190484.00000000000000000
63412996.00000000000000000
283373184.00000000000000000
1266314624.00000000000000000
5658789376.00000000000000000
25287350272.00000000000000000
113002070016.00000000000000000
504973721600.00000000000000000
2256576708608.00000000000000000
10083945676800.00000000000000000
45062213861376.00000000000000000
201370699300864.00000000000000000
899862287613952.00000000000000000
4021187826941952.00000000000000000
17969606295552000.00000000000000000
80300881819467776.00000000000000000
358843005752311808.00000000000000000
1603551260009562112.00000000000000000
7165767966867324928.00000000000000000
32021987531348246528.00000000000000000
143095474603977342976.00000000000000000
639454852091268300800.00000000000000000
2857531993241742737408.00000000000000000
12769491746747515404288.00000000000000000
57062687941812029489152.00000000000000000
254998080314164230750208.00000000000000000
1139509640801349563056128.00000000000000000
5092100915407281094393856.00000000000000000
22755260159128532252884992.00000000000000000
101686468444587075307569152.00000000000000000
