1.00000000000000000
4.46870374679565430
19.96931648254394531
89.23690795898437500
398.77380371093750000
1782.00061035156250000
7963.22509765625000000
35585.27734375000000000
159020.17187500000000000
710613.56250000000000000
3175526.25000000000000000
14190466.00000000000000000
63413104.00000000000000000
283374144.00000000000000000
1266315136.00000000000000000
5658792960.00000000000000000
25287397376.00000000000000000
113002176512.00000000000000000
504971788288.00000000000000000
2256583000064.00000000000000000
10083956162560.00000000000000000
45062285164544.00000000000000000
201368736366592.00000000000000000
899863965335552.00000000000000000
4021226750083072.00000000000000000
17969639581548544.00000000000000000
80301216826916864.00000000000000000
358842937032835072.00000000000000000
1603551947204329472.00000000000000000
7165786658564997120.00000000000000000
32021897371394768896.00000000000000000
143095518584442454016.00000000000000000
639452107710245371904.00000000000000000
2857521860142581153792.00000000000000000
12769491746747515404288.00000000000000000
57063187841370667614208.00000000000000000
254995486240778865344512.00000000000000000
1139506037921647666659328.00000000000000000
5092131467827153175838720.00000000000000000
22755246324070476970721280.00000000000000000
101686247083658190792949760.00000000000000000
