1.00000000000000000
4.46870470046997070
19.96931266784667969
89.23694610595703125
398.77331542968750000
1781.99865722656250000
7963.22949218750000000
35585.26562500000000000
159020.25000000000000000
710614.75000000000000000
3175528.00000000000000000
14190465.00000000000000000
63413052.00000000000000000
283373760.00000000000000000
1266318720.00000000000000000
5658772992.00000000000000000
25287510016.00000000000000000
113002151936.00000000000000000
504973164544.00000000000000000
2256567009280.00000000000000000
10083926802432.00000000000000000
45062184501248.00000000000000000
201369944326144.00000000000000000
899865710166016.00000000000000000
4021219233890304.00000000000000000
17969609516777472.00000000000000000
80301328496066560.00000000000000000
358842524715974656.00000000000000000
1603554695983398912.00000000000000000
7165808648797552640.00000000000000000
32022121671766835200.00000000000000000
143096143107047030784.00000000000000000
639454570616291590144.00000000000000000
2857521578667604443136.00000000000000000
12769492872647422246912.00000000000000000
57063115783776629686272.00000000000000000
254997936198976154894336.00000000000000000
1139507262900746311434240.00000000000000000
5092124550298125534756864.00000000000000000
22755340863633854732173312.00000000000000000
101686366987494669905035264.00000000000000000
