1.00000000000000000
19.96931457519531250
398.77328491210937500
7963.23632812500000000
159020.25000000000000000
3175528.25000000000000000
63413224.00000000000000000
1266314496.00000000000000000
25287391232.00000000000000000
504970280960.00000000000000000
10083966648320.00000000000000000
201369625559040.00000000000000000
4021196953747456.00000000000000000
80301156697374720.00000000000000000
1603544800378748928.00000000000000000
32021963342092435456.00000000000000000
639456540941128564736.00000000000000000
12769419689153477476352.00000000000000000
254997485839013417844736.00000000000000000
5092115326926088679981056.00000000000000000
101686966506677065465462784.00000000000000000
2030598845741968552984838144.00000000000000000
40550134574267141262095155200.00000000000000000
809754683360715966883408379904.00000000000000000
16170179519460791252321235369984.00000000000000000
322905034216910030433292579241984.00000000000000000
6448315155183911954274109913825280.00000000000000000
128767611251492856980600339040305152.00000000000000000
2571417833707561286871448981776367616.00000000000000000
51349584865853043562419974498345287680.00000000000000000
inf
