1.00000000000000000
4.46870326995849609
19.96932029724121094
89.23690795898437500
398.77346801757812500
1782.00256347656250000
7963.22900390625000000
35585.35937500000000000
159020.25000000000000000
710614.18750000000000000
3175525.75000000000000000
14190487.00000000000000000
63413080.00000000000000000
283373568.00000000000000000
1266313728.00000000000000000
5658789888.00000000000000000
25287481344.00000000000000000
113002012672.00000000000000000
504972378112.00000000000000000
2256568844288.00000000000000000
10083967696896.00000000000000000
45062129975296.00000000000000000
201369994657792.00000000000000000
899861415198720.00000000000000000
4021205812117504.00000000000000000
17969694342381568.00000000000000000
80300967718813696.00000000000000000
358842078039375872.00000000000000000
1603555658056073216.00000000000000000
7165843833169641472.00000000000000000
32021712653441302528.00000000000000000
143096512542953963520.00000000000000000
639454218772570701824.00000000000000000
2857538185691230371840.00000000000000000
12769394919355526938624.00000000000000000
57063192344970294984704.00000000000000000
254996945407058133385216.00000000000000000
1139504164424202680532992.00000000000000000
5092135503052419299803136.00000000000000000
22755232489012421688557568.00000000000000000
101686339317378559340707840.00000000000000000
