1.00000000000000000
4.46870422363281250
19.96931648254394531
89.23694610595703125
398.77352905273437500
1782.00170898437500000
7963.23486328125000000
35585.33203125000000000
159020.10937500000000000
710615.06250000000000000
3175531.50000000000000000
14190482.00000000000000000
63413124.00000000000000000
283374272.00000000000000000
1266315008.00000000000000000
5658809856.00000000000000000
25287337984.00000000000000000
113002192896.00000000000000000
504974213120.00000000000000000
2256578805760.00000000000000000
10083970842624.00000000000000000
45062322913280.00000000000000000
201370531528704.00000000000000000
899866649690112.00000000000000000
4021217623277568.00000000000000000
17969709374767104.00000000000000000
80300452322738176.00000000000000000
358839810296643584.00000000000000000
1603542876233400320.00000000000000000
7165839435123130368.00000000000000000
32021864386045935616.00000000000000000
143096151903140052992.00000000000000000
639458722372198072320.00000000000000000
2857523548992441417728.00000000000000000
12769486117247981191168.00000000000000000
57063007697385572794368.00000000000000000
254995324111192280006656.00000000000000000
1139510073146913790623744.00000000000000000
5092178161148089753141248.00000000000000000
22755250935756495398109184.00000000000000000
101686385434238743614586880.00000000000000000
