1.00000000000000000
4.46870279312133789
19.96930313110351562
89.23692321777343750
398.77377319335937500
1781.99914550781250000
7963.23388671875000000
35585.32812500000000000
159020.23437500000000000
710615.06250000000000000
3175516.25000000000000000
14190511.00000000000000000
63412948.00000000000000000
283373344.00000000000000000
1266309248.00000000000000000
5658785280.00000000000000000
25287483392.00000000000000000
113001963520.00000000000000000
504973393920.00000000000000000
2256571465728.00000000000000000
10083949871104.00000000000000000
45062331301888.00000000000000000
201369826885632.00000000000000000
899859469041664.00000000000000000
4021213865181184.00000000000000000
17969647097741312.00000000000000000
80300340653588480.00000000000000000
358840497491410944.00000000000000000
1603550847692701696.00000000000000000
7165827890251038720.00000000000000000
32022084288371490816.00000000000000000
143096336621093519360.00000000000000000
639451192916571062272.00000000000000000
2857515104743140098048.00000000000000000
12769442207151614328832.00000000000000000
57062823049800850604032.00000000000000000
254997990242171683340288.00000000000000000
1139509784916537638912000.00000000000000000
5092134350130914692956160.00000000000000000
22755121808547979431247872.00000000000000000
101686643688655775548309504.00000000000000000
