1.00000000000000000
19.96931076049804688
398.77343750000000000
7963.22949218750000000
159020.07812500000000000
3175533.75000000000000000
63413080.00000000000000000
1266315008.00000000000000000
25287424000.00000000000000000
504971624448.00000000000000000
10083973988352.00000000000000000
201370514751488.00000000000000000
4021210107084800.00000000000000000
80300984898682880.00000000000000000
1603558956590956544.00000000000000000
32021809410464546816.00000000000000000
639455696516198432768.00000000000000000
12769399422955154309120.00000000000000000
254996927392659623903232.00000000000000000
5092147608728217671696384.00000000000000000
101686247083658190792949760.00000000000000000
2030592057340149427869843456.00000000000000000
40549898455942997779834470400.00000000000000000
809751358814712026653177937920.00000000000000000
16170264144268164276363464802304.00000000000000000
322909753863309805945590632153088.00000000000000000
6448301537843479815091086023458816.00000000000000000
128766818969867714337224403600801792.00000000000000000
2571381230296479696747480764471312384.00000000000000000
51348646804408874672662866937973309440.00000000000000000
inf
