1.00000000000000000
19.96930885314941406
398.77346801757812500
7963.23828125000000000
159020.26562500000000000
3175526.25000000000000000
63413132.00000000000000000
1266316160.00000000000000000
25287424000.00000000000000000
504974213120.00000000000000000
10083947773952.00000000000000000
201369759776768.00000000000000000
4021194806263808.00000000000000000
80301002078552064.00000000000000000
1603548098913632256.00000000000000000
32021939152836624384.00000000000000000
639450137385408397312.00000000000000000
12769445584851334856704.00000000000000000
254995990643937130840064.00000000000000000
5092171243619062112059392.00000000000000000
101686634465283738693533696.00000000000000000
2030601944794972936189509632.00000000000000000
40550295134727558830032420864.00000000000000000
809743047449702176077601832960.00000000000000000
16170194026570626627871331844096.00000000000000000
322906871784155844669638132629504.00000000000000000
6448227880411142334964729525567488.00000000000000000
128766105916405085958186061705248768.00000000000000000
2571394382171457064627521292767068160.00000000000000000
51348398344891229939700173584145055744.00000000000000000
inf
