1.00000000000000000
19.96931648254394531
398.77307128906250000
7963.22802734375000000
159020.10937500000000000
3175524.25000000000000000
63413016.00000000000000000
1266314112.00000000000000000
25287415808.00000000000000000
504974835712.00000000000000000
10084009639936.00000000000000000
201370632192000.00000000000000000
4021216012664832.00000000000000000
80301010668486656.00000000000000000
1603553596471771136.00000000000000000
32021805012418035712.00000000000000000
639453374347640569856.00000000000000000
12769567182041273860096.00000000000000000
254997305695028323024896.00000000000000000
5092149914571226885390336.00000000000000000
101686486891331149017120768.00000000000000000
2030593828227580503986798592.00000000000000000
40549681227084785776154640384.00000000000000000
809758687927493440342549594112.00000000000000000
16170062253656288633291288870912.00000000000000000
322911765515873644688537343229952.00000000000000000
6448174648989453063612908863225856.00000000000000000
128766432732575457298578635074043904.00000000000000000
2571396759016332492557649099085578240.00000000000000000
51348682298625681063086108845663059968.00000000000000000
inf
