1.00000000000000000
4.46870470046997070
19.96931457519531250
89.23690032958984375
398.77325439453125000
1782.00146484375000000
7963.22802734375000000
35585.33203125000000000
159020.31250000000000000
710614.68750000000000000
3175533.25000000000000000
14190489.00000000000000000
63412956.00000000000000000
283373376.00000000000000000
1266315520.00000000000000000
5658787840.00000000000000000
25287391232.00000000000000000
113002307584.00000000000000000
504973787136.00000000000000000
2256565436416.00000000000000000
10083934142464.00000000000000000
45062226444288.00000000000000000
201369994657792.00000000000000000
899864166662144.00000000000000000
4021198295924736.00000000000000000
17969667498835968.00000000000000000
80301302726262784.00000000000000000
358841322125131776.00000000000000000
1603562667442700288.00000000000000000
7165829539518480384.00000000000000000
32022172249301712896.00000000000000000
143096512542953963520.00000000000000000
639457948316012118016.00000000000000000
2857528897016998920192.00000000000000000
12769443333051521171456.00000000000000000
57062845567798987456512.00000000000000000
254999791682022631538688.00000000000000000
1139514901005714331795456.00000000000000000
5092126856141134748450816.00000000000000000
22755375451278992937582592.00000000000000000
101686477667959112162344960.00000000000000000
