1.00000000000000000
19.96930694580078125
398.77349853515625000
7963.22607421875000000
159020.53125000000000000
3175519.00000000000000000
63412884.00000000000000000
1266314752.00000000000000000
25287417856.00000000000000000
504970674176.00000000000000000
10083965599744.00000000000000000
201370665746432.00000000000000000
4021228360695808.00000000000000000
80300941949009920.00000000000000000
1603555658056073216.00000000000000000
32021862187022680064.00000000000000000
639459848272104914944.00000000000000000
12769450088450962227200.00000000000000000
254996801291870057529344.00000000000000000
5092137232434676210073600.00000000000000000
101686514561447259581448192.00000000000000000
2030609323492602420010156032.00000000000000000
40549638725786439949347717120.00000000000000000
809752945529850270853969739776.00000000000000000
16170090058950139769762307112960.00000000000000000
322905363044732965612428099321856.00000000000000000
6448256353032045898711052205424640.00000000000000000
128767442891647514168882952759410688.00000000000000000
2571371406004327927969619165021470720.00000000000000000
51349665995491458169101670287350431744.00000000000000000
inf
