1.00000000000000000
4.46870326995849609
19.96930885314941406
89.23694610595703125
398.77371215820312500
1782.00097656250000000
7963.23339843750000000
35585.33984375000000000
159020.04687500000000000
710614.68750000000000000
3175526.25000000000000000
14190489.00000000000000000
63413132.00000000000000000
283374912.00000000000000000
1266318976.00000000000000000
5658781184.00000000000000000
25287464960.00000000000000000
113002004480.00000000000000000
504970674176.00000000000000000
2256571990016.00000000000000000
10083991814144.00000000000000000
45062218055680.00000000000000000
201369742999552.00000000000000000
899861482307584.00000000000000000
4021205543682048.00000000000000000
17969696489865216.00000000000000000
80300778740252672.00000000000000000
358840222613504000.00000000000000000
1603546037329330176.00000000000000000
7165799302948716544.00000000000000000
32021708255394791424.00000000000000000
143095764875047075840.00000000000000000
639455907622430965760.00000000000000000
2857541281915974189056.00000000000000000
12769483865448167505920.00000000000000000
57063075251379983351808.00000000000000000
254997251651832794578944.00000000000000000
1139505749691271514947584.00000000000000000
5092117632769097893675008.00000000000000000
22755011128083537173938176.00000000000000000
101685527660639316120436736.00000000000000000
