1.00000000000000000
19.96931076049804688
398.77374267578125000
7963.22363281250000000
159020.20312500000000000
3175526.00000000000000000
63413088.00000000000000000
1266314112.00000000000000000
25287528448.00000000000000000
504973393920.00000000000000000
10083966648320.00000000000000000
201370565083136.00000000000000000
4021220307632128.00000000000000000
80300770150318080.00000000000000000
1603559643785723904.00000000000000000
32022101880557535232.00000000000000000
639455766884942610432.00000000000000000
12769480487748446978048.00000000000000000
254998008256570192822272.00000000000000000
5092155679178749919625216.00000000000000000
101685767468312274344607744.00000000000000000
2030594713671296042045276160.00000000000000000
40549756784948511690478059520.00000000000000000
809752038835485559882088710144.00000000000000000
16169958286035801775182264139776.00000000000000000
322911262602732685002800665460736.00000000000000000
6448175267959472706303046312787968.00000000000000000
128766412925534828732494236688056320.00000000000000000
2571384716335630324378334880405127168.00000000000000000
51348499756939248198052293320401485824.00000000000000000
inf
