1.00000000000000000
19.96930122375488281
398.77352905273437500
7963.23388671875000000
159020.32812500000000000
3175528.00000000000000000
63413000.00000000000000000
1266313216.00000000000000000
25287417856.00000000000000000
504973131776.00000000000000000
10083944628224.00000000000000000
201369390678016.00000000000000000
4021205812117504.00000000000000000
80301414395412480.00000000000000000
1603547136840957952.00000000000000000
32021903968464535552.00000000000000000
639456752047361097728.00000000000000000
12769459095650216968192.00000000000000000
254999431394052441899008.00000000000000000
5092134926591666996379648.00000000000000000
101686625241911701838757888.00000000000000000
2030585859234140661460500480.00000000000000000
40549865399377617692317974528.00000000000000000
809744407491249242535423377408.00000000000000000
16170208533680462003421428318208.00000000000000000
322909057522037707919186001395712.00000000000000000
6448155460918844140218647926800384.00000000000000000
128768235173272656812258888198914048.00000000000000000
2571383607141355124677608570789822464.00000000000000000
51348662016216077411415684898411773952.00000000000000000
inf
