1.00000000000000000
19.96932029724121094
398.77319335937500000
7963.22900390625000000
159020.12500000000000000
3175522.75000000000000000
63413084.00000000000000000
1266311296.00000000000000000
25287397376.00000000000000000
504972607488.00000000000000000
10083984474112.00000000000000000
201370783186944.00000000000000000
4021199369666560.00000000000000000
80300675661037568.00000000000000000
1603551260009562112.00000000000000000
32021941351859879936.00000000000000000
639454218772570701824.00000000000000000
12769470354649285394432.00000000000000000
254998134357359759196160.00000000000000000
5092095150799758060158976.00000000000000000
101685361639942652734472192.00000000000000000
2030609618640507599362981888.00000000000000000
40549794563880374647639769088.00000000000000000
809749923215301234281032974336.00000000000000000
16170152923092759730479391834112.00000000000000000
322907471411362373525708786892800.00000000000000000
6448187647359865560105795304030208.00000000000000000
128766086109364457392101663319261184.00000000000000000
2571392005326581636697393486448558080.00000000000000000
51349062593805749531906557856624672768.00000000000000000
inf
