1.00000000000000000
4.46870374679565430
19.96932220458984375
89.23693084716796875
398.77383422851562500
1781.99841308593750000
7963.23974609375000000
35585.33203125000000000
159020.23437500000000000
710613.37500000000000000
3175519.00000000000000000
14190444.00000000000000000
63413024.00000000000000000
283373952.00000000000000000
1266319616.00000000000000000
5658814464.00000000000000000
25287403520.00000000000000000
113002397696.00000000000000000
504972607488.00000000000000000
2256570155008.00000000000000000
10083965599744.00000000000000000
45062373244928.00000000000000000
201370934181888.00000000000000000
899863025811456.00000000000000000
4021204738375680.00000000000000000
17969546166009856.00000000000000000
80300907589271552.00000000000000000
358839879016120320.00000000000000000
1603551809765376000.00000000000000000
7165850430239408128.00000000000000000
32021925958697091072.00000000000000000
143097181046023651328.00000000000000000
639453515085128925184.00000000000000000
2857537341266300239872.00000000000000000
12769524397844813840384.00000000000000000
57063034718983337017344.00000000000000000
254997936198976154894336.00000000000000000
1139501858581193466839040.00000000000000000
5092121091533611714215936.00000000000000000
22755036492356638524571648.00000000000000000
101687040293653360303669248.00000000000000000
