1.00000000000000000
4.46870374679565430
19.96931648254394531
89.23696899414062500
398.77307128906250000
1782.00097656250000000
7963.22851562500000000
35585.29687500000000000
159020.32812500000000000
710615.25000000000000000
3175525.50000000000000000
14190522.00000000000000000
63413028.00000000000000000
283374688.00000000000000000
1266314240.00000000000000000
5658769920.00000000000000000
25287581696.00000000000000000
113002176512.00000000000000000
504971624448.00000000000000000
2256574873600.00000000000000000
10083923656704.00000000000000000
45062268387328.00000000000000000
201369893994496.00000000000000000
899864099553280.00000000000000000
4021215475793920.00000000000000000
17969492478918656.00000000000000000
80300495272411136.00000000000000000
358841837521207296.00000000000000000
1603549060986306560.00000000000000000
7165769066378952704.00000000000000000
32021917162604068864.00000000000000000
143096063942209830912.00000000000000000
639455696516198432768.00000000000000000
2857550007640252219392.00000000000000000
12769442207151614328832.00000000000000000
57063449050149055102976.00000000000000000
254995432197583336898560.00000000000000000
1139511658413982625038336.00000000000000000
5092135503052419299803136.00000000000000000
22755227877326403261169664.00000000000000000
101686643688655775548309504.00000000000000000
