1.00000000000000000
4.46870326995849609
19.96931457519531250
89.23693847656250000
398.77304077148437500
1782.00109863281250000
7963.23291015625000000
35585.30859375000000000
159020.29687500000000000
710614.43750000000000000
3175529.25000000000000000
14190497.00000000000000000
63413048.00000000000000000
283374080.00000000000000000
1266315648.00000000000000000
5658785792.00000000000000000
25287471104.00000000000000000
113002020864.00000000000000000
504974540800.00000000000000000
2256575922176.00000000000000000
10083926802432.00000000000000000
45062268387328.00000000000000000
201370716078080.00000000000000000
899861683634176.00000000000000000
4021220307632128.00000000000000000
17969589115682816.00000000000000000
80300993488617472.00000000000000000
358843383709433856.00000000000000000
1603563766954328064.00000000000000000
7165794355146391552.00000000000000000
32021998526464524288.00000000000000000
143096055146116808704.00000000000000000
639453092872663859200.00000000000000000
2857547192890485112832.00000000000000000
12769457969750310125568.00000000000000000
57062660920214265266176.00000000000000000
254997521867810436808704.00000000000000000
1139518720058198341976064.00000000000000000
5092133197209410086109184.00000000000000000
22755223265640384833781760.00000000000000000
101685075715409510236422144.00000000000000000
