1.00000000000000000
4.46870326995849609
19.96931076049804688
89.23691558837890625
398.77337646484375000
1781.99829101562500000
7963.22802734375000000
35585.32421875000000000
159020.18750000000000000
710614.25000000000000000
3175530.50000000000000000
14190465.00000000000000000
63413076.00000000000000000
283373504.00000000000000000
1266312320.00000000000000000
5658790400.00000000000000000
25287438336.00000000000000000
113002389504.00000000000000000
504972771328.00000000000000000
2256574087168.00000000000000000
10083927851008.00000000000000000
45062272581632.00000000000000000
201369474564096.00000000000000000
899860408565760.00000000000000000
4021220844503040.00000000000000000
17969617032970240.00000000000000000
80301113747701760.00000000000000000
358842387277021184.00000000000000000
1603546861963051008.00000000000000000
7165845482437083136.00000000000000000
32022016118650568704.00000000000000000
143096459766395830272.00000000000000000
639454218772570701824.00000000000000000
2857521860142581153792.00000000000000000
12769437703551986958336.00000000000000000
57063070747780355981312.00000000000000000
254998098328562740232192.00000000000000000
1139500561544500784136192.00000000000000000
5092133773670162389532672.00000000000000000
22755232489012421688557568.00000000000000000
101686440774470964743241728.00000000000000000
