1.00000000000000000
19.96931457519531250
398.77352905273437500
7963.23388671875000000
159020.31250000000000000
3175526.75000000000000000
63413092.00000000000000000
1266316032.00000000000000000
25287462912.00000000000000000
504973295616.00000000000000000
10083970842624.00000000000000000
201369977880576.00000000000000000
4021220576067584.00000000000000000
80301010668486656.00000000000000000
1603556207811887104.00000000000000000
32021919361627324416.00000000000000000
639455766884942610432.00000000000000000
12769492872647422246912.00000000000000000
254998026270968702304256.00000000000000000
5092135503052419299803136.00000000000000000
101686459221215038452793344.00000000000000000
2030608733196792061304504320.00000000000000000
40549865399377617692317974528.00000000000000000
809753096645577722682616578048.00000000000000000
16170214578309560076567301849088.00000000000000000
322908090381382016215846236454912.00000000000000000
6448252639211928042570227508051968.00000000000000000
128767185400119342809785773741572096.00000000000000000
2571392480695556722283419047712260096.00000000000000000
51348945969950528534801620159929778176.00000000000000000
inf
