O0
  naif_rec;         10;      10000;       2.897e+12;          56.977;          60.093;          57.187;           0.547 ( 0.957 %)
O1
  naif_rec;         10;      10000;       3.830e+19;          33.547;          37.557;          33.822;           0.903 ( 2.670 %)
O2
  naif_rec;         10;      10000;       2.801e+16;          33.548;          35.983;          33.635;           0.426 ( 1.266 %)
O3
  naif_rec;         10;      10000;       2.617e+20;          32.005;          34.659;          32.097;           0.465 ( 1.447 %)
Ofast
  naif_rec;         10;      10000;       2.018e+15;           6.175;           6.199;           6.176;           0.004 ( 0.068 %)
