0.00000000000000000
0.00000004903490714
0.00000018537800418
0.00000006674807497
0.00000030538570148
0.00000005731204979
0.00000006586887762
0.00000046499322898
0.00000017838010393
0.00000012232603066
0.00000033728828496
0.00000071450160895
0.00000043330935984
0.00000105889365961
0.00000128869386735
0.00000102459513783
0.00000154388462944
0.00000046996244803
0.00000059797853621
0.00000174981212043
0.00000205440779451
0.00000008406389666
0.00000157529827548
0.00000180662328846
0.00000059119449254
0.00000181561438280
0.00000037287712194
0.00000273336259127
0.00000073261741419
0.00000278575932518
0.00000205448347554
0.00000278163093927
0.00000279441660024
0.00000309065376268
0.00000047563701699
0.00000088344051636
0.00000128256673634
0.00000339399552617
0.00000046183870275
0.00000360429913987
0.00000346794826049
0.00000372678365096
0.00000066170391970
0.00000345567330033
0.00000333753480452
0.00000349968581337
0.00000064997265280
0.00000378429753918
0.00000135293059476
0.00000107762129688
0.00000011812057594
0.00000391225995983
0.00000464712447250
0.00000484259764993
0.00000367874542023
0.00000532870545418
0.00000571449091745
0.00000052734331967
0.00000612295585465
0.00000448175684419
