0.00000000000000000
0.00000005767102208
0.00000008986401049
0.00000027523565764
0.00000007725742246
0.00000042220096764
0.00000024071606273
0.00000046499322898
0.00000021465170988
0.00000012232603066
0.00000088837844808
0.00000106685063525
0.00000007131883351
0.00000117181862646
0.00000138977461001
0.00000147698918413
0.00000031885933472
0.00000119740614666
0.00000066286920251
0.00000151747389004
0.00000163846929072
0.00000008406389666
0.00000215850708924
0.00000083712322174
0.00000207900023902
0.00000229364023313
0.00000069684220829
0.00000042645662552
0.00000192436354603
0.00000270903992463
0.00000048640367653
0.00000247428172311
0.00000094711545714
0.00000318915666024
0.00000287487403545
0.00000135698105196
0.00000326064009761
0.00000014720762790
0.00000134946487952
0.00000370563186349
0.00000387910498009
0.00000380797441354
0.00000407742917436
0.00000384598788135
0.00000380336964242
0.00000433363658058
0.00000139645383621
0.00000122709682991
0.00000402999378821
0.00000134530641435
0.00000161904288226
0.00000166024936111
0.00000455113367768
0.00000492852037455
0.00000475549454679
0.00000477795491396
0.00000226359846867
0.00000542990365010
0.00000138192651984
0.00000197079659572
