0.00000000000000000
0.00000016437695130
0.00000018537800418
0.00000018973972449
0.00000000072879767
0.00000005731204979
0.00000048598401502
0.00000024545039927
0.00000021465170988
0.00000084514696514
0.00000021380187817
0.00000027207566470
0.00000007131883351
0.00000029620594256
0.00000032859801515
0.00000129603156561
0.00000146289576143
0.00000141488900683
0.00000157133853071
0.00000034123195308
0.00000153448466478
0.00000140518596672
0.00000040888064796
0.00000050526148602
0.00000241277458047
0.00000051476163756
0.00000486874759616
0.00000263761049379
0.00000183865448279
0.00000186512651854
0.00000069242155373
0.00000078361996823
0.00000268437153973
0.00000318915666024
0.00000322755940939
0.00000325114319435
0.00000027163376180
0.00000352046706739
0.00000055701956228
0.00000157764466761
0.00000002118254268
0.00000315844831297
0.00000028307115073
0.00000103294438138
0.00000120435486494
0.00000381241735107
0.00000392222459559
0.00000328315810227
0.00000127816775610
0.00000434300233200
0.00000473395666939
0.00000337606696014
0.00000195938221739
0.00000142976124735
0.00000367874542023
0.00000202420221283
0.00000155703245676
0.00000201000261190
0.00000157942342443
0.00000515287774417
