0.13348485946655272
0.13516427040100099
0.13721442461013794
0.1361366605758667
0.13783973455429077
0.13701671361923218
0.13741415739059448
0.13555380821228027
0.13651599645614623
0.13809035062789918
0.13725570678710938
0.13774071455001832
0.13712053775787353
0.13649156093597412
0.1364101243019104
0.13817413806915282
0.13630247831344605
0.1346073055267334
0.1351204228401184
0.13768359661102295
0.13579048871994018
0.1359336233139038
0.1356336808204651
0.13638303995132448
0.1358394765853882
0.1369283366203308
0.13730029344558717
0.13705323696136473
0.13689083099365235
0.13664380788803102
0.13606754064559937
0.13647650241851805
0.13745470046997071
0.1370142126083374
0.1364648485183716
0.13622828722000122
0.13640913009643554
0.1387828207015991
0.13879780769348143
0.14295187711715698
0.13671409606933593
0.13626778602600098
0.13495227098464965
0.13657622575759887
0.1364819598197937
0.1384774398803711
0.13749042510986328
0.13600999355316162
0.13661515951156616
0.13878748893737794
