0.002874932289123535
0.0028638577461242674
0.0027866053581237795
0.0028791046142578125
0.0027946186065673827
0.002770719528198242
0.002856764793395996
0.0027834391593933106
0.0028027749061584474
0.0028255057334899904
0.00283771276473999
0.002865443229675293
0.00281022310256958
0.0027789759635925295
0.0028008317947387697
0.002794554233551025
0.0028510522842407227
0.0028615403175354004
0.002796950340270996
0.0028291630744934084
0.002814159393310547
0.0028405499458312986
0.002778468132019043
0.0028387260437011718
0.0027968454360961913
0.002772982120513916
0.0028329062461853027
0.002875931262969971
0.0027913284301757813
0.0028148698806762695
0.0028251695632934572
0.0027654290199279783
0.0028158044815063477
0.0028578972816467284
0.0027747178077697754
0.0027928566932678223
0.002837507724761963
0.0027881836891174316
0.0027890658378601075
0.0028249192237854003
0.002783973217010498
0.002782411575317383
0.0027915406227111816
0.002843797206878662
0.002789263725280762
0.0028083658218383788
0.002807197570800781
0.002787203788757324
0.0027907657623291015
0.002815084457397461
