0.00000000000000000
0.00000019369597408
0.00000012971561284
0.00000025236035702
0.00000041494722221
0.00000019326616142
0.00000043997361735
0.00000066103364589
0.00000075693800720
0.00000123888096890
0.00000099453666786
0.00000099612838353
0.00000103828153971
0.00000120231263703
0.00000130027726338
0.00000122352335569
0.00000134258869490
0.00000079056129464
0.00000157471680132
0.00000196865683309
0.00000201444563649
0.00000223397833395
0.00000100005999455
0.00000169753397979
0.00000161108786541
0.00000219401703843
0.00000170484492614
0.00000287316282810
0.00000300844820614
0.00000184986962326
0.00000263704140670
0.00000237384300704
0.00000264363718048
0.00000198565975061
0.00000290498475495
0.00000296289615699
0.00000302766005746
0.00000305636812517
0.00000281560407005
0.00000276729471434
0.00000335452091992
0.00000420450795731
0.00000379930750158
0.00000388355044308
0.00000344728549515
0.00000368033501905
0.00000412069407078
0.00000351693452824
0.00000422257137186
0.00000429479431202
0.00000431975497935
0.00000352900008430
0.00000475150130638
0.00000404292487878
0.00000349619623961
0.00000455087955574
0.00000497900891608
0.00000388439184057
0.00000508835249277
0.00000406175790310
