0.00000000000000000
0.00000005484948361
0.00000027458064607
0.00000015818125928
0.00000041494722221
0.00000044879159591
0.00000036556916041
0.00000031438959622
0.00000095881115787
0.00000088618976593
0.00000065221200551
0.00000115561453818
0.00000103828153971
0.00000087777590379
0.00000117427817218
0.00000085663643600
0.00000125712394397
0.00000039238827404
0.00000122689411871
0.00000203617668126
0.00000177851870516
0.00000150120263510
0.00000185354494085
0.00000138688445450
0.00000182818133111
0.00000244687204605
0.00000180301409438
0.00000264448191683
0.00000214280667948
0.00000223765331554
0.00000245637627586
0.00000226863006825
0.00000203091449090
0.00000277068107690
0.00000315434937283
0.00000296289615699
0.00000268937372929
0.00000351604858483
0.00000335100713137
0.00000294546595857
0.00000387332386009
0.00000335853735496
0.00000372892705100
0.00000314578321545
0.00000325633022326
0.00000401395167057
0.00000379688330763
0.00000313978281288
0.00000387114780578
0.00000327151145790
0.00000455812437756
0.00000366781793358
0.00000386223301254
0.00000413708454930
0.00000404454863079
0.00000327351593172
0.00000475584158962
0.00000544396828889
0.00000397827919684
0.00000500207376968
