0.00000000000000000
0.00000001457376163
0.00000011286214251
0.00000034653945476
0.00000041494722221
0.00000051267295453
0.00000021676024653
0.00000057437263347
0.00000065600143187
0.00000065106229729
0.00000092607173539
0.00000075689915157
0.00000066676531082
0.00000098595481487
0.00000098527953537
0.00000100339120388
0.00000117165919304
0.00000178599384613
0.00000087907143610
0.00000136097819952
0.00000177851870516
0.00000122641174803
0.00000121343123112
0.00000151114426462
0.00000132162991115
0.00000253115704858
0.00000209752159911
0.00000161541781610
0.00000214280667948
0.00000270299374628
0.00000254670884128
0.00000195299125189
0.00000221473129777
0.00000348433682808
0.00000265562013706
0.00000354378045171
0.00000212556318233
0.00000325337403645
0.00000335100713137
0.00000294546595857
0.00000335452091992
0.00000360024324134
0.00000323626389688
0.00000388355044308
0.00000325633022326
0.00000323551281702
0.00000431498052866
0.00000298892212674
0.00000448613904641
0.00000337383974331
0.00000360464678472
0.00000401486255676
0.00000475150130638
0.00000394876520827
0.00000371553719608
0.00000487022046174
0.00000557412178664
0.00000431760752066
0.00000488652098442
0.00000500207376968
