0.00000000000000000
0.00000005484948361
0.00000011286214251
0.00000044071855250
0.00000030525411652
0.00000032102887866
0.00000021676024653
0.00000074769465830
0.00000025225513054
0.00000065106229729
0.00000065221200551
0.00000083664222889
0.00000103828153971
0.00000087777590379
0.00000123727771778
0.00000107676858782
0.00000074433543839
0.00000248279663218
0.00000076313054189
0.00000088833926231
0.00000146394946340
0.00000177599352217
0.00000217360179571
0.00000113836483428
0.00000204527479681
0.00000219401703843
0.00000239202910384
0.00000241580100556
0.00000207621886974
0.00000254788026936
0.00000173371575248
0.00000247905594582
0.00000276618171839
0.00000298477780225
0.00000248937705847
0.00000267245400963
0.00000280213583868
0.00000292503085098
0.00000304506252490
0.00000312363720281
0.00000252443621564
0.00000305640499698
0.00000246207894040
0.00000330973148826
0.00000430658421869
0.00000290189616549
0.00000392640761289
0.00000412037727281
0.00000395900369730
0.00000327151145790
0.00000420057028024
0.00000463954287850
0.00000345802015170
0.00000451372323136
0.00000470257150020
0.00000467861591814
0.00000512778713372
0.00000483746633676
0.00000478560523025
0.00000500207376968
