0.00000000000000000
0.00000019369597408
0.00000011286214251
0.00000034653945476
0.00000041494722221
0.00000051267295453
0.00000058878253124
0.00000031438959622
0.00000055506485654
0.00000053349856297
0.00000058374707304
0.00000059741299693
0.00000085252342526
0.00000076959699271
0.00000041828362495
0.00000166378765932
0.00000125712394397
0.00000079056129464
0.00000111095322450
0.00000102337895866
0.00000122802253208
0.00000205078440924
0.00000217360179571
0.00000244309284046
0.00000182818133111
0.00000244687204605
0.00000141033742141
0.00000207277963865
0.00000227598229897
0.00000208253983863
0.00000263704140670
0.00000237384300704
0.00000313381533214
0.00000191429417549
0.00000240625551917
0.00000267245400963
0.00000325318427624
0.00000325337403645
0.00000273911791843
0.00000321272282493
0.00000262819680368
0.00000323768441177
0.00000379930750158
0.00000429342112510
0.00000335180785920
0.00000423636277159
0.00000334354823923
0.00000306435246981
0.00000422257137186
0.00000378315288496
0.00000527323257219
0.00000352900008430
0.00000410476072904
0.00000423124421981
0.00000459290102196
0.00000378446138133
0.00000453267426316
0.00000457753692871
0.00000367553193431
0.00000523715273632
