0.00000000000000000
0.00000012427272885
0.00000011286214251
0.00000025236035702
0.00000041494722221
0.00000025714752004
0.00000051437807429
0.00000066103364589
0.00000055506485654
0.00000065106229729
0.00000113146653280
0.00000075689915157
0.00000122403965415
0.00000109413372595
0.00000079628089856
0.00000159041027538
0.00000091526494025
0.00000158690733583
0.00000134283501291
0.00000068577971779
0.00000122802253208
0.00000131800871039
0.00000142680246770
0.00000207031341013
0.00000182818133111
0.00000202544703336
0.00000229385993560
0.00000218712009428
0.00000240915791845
0.00000262543700782
0.00000173371575248
0.00000268948182340
0.00000270490944943
0.00000291341222714
0.00000290498475495
0.00000238201186228
0.00000257661161990
0.00000351604858483
0.00000273911791843
0.00000258912347010
0.00000325076033188
0.00000269384616740
0.00000253245939099
0.00000322775735185
0.00000411562894679
0.00000356912946854
0.00000373212115500
0.00000223461869602
0.00000483756261249
0.00000378315288496
0.00000396220088203
0.00000450072502923
0.00000386223301254
0.00000441956356084
0.00000426388958726
0.00000448701137453
0.00000616923465720
0.00000527068201686
0.00000478560523025
0.00000382667893646
