0.004342060565948486
0.004407263278961181
0.004392608404159546
0.004316829204559326
0.004357944011688233
0.004347803354263305
0.004268487453460693
0.004293425798416138
0.0043810482025146485
0.004335619926452637
0.004326864004135132
0.0044029967784881595
0.004401463031768799
0.004430852890014649
0.004322680234909057
0.00440090012550354
0.004361691236495971
0.004448221683502197
0.004306331872940063
0.004405953645706177
0.00433609676361084
0.004383571147918701
0.004444424629211426
0.004399851560592651
0.004403281688690186
0.00437137246131897
0.0044353663921356205
0.0043330066204071045
0.004337451934814453
0.0043142809867858884
0.004363286018371582
0.004376298189163208
0.00441302490234375
0.00436993408203125
0.00430544376373291
0.004364359855651856
0.004349927425384522
0.00437140679359436
0.004318142175674438
0.004409311532974243
0.0042994444370269775
0.004396464824676514
0.004344643592834473
0.004299209594726562
0.004393242359161377
0.004360827922821045
0.004345812320709228
0.0043480279445648196
0.004480142831802368
0.004313261508941651
