0.00000000000000000
0.00000029219196428
0.00000000072879767
0.00000251854840045
0.00000430521414893
0.00000151819577737
0.00000139596784107
0.00000715137694145
0.00000242456990290
0.00000284122677766
0.00000247034629830
0.00000357487135123
0.00000101092234640
0.00000219139998332
0.00000706690734000
0.00000960847230605
0.00000367477708432
0.00002112634213691
0.00000217906164588
0.00001506547383481
0.00002428758620392
0.00001352517987873
0.00000729713092662
0.00000793456095642
0.00000208615998325
0.00000191518622236
0.00001846979892737
0.00000237126433798
0.00003270539971322
0.00000138303014444
inf
