0.00000000000000000
0.00000047585862401
0.00000162938787599
0.00000001874785819
0.00000053497157584
0.00000142734924245
0.00000201890871679
0.00000052294950472
0.00000047315396429
0.00000014153024092
0.00000128201427888
0.00000501315972984
0.00000295645032662
0.00000345810501428
0.00000376534326549
0.00000708667535824
0.00000057201821335
0.00000090742899976
0.00000044027212458
0.00000291150327238
0.00000168903873958
0.00000343487608927
0.00000592310075860
0.00000371206939901
0.00000459648658987
0.00000409995551505
0.00000850274403164
0.00002628837857103
0.00001332366895600
0.00000194184591910
0.00000205448347554
0.00001154084253395
0.00001294202705284
0.00000821280443618
0.00000832288658718
0.00000625023325314
0.00001322165238114
0.00000383664592043
0.00001144286667027
0.00001211624792337
0.00002877446497803
