0.00000000000000000
0.00000004903490714
0.00000067424793905
0.00000066521960702
0.00000145477266864
0.00000117572142360
0.00000202801249588
0.00000233110728153
0.00000243831303333
0.00000163671577988
0.00000443110092531
0.00000311047498780
0.00000699347587346
0.00000512419246612
0.00001190217184632
0.00000011980704523
0.00001335806708384
0.00000402468332894
0.00000501054384458
0.00000208376868101
0.00000673371596213
0.00000334179797281
0.00000057551173760
0.00001269485480697
0.00000105847857056
0.00000133758853247
0.00001074915462511
0.00000665034296164
0.00001384610408883
0.00000105021070247
0.00001311077621837
0.00001277023939861
0.00001214824674367
0.00001195591454375
0.00000710709852275
0.00001213892421258
0.00000064675744165
0.00000507959773536
0.00001970693926438
0.00001220360574376
0.00001389894977489
