0.00000000000000000
0.00000026244676558
0.00000048321995167
0.00000066521960702
0.00000061295779598
0.00000001118980984
0.00000012718586569
0.00000046499322898
0.00000109897329095
0.00000170546366014
0.00000309273910058
0.00000466081070353
0.00000005483821482
0.00000309154306286
0.00000401787391909
0.00000594227317518
0.00000801280179538
0.00000656198336433
0.00000413904010365
0.00000593190026745
0.00000049463840531
0.00000038132668565
0.00000850588264812
0.00000244426161945
0.00000493026093132
0.00000462401625350
0.00001064218269209
0.00001000166637339
0.00001761730287108
0.00000063761610969
0.00001044393440765
0.00000628541200354
0.00000446855739349
0.00000437119143105
0.00002437007110150
0.00000988071069272
0.00001117293354268
0.00000141192304007
0.00000057504517664
0.00000370563186349
0.00000687234889292
