0.00000000000000000
0.00000047585862401
0.00000047191998526
0.00000095920312284
0.00000244818719553
0.00000190686225988
0.00000146705582415
0.00000002590756956
0.00000469824596274
0.00000031743442197
0.00000010110678648
0.00000275812596150
0.00000472264900336
0.00001054459087479
0.00000310814723518
0.00000102459513783
0.00000137171461881
0.00000097742245510
0.00001134190406289
0.00000754371709518
0.00000558988507671
0.00000028824856919
0.00000084085252439
0.00001493216265324
0.00000227926484389
0.00000181561438280
0.00000304717544750
0.00000225460210388
0.00001341755877266
0.00000339951452960
0.00001071862491058
0.00002337402842223
0.00000125378575308
0.00000663675807510
0.00001248555047535
0.00001501073316170
0.00000429842596153
0.00000349870347015
0.00002514085001120
0.00000875829314092
0.00000224642648219
