0.00000000000000000
0.00000066294797265
0.00000191394441736
0.00000153747659132
0.00000214353917298
0.00000037125621049
0.00000568530748459
0.00001205396416335
0.00000041004047734
0.00000183090119590
0.00000558988507671
0.00000240845372371
0.00000493026093132
0.00000497267024190
0.00002592290125124
0.00000569413263933
0.00000301450672126
0.00000966406748382
0.00001814493949041
0.00001085880868644
0.00000070445234527
0.00000035574615615
0.00000834525931188
0.00000541518696241
0.00000090435356284
0.00000012148817691
0.00000176740062774
0.00000332012390242
0.00000133925227704
0.00000059193890148
inf
