0.00000000000000000
0.00000016437695130
0.00000056743397896
0.00000018973972449
0.00000068948642076
0.00000049070282727
0.00000054730100309
0.00000035522181413
0.00000450173005583
0.00000304394922831
0.00000399270585387
0.00000296953537728
0.00000491188457587
0.00000232885534581
0.00000068220941141
0.00000102459513783
0.00000000509613731
0.00000199234246926
0.00000264655477876
0.00000347779806335
0.00000049463840531
0.00000138715752712
0.00000082545837207
0.00000072899227065
0.00000628455694122
0.00000366796455283
0.00001235373362045
0.00000023495243057
0.00000244679867885
0.00000665072694285
0.00001675042538216
0.00000966625338134
0.00001602328874715
0.00000922220843325
0.00000982179942643
0.00001295872417411
0.00001588428422038
0.00000725137753329
0.00001572668706380
0.00000055034252826
0.00001652937624374
