0.00000000000000000
0.00000038770595797
0.00000061295779598
0.00000189627474065
0.00000263482894024
0.00000107980070593
0.00000283029327828
0.00000048004792610
0.00000607926123783
0.00000520521584348
0.00000444605419129
0.00000409015877249
0.00000561700825834
0.00000690121432359
0.00001033203249628
0.00002500253106280
0.00000237770124378
0.00000128778985272
0.00000776005434375
0.00000474565909628
0.00000043233926229
0.00000058902891429
0.00000135773674347
0.00002482369773108
0.00000971196952579
0.00000353591290511
0.00001061541190475
0.00000775500997079
0.00001948934857450
0.00002054022988986
inf
