0.00000000000000000
0.00000068927048245
0.00000008986401049
0.00000061721939024
0.00000038191432626
0.00000156435296171
0.00000067903875833
0.00000008386384530
0.00000106270168500
0.00000056208648329
0.00000364382926370
0.00000062442469100
0.00000026055440602
0.00000040913090940
0.00000427074697877
0.00000603275198444
0.00001328727049044
0.00000097742245510
0.00000284122677766
0.00000000727539250
0.00000101456153504
0.00000373213887826
0.00000449134234429
0.00000072899227065
0.00001089064285316
0.00000129155364435
0.00000058987027527
0.00001067193105574
0.00002190275603272
0.00001260584259597
0.00001188605954802
0.00000782215808435
0.00001217171162926
0.00000597161281353
0.00001140888360917
0.00000685105489840
0.00002337270480233
0.00001148817416405
0.00001425500290320
0.00000450231874917
0.00000895854919580
