0.00000000000000000
0.00000057873394536
0.00000000072879767
0.00000158968980029
0.00000302786075405
0.00000619706650637
0.00000011791673899
0.00000578695811862
0.00000056182593874
0.00000702215449986
0.00000220896186932
0.00000724075532345
0.00000392893790698
0.00000026590518891
0.00000278145417835
0.00001675042538216
0.00001214824674367
0.00000463830090516
0.00001129232820315
0.00001280134435697
0.00000237949592855
0.00000095240394138
0.00000702729033862
0.00000485532607485
0.00000546488672063
0.00000257411029271
0.00000416717049838
0.00002059908883764
0.00000057106318568
0.00002863760297812
inf
