0.00000000000000000
0.00000094948995373
0.00000099560091991
0.00000103783690765
0.00000243831303333
0.00000029252904433
0.00000289337180245
0.00000553408505894
0.00000624123897384
0.00000572434117387
0.00000111854616099
0.00000725614947577
0.00000434866576085
0.00000690121432359
0.00000775257984586
0.00000721632099825
0.00000226765618327
0.00000296304537894
0.00000283676723448
0.00000838629187519
0.00000932136663978
0.00000202727128077
0.00000030960835821
0.00000812118125227
0.00001718825339102
0.00000365234968057
0.00003181251940811
0.00000760118866700
0.00000278949404561
0.00000957915168501
inf
