0.00000000000000000
0.00000010116397690
0.00000091907229513
0.00000054730100309
0.00000139374715131
0.00000068616487513
0.00000106409460153
0.00000012643652984
0.00000591728350181
0.00000410207451638
0.00000220896186932
0.00000349155580641
0.00000246033080463
0.00000326416860083
0.00000733221528313
0.00000426339809178
0.00000358819690940
0.00001222103644489
0.00001979168175964
0.00001110324724859
0.00000990795789112
0.00002922298104906
0.00002635943611122
0.00001138063966432
0.00000298331404708
0.00001318016520756
0.00000888757759789
0.00000483240519869
0.00000479014472581
0.00004552358832073
inf
