0.00000000000000000
0.00000004903490714
0.00000010116397690
0.00000023773994127
0.00000030538570148
0.00000042220096764
0.00000073125196730
0.00000074249233443
0.00000322437666095
0.00000108979902645
0.00000202452669986
0.00000196335099095
0.00000133288931690
0.00000560367938438
0.00000341138946315
0.00000021028585449
0.00000194882896947
0.00001301397488288
0.00000209046386110
0.00000337617973316
0.00000480857751799
0.00000224288901488
0.00000049219619278
0.00000232866178592
0.00000061039313667
0.00000577304599121
0.00000219444927060
0.00000292486678623
0.00000167541710976
0.00000700532635560
0.00000143642984396
0.00001433796146702
0.00000994734553345
0.00000663675807510
0.00000349207343985
0.00000408873510741
0.00000198902150822
0.00001521908462995
0.00001470782879877
0.00000085434069910
0.00000224642648219
