1.00000000000000000
19.96929740905761719
398.77371215820312500
7963.23535156250000000
159019.71875000000000000
3175522.00000000000000000
63412924.00000000000000000
1266329472.00000000000000000
25287374848.00000000000000000
504970575872.00000000000000000
10083900588032.00000000000000000
201372158918656.00000000000000000
4021223260422144.00000000000000000
80302797374881792.00000000000000000
1603533255506657280.00000000000000000
32022134865906368512.00000000000000000
639451896604012838912.00000000000000000
12769343127959812177920.00000000000000000
254996981435855152349184.00000000000000000
5092115903386840983404544.00000000000000000
101685979605869122004451328.00000000000000000
2030569330951450617702252544.00000000000000000
40549685949451268645799854080.00000000000000000
809761710242042476915486359552.00000000000000000
16170253263935787744700892446720.00000000000000000
322910972460535977491798735978496.00000000000000000
6448244592601672687598440663744512.00000000000000000
128770423851262113364584909850542080.00000000000000000
2571438433029814995599223303203454976.00000000000000000
51350588845128424320105959887283945472.00000000000000000
inf
