1.00000000000000000
4.46870231628417969
19.96932601928710938
89.23694610595703125
398.77444458007812500
1781.99755859375000000
7963.23876953125000000
35585.29687500000000000
159020.93750000000000000
710617.00000000000000000
3175524.25000000000000000
14190435.00000000000000000
63412920.00000000000000000
283372864.00000000000000000
1266311808.00000000000000000
5658767872.00000000000000000
25287380992.00000000000000000
113002045440.00000000000000000
504973393920.00000000000000000
2256587194368.00000000000000000
10083951968256.00000000000000000
45062566182912.00000000000000000
201369994657792.00000000000000000
899862421831680.00000000000000000
4021182189797376.00000000000000000
17969668572577792.00000000000000000
80300795920121856.00000000000000000
358842284197806080.00000000000000000
1603576411338047488.00000000000000000
7165711342018494464.00000000000000000
32021758832929669120.00000000000000000
143098051859232849920.00000000000000000
639448800379269021696.00000000000000000
2857533400616626290688.00000000000000000
12769307099162793213952.00000000000000000
57063939942508438487040.00000000000000000
254995774471155017056256.00000000000000000
1139520449440455252246528.00000000000000000
5092113021083079466287104.00000000000000000
22754665251632155119845376.00000000000000000
101687381558418723930374144.00000000000000000
