1.00000000000000000
19.96930313110351562
398.77313232421875000
7963.24462890625000000
159020.62500000000000000
3175520.50000000000000000
63413204.00000000000000000
1266315008.00000000000000000
25287579648.00000000000000000
504975097856.00000000000000000
10083997057024.00000000000000000
201368753143808.00000000000000000
4021234266275840.00000000000000000
80300271934111744.00000000000000000
1603535591968866304.00000000000000000
32021030956232081408.00000000000000000
639452389185222082560.00000000000000000
12769470354649285394432.00000000000000000
254995216024801223114752.00000000000000000
5092142420581446940884992.00000000000000000
101686136403193748535640064.00000000000000000
2030602387516830705218748416.00000000000000000
40549761507314994560123273216.00000000000000000
809769794933461149748092207104.00000000000000000
16170300412042752715238705987584.00000000000000000
322907761553559081036710716375040.00000000000000000
6448154222978804854838373027676160.00000000000000000
128767561733891285565389343075336192.00000000000000000
2571329415078195367870694586727792640.00000000000000000
51349731913322670037030548115917111296.00000000000000000
inf
