1.00000000000000000
19.96931266784667969
398.77359008789062500
7963.21093750000000000
159019.75000000000000000
3175522.00000000000000000
63412836.00000000000000000
1266306688.00000000000000000
25287290880.00000000000000000
504969592832.00000000000000000
10083858644992.00000000000000000
201368283381760.00000000000000000
4021229971308544.00000000000000000
80301139517505536.00000000000000000
1603554558544445440.00000000000000000
32021853390929657856.00000000000000000
639448589273036488704.00000000000000000
12769603210838292824064.00000000000000000
254998080314164230750208.00000000000000000
5092081892202455081418752.00000000000000000
101685942712380974585348096.00000000000000000
2030588220417382096283107328.00000000000000000
40550035404571000999545667584.00000000000000000
809779164108563163124196179968.00000000000000000
16170300412042752715238705987584.00000000000000000
322911572087742506347869390241792.00000000000000000
6448070662026153091669817336791040.00000000000000000
128770572404066827610217897745448960.00000000000000000
2571365543120301872408637242769145856.00000000000000000
51347663107543097566647305496285937664.00000000000000000
inf
