1.00000000000000000
19.96930503845214844
398.77313232421875000
7963.21240234375000000
159020.26562500000000000
3175519.50000000000000000
63413072.00000000000000000
1266314496.00000000000000000
25287219200.00000000000000000
504971100160.00000000000000000
10083855499264.00000000000000000
201371471052800.00000000000000000
4021176821088256.00000000000000000
80301569014235136.00000000000000000
1603570364024094720.00000000000000000
32022310787766812672.00000000000000000
639447111529408757760.00000000000000000
12769582944639969656832.00000000000000000
255000332113977915998208.00000000000000000
5092064021919133675290624.00000000000000000
101685629117731721522970624.00000000000000000
2030611684675843854832762880.00000000000000000
40549421496928227945667887104.00000000000000000
809734131621782518187438374912.00000000000000000
16170328217336603851709724229632.00000000000000000
322909695834870464443390246256640.00000000000000000
6448196931910160200457857047461888.00000000000000000
128770483272383999062838105008504832.00000000000000000
2571305805085766117098091710630592512.00000000000000000
51346101362003616388024661557936914432.00000000000000000
inf
