1.00000000000000000
4.46870517730712891
19.96931838989257812
89.23678588867187500
398.77239990234375000
1782.00305175781250000
7963.24267578125000000
35585.18750000000000000
159019.67187500000000000
710614.37500000000000000
3175525.50000000000000000
14190484.00000000000000000
63413196.00000000000000000
283373920.00000000000000000
1266311680.00000000000000000
5658845696.00000000000000000
25287211008.00000000000000000
113000751104.00000000000000000
504972935168.00000000000000000
2256567271424.00000000000000000
10083977134080.00000000000000000
45062532628480.00000000000000000
201367998169088.00000000000000000
899851013324800.00000000000000000
4021175210475520.00000000000000000
17969687899930624.00000000000000000
80301869661945856.00000000000000000
358846235567718400.00000000000000000
1603527345631657984.00000000000000000
7165780611251044352.00000000000000000
32021217873208803328.00000000000000000
143096758833558585344.00000000000000000
639465618509127483392.00000000000000000
2857556200089739853824.00000000000000000
12769572811540808073216.00000000000000000
57062800531802713751552.00000000000000000
254998044285367211786240.00000000000000000
1139520233267673138462720.00000000000000000
5092171243619062112059392.00000000000000000
22755546083661674750935040.00000000000000000
101687824280276492959612928.00000000000000000
