1.00000000000000000
4.46870470046997070
19.96931648254394531
89.23699951171875000
398.77313232421875000
1782.00585937500000000
7963.22705078125000000
35585.32031250000000000
159019.65625000000000000
710612.50000000000000000
3175515.50000000000000000
14190542.00000000000000000
63412892.00000000000000000
283373760.00000000000000000
1266315648.00000000000000000
5658771968.00000000000000000
25287499776.00000000000000000
113002938368.00000000000000000
504974049280.00000000000000000
2256560717824.00000000000000000
10084008591360.00000000000000000
45062129975296.00000000000000000
201369508118528.00000000000000000
899866448363520.00000000000000000
4021166888976384.00000000000000000
17969694342381568.00000000000000000
80300435142868992.00000000000000000
358841390844608512.00000000000000000
1603565003904909312.00000000000000000
7165783360030113792.00000000000000000
32022152458092412928.00000000000000000
143097963898302627840.00000000000000000
639450981810338529280.00000000000000000
2857543252240811163648.00000000000000000
12769649372734473371648.00000000000000000
57063849870515891077120.00000000000000000
254997593925404474736640.00000000000000000
1139527799315047120896000.00000000000000000
5092125126758877838180352.00000000000000000
22755414650610149570379776.00000000000000000
101686136403193748535640064.00000000000000000
