1.00000000000000000
4.46870374679565430
19.96931266784667969
89.23692321777343750
398.77343750000000000
1781.99975585937500000
7963.23828125000000000
35585.31250000000000000
159020.73437500000000000
710611.56250000000000000
3175540.25000000000000000
14190520.00000000000000000
63413072.00000000000000000
283375936.00000000000000000
1266307584.00000000000000000
5658797568.00000000000000000
25287372800.00000000000000000
113003315200.00000000000000000
504975556608.00000000000000000
2256573825024.00000000000000000
10084049485824.00000000000000000
45062201278464.00000000000000000
201369189351424.00000000000000000
899862220505088.00000000000000000
4021231581921280.00000000000000000
17969611664261120.00000000000000000
80299893976989696.00000000000000000
358849431023386624.00000000000000000
1603547549157818368.00000000000000000
7165877918030102528.00000000000000000
32021884177255235584.00000000000000000
143096415785930719232.00000000000000000
639444648623362539520.00000000000000000
2857571118263505518592.00000000000000000
12769394919355526938624.00000000000000000
57061719667892144832512.00000000000000000
254996495047095396335616.00000000000000000
1139499408622996177289216.00000000000000000
5092105527093299521781760.00000000000000000
22755190983838255842066432.00000000000000000
101687602919347608444993536.00000000000000000
