1.00000000000000000
4.46870040893554688
19.96931266784667969
89.23698425292968750
398.77352905273437500
1781.99719238281250000
7963.22412109375000000
35585.30859375000000000
159020.37500000000000000
710613.75000000000000000
3175535.50000000000000000
14190466.00000000000000000
63413008.00000000000000000
283373888.00000000000000000
1266308992.00000000000000000
5658749440.00000000000000000
25287761920.00000000000000000
113001897984.00000000000000000
504971034624.00000000000000000
2256572252160.00000000000000000
10083962454016.00000000000000000
45062360662016.00000000000000000
201370481197056.00000000000000000
899860274348032.00000000000000000
4021255472676864.00000000000000000
17969579452006400.00000000000000000
80300778740252672.00000000000000000
358836752279928832.00000000000000000
1603517037710147584.00000000000000000
7165889462902194176.00000000000000000
32021450969673891840.00000000000000000
143097189842116673536.00000000000000000
639446126366990270464.00000000000000000
2857512852943326412800.00000000000000000
12769308225062700056576.00000000000000000
57062512301426562039808.00000000000000000
254991234842730627596288.00000000000000000
1139519945037296986750976.00000000000000000
5092190843284640428457984.00000000000000000
22755064162472749088899072.00000000000000000
101687003400165212884566016.00000000000000000
