1.00000000000000000
19.96933174133300781
398.77291870117187500
7963.23437500000000000
159019.87500000000000000
3175508.50000000000000000
63413024.00000000000000000
1266321920.00000000000000000
25287264256.00000000000000000
504973230080.00000000000000000
10084035854336.00000000000000000
201370900627456.00000000000000000
4021198027489280.00000000000000000
80301002078552064.00000000000000000
1603556070372933632.00000000000000000
32021655478836658176.00000000000000000
639448941116757377024.00000000000000000
12769555923042205433856.00000000000000000
255001935395445259894784.00000000000000000
5092011563990674063753216.00000000000000000
101688516033179257067798528.00000000000000000
2030635296508258203058831360.00000000000000000
40550181797931969958547292160.00000000000000000
809761559126315025086839521280.00000000000000000
16170028403733339423674397097984.00000000000000000
322908515923270520565315733028864.00000000000000000
6448377052185876223287854870036480.00000000000000000
128767512216289714150178347110367232.00000000000000000
2571388836200081066123889744690544640.00000000000000000
51348859769709713015202318384111812608.00000000000000000
inf
