1.00000000000000000
19.96929931640625000
398.77337646484375000
7963.24218750000000000
159020.68750000000000000
3175504.25000000000000000
63413032.00000000000000000
1266307072.00000000000000000
25287411712.00000000000000000
504976015360.00000000000000000
10083929948160.00000000000000000
201371034845184.00000000000000000
4021195880005632.00000000000000000
80300847459729408.00000000000000000
1603556620128747520.00000000000000000
32022367962371457024.00000000000000000
639461677859453534208.00000000000000000
12769513138845745414144.00000000000000000
254994315304875749015552.00000000000000000
5092053069164839910244352.00000000000000000
101685850478660606037590016.00000000000000000
2030603125386593653600813056.00000000000000000
40549421496928227945667887104.00000000000000000
809753625550623804082880512000.00000000000000000
16170055000101370945516240633856.00000000000000000
322905788586621469961897595895808.00000000000000000
6448249544361829829119540260241408.00000000000000000
128769215621783770833436608305299456.00000000000000000
2571378061169979126173977022713298944.00000000000000000
51350147702719544896274239034568474624.00000000000000000
inf
