1.00000000000000000
4.46870326995849609
19.96930122375488281
89.23699951171875000
398.77349853515625000
1782.00170898437500000
7963.22119140625000000
35585.30078125000000000
159020.65625000000000000
710614.50000000000000000
3175518.75000000000000000
14190431.00000000000000000
63412984.00000000000000000
283371808.00000000000000000
1266308352.00000000000000000
5658813952.00000000000000000
25287176192.00000000000000000
113003495424.00000000000000000
504969560064.00000000000000000
2256571990016.00000000000000000
10083934142464.00000000000000000
45062276775936.00000000000000000
201368853807104.00000000000000000
899863696900096.00000000000000000
4021271847239680.00000000000000000
17969581599490048.00000000000000000
80299687818559488.00000000000000000
358842524715974656.00000000000000000
1603575724143280128.00000000000000000
7165771815158022144.00000000000000000
32022203035627290624.00000000000000000
143096398193744674816.00000000000000000
639454922460012478464.00000000000000000
2857519889817744179200.00000000000000000
12769432074052452745216.00000000000000000
57062696949011284230144.00000000000000000
254994585520853391245312.00000000000000000
1139496382204046584315904.00000000000000000
5092196031431411159269376.00000000000000000
22754907365148122557710336.00000000000000000
101686403880982817324138496.00000000000000000
