1.00000000000000000
4.46870136260986328
19.96932029724121094
89.23701477050781250
398.77435302734375000
1781.99658203125000000
7963.24121093750000000
35585.31250000000000000
159020.95312500000000000
710614.37500000000000000
3175524.25000000000000000
14190514.00000000000000000
63413324.00000000000000000
283376992.00000000000000000
1266318336.00000000000000000
5658789376.00000000000000000
25287391232.00000000000000000
113001897984.00000000000000000
504966742016.00000000000000000
2256555212800.00000000000000000
10084008591360.00000000000000000
45062205472768.00000000000000000
201369407455232.00000000000000000
899874367209472.00000000000000000
4021220844503040.00000000000000000
17969635286581248.00000000000000000
80301070798028800.00000000000000000
358841390844608512.00000000000000000
1603530644166541312.00000000000000000
7165823492204527616.00000000000000000
32021488353069236224.00000000000000000
143099415253651292160.00000000000000000
639454711353779945472.00000000000000000
2857548881740345376768.00000000000000000
12769613343937454407680.00000000000000000
57063759798523343667200.00000000000000000
254996098730328187731968.00000000000000000
1139502867387509997830144.00000000000000000
5091990234942838837084160.00000000000000000
22754967317066362113753088.00000000000000000
101686320870634485631156224.00000000000000000
