1.00000000000000000
19.96931457519531250
398.77343750000000000
7963.22167968750000000
159019.64062500000000000
3175520.50000000000000000
63412864.00000000000000000
1266305536.00000000000000000
25287524352.00000000000000000
504971264000.00000000000000000
10084020125696.00000000000000000
201370615414784.00000000000000000
4021180042313728.00000000000000000
80300838869794816.00000000000000000
1603566378294444032.00000000000000000
32021884177255235584.00000000000000000
639445281942060138496.00000000000000000
12769496250347142774784.00000000000000000
254990676396376833654784.00000000000000000
5092056527929353730785280.00000000000000000
101687270877954281673064448.00000000000000000
2030600764203352218778206208.00000000000000000
40549794563880374647639769088.00000000000000000
809739345114379606275754295296.00000000000000000
16169865198747691448735811764224.00000000000000000
322909192921729504757653568487424.00000000000000000
6448248925391810186429402810679296.00000000000000000
128765333441820571880894524651732992.00000000000000000
2571397868210607692258375408700882944.00000000000000000
51347886214048737735021968916050083840.00000000000000000
inf
