1.00000000000000000
19.96931266784667969
398.77398681640625000
7963.23242187500000000
159020.65625000000000000
3175531.25000000000000000
63413164.00000000000000000
1266319616.00000000000000000
25287325696.00000000000000000
504967168000.00000000000000000
10083937288192.00000000000000000
201368568594432.00000000000000000
4021219770761216.00000000000000000
80301689273319424.00000000000000000
1603557857079328768.00000000000000000
32021811609487802368.00000000000000000
639456611309872742400.00000000000000000
12769653876334100742144.00000000000000000
254998260458149325570048.00000000000000000
5092118785690602500521984.00000000000000000
101686634465283738693533696.00000000000000000
2030610651658175727097872384.00000000000000000
40549851232278169083382333440.00000000000000000
809740629598062946819252420608.00000000000000000
16170221831864477764342350086144.00000000000000000
322904357218451046240954743783424.00000000000000000
6448388812616249434400466411716608.00000000000000000
128770473368863684779795905815511040.00000000000000000
2571357144935075360388852327110410240.00000000000000000
51347409577423051920767006155644862464.00000000000000000
inf
