1.00000000000000000
19.96929168701171875
398.77383422851562500
7963.22558593750000000
159020.21875000000000000
3175528.75000000000000000
63412616.00000000000000000
1266309632.00000000000000000
25287426048.00000000000000000
504975917056.00000000000000000
10084000202752.00000000000000000
201370028212224.00000000000000000
4021239098114048.00000000000000000
80299799487709184.00000000000000000
1603579984750837760.00000000000000000
32022308588743557120.00000000000000000
639454640985035767808.00000000000000000
12769525523744720683008.00000000000000000
254998044285367211786240.00000000000000000
5092104374171794914934784.00000000000000000
101687160197489839415754752.00000000000000000
2030575824205364563464421376.00000000000000000
40549889011210032040544043008.00000000000000000
809756723423036566570140696576.00000000000000000
16170038075139896340707794747392.00000000000000000
322910392176142562469794877014016.00000000000000000
6448113989927528079979438806138880.00000000000000000
128766482250177028713789631039012864.00000000000000000
2571413555386785516597218930403049472.00000000000000000
51349721772117868211195336142291468288.00000000000000000
inf
