1.00000000000000000
4.46870660781860352
19.96930122375488281
89.23696899414062500
398.77319335937500000
1782.00463867187500000
7963.24462890625000000
35585.23437500000000000
159020.78125000000000000
710614.43750000000000000
3175527.50000000000000000
14190475.00000000000000000
63413508.00000000000000000
283376256.00000000000000000
1266314368.00000000000000000
5658752000.00000000000000000
25287485440.00000000000000000
113001340928.00000000000000000
504975818752.00000000000000000
2256578543616.00000000000000000
10084014882816.00000000000000000
45061786042368.00000000000000000
201368333713408.00000000000000000
899866716798976.00000000000000000
4021204469940224.00000000000000000
17969508585046016.00000000000000000
80302333518413824.00000000000000000
358835996365684736.00000000000000000
1603549198425260032.00000000000000000
7165733882006863872.00000000000000000
32021134310325092352.00000000000000000
143096204679698186240.00000000000000000
639459566797128204288.00000000000000000
2857506379018862067712.00000000000000000
12769374653157203771392.00000000000000000
57063858877715145818112.00000000000000000
254997035479050680795136.00000000000000000
1139503804136232490893312.00000000000000000
5092035775342270807539712.00000000000000000
22755154090350108422963200.00000000000000000
101685389310058763298799616.00000000000000000
