1.00000000000000000
19.96931457519531250
398.77346801757812500
7963.22949218750000000
159020.31250000000000000
3175528.75000000000000000
63413024.00000000000000000
1266323328.00000000000000000
25287573504.00000000000000000
504969756672.00000000000000000
10084022222848.00000000000000000
201369977880576.00000000000000000
4021212791439360.00000000000000000
80300959128879104.00000000000000000
1603587406454325248.00000000000000000
32021569716929691648.00000000000000000
639452389185222082560.00000000000000000
12769465851049658023936.00000000000000000
255000115941195802214400.00000000000000000
5092167784854548291518464.00000000000000000
101684522313087298949873664.00000000000000000
2030593237931770145281146880.00000000000000000
40549190100970567333052416000.00000000000000000
809754910034307144626378637312.00000000000000000
16169905093299738731498577068032.00000000000000000
322907568125427942696042763386880.00000000000000000
6448274922132635179415175692288000.00000000000000000
128768958130255599474339429287460864.00000000000000000
2571386459355205638193761938372034560.00000000000000000
51350005725852319334581271403809472512.00000000000000000
inf
