0.00000000000000000
0.00000008986401049
0.00000015232845190
0.00000012718586569
0.00000027663805738
0.00000017983395264
0.00000026055440602
0.00000118761312470
0.00000057201821335
0.00000066286920251
0.00000039065377936
0.00000015893401349
0.00000052443962425
0.00000208442805030
0.00000235290886219
0.00000260386448140
0.00000114374069257
0.00000075876179181
0.00000135321221353
0.00000089663898395
0.00000079515670627
0.00000037100389803
0.00000030960835821
0.00000046974912232
0.00000105387924015
0.00000077704464629
0.00000416717049838
0.00000429403063541
0.00000472852164637
0.00000523421978399
inf
