0.00000000000000000
0.00000016437695130
0.00000000564998320
0.00000006674807497
0.00000007725742246
0.00000012581390942
0.00000060861799116
0.00000068453605869
0.00000076792782464
0.00000066924278408
0.00000029252904433
0.00000078497141421
0.00000044978997853
0.00000128474359331
0.00000108653238204
0.00000147698918413
0.00000121992915741
0.00000061745185285
0.00000150644786441
0.00000128513565965
0.00000023325397632
0.00000045637636250
0.00000207519154442
0.00000057983841423
0.00000227926484389
0.00000050104329439
0.00000176351225123
0.00000244610629884
0.00000278145417835
0.00000201856531965
0.00000069242155373
0.00000084508981146
0.00000125378575308
0.00000240113347971
0.00000091649373442
0.00000093179820343
0.00000354322200636
0.00000067485739001
0.00000270794256622
0.00000400963003433
0.00000110963487462
0.00000429511898896
0.00000378672915269
0.00000339062087016
0.00000298815867610
0.00000443788042648
0.00000354898400388
0.00000061041443875
0.00000470285933608
0.00000333918314147
0.00000185865163512
0.00000155690863706
0.00000149628639633
0.00000518628854841
0.00000521695845818
0.00000155567629862
0.00000491339088470
0.00000520926487344
0.00000167817187673
0.00000594839803128
