0.00000000000000000
0.00000005767102208
0.00000000564998320
0.00000027523565764
0.00000038191432626
0.00000021669538874
0.00000048598401502
0.00000057476464384
0.00000057141191774
0.00000066924278408
0.00000033728828496
0.00000099638082999
0.00000112717312570
0.00000018328097571
0.00000108653238204
0.00000066267990079
0.00000024806274133
0.00000076244042630
0.00000050516279088
0.00000070429008368
0.00000054520785416
0.00000066056103503
0.00000149198273066
0.00000195577714488
0.00000167847102929
0.00000223388700184
0.00000240534384936
0.00000071371291796
0.00000081832647743
0.00000278575932518
0.00000102439408957
0.00000278163093927
0.00000059351539002
0.00000220412768457
0.00000082832239093
0.00000348791346215
0.00000340193105198
0.00000333075975557
0.00000361359435736
0.00000259097190374
0.00000115797415025
0.00000552896328205
0.00000342335412560
0.00000397609274169
0.00000357045222347
0.00000297846658386
0.00000308243326425
0.00000420191373660
0.00000074042888751
0.00000447684489074
0.00000131616434022
0.00000466293015940
0.00000503108765180
0.00000458482947607
0.00000498622650249
0.00000134914484604
0.00000118729398010
0.00000465766793179
0.00000148177859674
0.00000147645798177
