0.00000000000000000
0.00000016437695130
0.00000008986401049
0.00000006674807497
0.00000038191432626
0.00000049070282727
0.00000048598401502
0.00000068453605869
0.00000076792782464
0.00000084514696514
0.00000029252904433
0.00000029168277738
0.00000043330935984
0.00000040913090940
0.00000042967875781
0.00000129603156561
0.00000023787046672
0.00000119490531528
0.00000057005345718
0.00000151747389004
0.00000195042316856
0.00000168442031611
0.00000174192936512
0.00000150831557562
0.00000187873563416
0.00000026203036922
0.00000208442805030
0.00000071371291796
0.00000106727291370
0.00000286247872573
0.00000048640367653
0.00000106047532875
0.00000094711545714
0.00000318915666024
0.00000038746567350
0.00000085287478083
0.00000318999462042
0.00000250869473766
0.00000304756198790
0.00000299630279820
0.00000279065264815
0.00000153463306157
0.00000393207916352
0.00000326051600982
0.00000426920448031
0.00000129553109809
0.00000308243326425
0.00000470305317351
0.00000447857082013
0.00000467760872884
0.00000191855382333
0.00000187472656099
0.00000426316129320
0.00000449890675145
0.00000047442978222
0.00000484679873149
0.00000466689856693
0.00000476798732012
0.00000098693271066
0.00000586000688827
