0.00000000000000000
0.00000005767102208
0.00000008986401049
0.00000006674807497
0.00000038191432626
0.00000014819352911
0.00000018850285376
0.00000019363526015
0.00000021465170988
0.00000021027812119
0.00000025856111880
0.00000106685063525
0.00000019747588185
0.00000040913090940
0.00000118761312470
0.00000138651037487
0.00000146289576143
0.00000112491185993
0.00000157133853071
0.00000057357018347
0.00000023325397632
0.00000187057654903
0.00000190856045477
0.00000210493100129
0.00000059119449254
0.00000063426810015
0.00000176351225123
0.00000071371291796
0.00000038978116126
0.00000082005250081
0.00000102439408957
0.00000072215012499
0.00000083707039663
0.00000279514506997
0.00000322755940939
0.00000325114319435
0.00000318999462042
0.00000021044339851
0.00000146267135341
0.00000115833886994
0.00000020259126467
0.00000275249450012
0.00000335067912018
0.00000326051600982
0.00000065898448663
0.00000318695427567
0.00000074328280073
0.00000403486725763
0.00000135293059476
0.00000507913640506
0.00000173884725869
0.00000176748796105
0.00000445514288285
0.00000125791579811
0.00000452476259110
0.00000195535839531
0.00000515988320247
0.00000576086181508
0.00000562921359317
0.00000550644231622
