0.00000000000000000
0.00000005767102208
0.00000008986401049
0.00000027523565764
0.00000007725742246
0.00000005731204979
0.00000017939907466
0.00000019363526015
0.00000076792782464
0.00000075719487461
0.00000065219694960
0.00000064403180369
0.00000106409460153
0.00000040913090940
0.00000118761312470
0.00000120555275635
0.00000130091802542
0.00000039746816130
0.00000011581879308
0.00000163364300524
0.00000195042316856
0.00000008406389666
0.00000067422143474
0.00000217950792950
0.00000181198076587
0.00000229364023313
0.00000229837191634
0.00000235035420136
0.00000226719979896
0.00000117465191357
0.00000246651922994
0.00000296604046897
0.00000312455178177
0.00000084946214002
0.00000056380836047
0.00000006364055483
0.00000311934914323
0.00000244545896705
0.00000304756198790
0.00000330030096904
0.00000369769625810
0.00000065751752783
0.00000385940415811
0.00000456156461322
0.00000426920448031
0.00000308271042976
0.00000448208548315
0.00000131062006940
0.00000380570527226
0.00000904125354177
0.00000119635996379
0.00000176748796105
0.00000493509685698
0.00000458482947607
0.00000375565607213
0.00000100492575840
0.00000491339088470
0.00000189968322357
0.00000562921359317
0.00000147645798177
