0.00000000000000000
0.00000004903490714
0.00000000564998320
0.00000018973972449
0.00000038191432626
0.00000005731204979
0.00000006586887762
0.00000129134940871
0.00000066966987119
0.00000084514696514
0.00000041601545112
0.00000008027336160
0.00000030715231150
0.00000049426882537
0.00000118761312470
0.00000033258700107
0.00000031885933472
0.00000046996244803
0.00000050516279088
0.00000151747389004
0.00000153448466478
0.00000196365466549
0.00000050759034510
0.00000203035407308
0.00000167847102929
0.00000079980945085
0.00000251231578239
0.00000254185839632
0.00000073261741419
0.00000074333310026
0.00000219182872701
0.00000075312611259
0.00000213414623717
0.00000082508711863
0.00000296304537894
0.00000116856847123
0.00000347257652917
0.00000061162161940
0.00000091466459832
0.00000105700614633
0.00000369769625810
0.00000315844831297
0.00000108249621033
0.00000116304924172
0.00000310461738558
0.00000379738339972
0.00000102321324450
0.00000069393767824
0.00000350665391765
0.00000173307243661
0.00000035772932880
0.00000498464595922
0.00000140029560150
0.00000398337040373
0.00000139735760499
0.00000134914484604
0.00000482305566721
0.00000388543221349
0.00000582671049776
0.00000156484912478
