0.00000000000000000
0.00000005767102208
0.00000008986401049
0.00000027523565764
0.00000038191432626
0.00000012581390942
0.00000018850285376
0.00000019363526015
0.00000076792782464
0.00000075719487461
0.00000080965128192
0.00000092591102473
0.00000106409460153
0.00000007035600886
0.00000118761312470
0.00000057220109153
0.00000039984820273
0.00000032497387457
0.00000050516279088
0.00000128513565965
0.00000205440779451
0.00000054945447897
0.00000190856045477
0.00000173204636025
0.00000227926484389
0.00000085956268214
0.00000208442805030
0.00000254185839632
0.00000235290886219
0.00000074333310026
0.00000081837621237
0.00000078361996823
0.00000268437153973
0.00000121909870890
0.00000056380836047
0.00000077395135823
0.00000142385769071
0.00000314105244374
0.00000361359435736
0.00000107098104955
0.00000056540870865
0.00000145344229900
0.00000117042895763
0.00000384598788135
0.00000159065416242
0.00000412514888878
0.00000420215503937
0.00000453600669454
0.00000470285933608
0.00000179999371598
0.00000143596871665
0.00000466293015940
0.00000349523493460
0.00000518628854841
0.00000183288977470
0.00000532870545418
0.00000515988320247
0.00000101712811693
0.00000404923835643
0.00000400379288501
