0.00000000000000000
0.00000016437695130
0.00000000564998320
0.00000018973972449
0.00000030684329683
0.00000019431576906
0.00000005676509852
0.00000057476464384
0.00000011639375643
0.00000022948233145
0.00000080965128192
0.00000099638082999
0.00000032363293019
0.00000105889365961
0.00000128869386735
0.00000033258700107
0.00000162487349744
0.00000025498041923
0.00000031049079198
0.00000058812096848
0.00000143050003883
0.00000196365466549
0.00000059090588992
0.00000210493100129
0.00000234601971218
0.00000181561438280
0.00000005501061015
0.00000072256854422
0.00000073261741419
0.00000074333310026
0.00000191713822408
0.00000081459595582
0.00000083707039663
0.00000084946214002
0.00000349207343985
0.00000108964504863
0.00000347257652917
0.00000377341014982
0.00000316076846179
0.00000289497007458
0.00000288135700915
0.00000323963907554
0.00000108249621033
0.00000109799681155
0.00000124127803400
0.00000422939273468
0.00000392222459559
0.00000186326303102
0.00000082959072419
0.00000067609362066
0.00000125626215201
0.00000423397575965
0.00000541505083111
0.00000183530228822
0.00000414020933162
0.00000491564254901
0.00000380417545473
0.00000201000261190
0.00000395048990414
0.00000479931317212
