0.00000000000000000
0.00000005767102208
0.00000008986401049
0.00000027523565764
0.00000000072879767
0.00000042220096764
0.00000060861799116
0.00000046499322898
0.00000021465170988
0.00000066924278408
0.00000088837844808
0.00000027207566470
0.00000032363293019
0.00000128474359331
0.00000118761312470
0.00000120555275635
0.00000121992915741
0.00000126990043338
0.00000163622919700
0.00000151747389004
0.00000163846929072
0.00000187057654903
0.00000049219619278
0.00000083712322174
0.00000059119449254
0.00000091931591343
0.00000069684220829
0.00000081832064170
0.00000226719979896
0.00000278575932518
0.00000123041196676
0.00000047627075206
0.00000050693521509
0.00000094796503759
0.00000287487403545
0.00000269867923616
0.00000415713500715
0.00000371017437922
0.00000100984545784
0.00000269230462736
0.00000387910498009
0.00000098228057811
0.00000108249621033
0.00000391104031152
0.00000403628706136
0.00000119128725219
0.00000373560429974
0.00000461952993402
0.00000417951946552
0.00000127838513498
0.00000449434791654
0.00000412673715971
0.00000541505083111
0.00000003092507120
0.00000475549454679
0.00000539754927171
0.00000161865553620
0.00000410607099015
0.00000503672287939
0.00000223597002476
