0.00000000000000000
0.00000005767102208
0.00000018537800418
0.00000027523565764
0.00000038191432626
0.00000035369910801
0.00000048598401502
0.00000068453605869
0.00000066966987119
0.00000084514696514
0.00000021380187817
0.00000090630391204
0.00000026055440602
0.00000026841889168
0.00000012643652984
0.00000093411632857
0.00000162487349744
0.00000126990043338
0.00000024560012568
0.00000057357018347
0.00000033723860227
0.00000036329824604
0.00000149198273066
0.00000210493100129
0.00000067714800495
0.00000199487407667
0.00000229837191634
0.00000273336259127
0.00000073261741419
0.00000240216232241
0.00000088704883810
0.00000078361996823
0.00000323459684228
0.00000025844475462
0.00000074015104744
0.00000293544950395
0.00000276612175729
0.00000339399552617
0.00000316076846179
0.00000075300797549
0.00000269994828716
0.00000364559288839
0.00000115517121575
0.00000057757737019
0.00000120435486494
0.00000381241735107
0.00000158947089743
0.00000131062006940
0.00000380570527226
0.00000074301490003
0.00000119972756477
0.00000198196516093
0.00000149628639633
0.00000125791579811
0.00000139735760499
0.00000539754927171
0.00000423553701083
0.00000554022303843
0.00000562921359317
0.00000156484912478
