0.00000000000000000
0.00000005767102208
0.00000000564998320
0.00000010424379134
0.00000007725742246
0.00000042220096764
0.00000018850285376
0.00000046499322898
0.00000021465170988
0.00000093309905566
0.00000096710561424
0.00000013113605418
0.00000100101607737
0.00000105889365961
0.00000058112866876
0.00000048172228227
0.00000113894028940
0.00000105241757321
0.00000157133853071
0.00000022506283789
0.00000059862303125
0.00000054945447897
0.00000059090588992
0.00000203035407308
0.00000034337366351
0.00000075377456273
0.00000005501061015
0.00000177584161649
0.00000073261741419
0.00000194184591910
0.00000287855498433
0.00000084508981146
0.00000268437153973
0.00000084946214002
0.00000287487403545
0.00000230406212316
0.00000297805818885
0.00000288810936131
0.00000091466459832
0.00000380696458710
0.00000378840061910
0.00000073870829040
0.00000429545419061
0.00000391104031152
0.00000147419545295
0.00000443788042648
0.00000055666250487
0.00000361725106021
0.00000477762217474
0.00000014072338571
0.00000353591290511
0.00000337606696014
0.00000512707844663
0.00000363967950525
0.00000039751913033
0.00000512217400160
0.00000155703245676
0.00000096862087299
0.00000513547133169
0.00000179401430969
