0.0000000000000000
0.0000000000000000
0.0000000000000000
0.0000000000000027
0.0000000000000053
0.0000000000000089
0.0000000000000213
0.0000000000000426
0.0000000000000853
0.0000000000000995
0.0000000000001990
0.0000000000005684
0.0000000000006821
0.0000000000015916
0.0000000000031832
0.0000000000059117
0.0000000000109139
0.0000000000163709
0.0000000000272848
0.0000000000509317
0.0000000000800355
0.0000000001746230
0.0000000004365575
0.0000000005820766
0.0000000012223609
0.0000000020954758
0.0000000031432137
0.0000000034924597
0.0000000102445483
0.0000000167638063
0.0000000298023224
