0.0000000000000000
0.0000000000000000
0.0000000000000018
0.0000000000000071
0.0000000000000284
0.0000000000000853
0.0000000000002274
0.0000000000009095
0.0000000000022737
0.0000000000059117
0.0000000000145519
0.0000000000509317
0.0000000001018634
0.0000000003492460
0.0000000007566996
0.0000000027939677
0.0000000074505806
0.0000000186264515
0.0000000502914190
0.0000001564621925
0.0000003278255463
0.0000006556510925
0.0000023841857910
0.0000059604644775
0.0000138282775879
0.0000438690185547
0.0000953674316406
0.0002975463867188
0.0007934570312500
0.0021362304687500
0.0048828125000000
