0.0000000000000000
0.0000000000000000
0.0000000000000000
0.0000000000000000
0.0000000000000142
0.0000000000000284
0.0000000000001137
0.0000000000002274
0.0000000000027285
0.0000000000000000
0.0000000000072760
0.0000000000291038
0.0000000002328306
0.0000000004656613
0.0000000004656613
0.0000000000000000
0.0000000149011612
0.0000000149011612
0.0000000596046448
0.0000002384185791
0.0000014305114746
0.0000009536743164
0.0000114440917969
0.0000152587890625
0.0000305175781250
0.0001220703125000
0.0009765625000000
0.0000000000000000
0.0078125000000000
0.0078125000000000
0.1406250000000000
