0.0000000000000000
0.0000000000000000
0.0000000000000027
0.0000000000000071
0.0000000000000107
0.0000000000000711
0.0000000000001421
0.0000000000004547
0.0000000000006821
0.0000000000027285
0.0000000000059117
0.0000000000154614
0.0000000000400178
0.0000000001018634
0.0000000002910383
0.0000000005820766
0.0000000014551915
0.0000000037252903
0.0000000069849193
0.0000000242143869
0.0000000577419996
0.0000001043081284
0.0000002607703209
0.0000006556510925
0.0000014305114746
0.0000032186508179
0.0000066757202148
0.0000233650207520
0.0000419616699219
0.0000953674316406
0.0002517700195312
