   1634.156
   1426.826
   1493.938
   1641.043
   1645.026
   1598.294
   1641.719
   1439.133
   1603.461
   1300.245
   1466.291
   1516.394
   1578.198
   1645.986
   1513.578
   1491.547
   1528.316
   1511.593
   1561.609
   1640.863
   1631.735
   1645.921
   1519.607
   1597.728
   1411.254
   1645.246
   1645.690
   1645.953
   1514.957
   1506.029
   1464.369
   1383.075
   1544.970
   1645.760
   1407.947
   1319.976
   1187.121
   1076.554
   1048.315
   1463.074
   1447.672
   1573.919
   1527.201
   1149.190
   1326.085
   1585.676
   1396.799
   1511.980
   1645.571
   1448.038
   1355.880
   1646.516
   1411.287
   1523.181
   1519.334
   1558.192
   1411.255
   1519.618
   1519.960
   1515.669
   1524.164
   1645.615
   1519.856
   1519.629
   1522.865
   1646.001
   1519.315
   1519.544
   1646.000
   1456.407
   1541.087
   1645.981
   1510.244
   1470.453
   1645.552
   1550.038
   1523.191
   1537.603
   1606.977
   1592.241
   1505.039
   1645.605
   1527.574
   1519.702
   1516.025
   1629.223
   1516.540
   1411.266
   1411.432
   1645.834
   1519.517
   1506.778
   1519.349
   1519.230
   1508.799
   1645.960
   1526.295
   1350.028
   1448.817
   1645.301
   1589.488
