    291.806
    291.978
    291.953
    291.652
    291.924
    282.951
    292.051
    285.340
    291.931
    292.025
    291.946
    291.931
    289.687
    292.032
    290.992
    289.977
    291.378
    290.569
    290.615
    278.091
    280.013
    284.443
    280.209
    289.201
    279.019
    277.046
    276.439
    291.498
    291.559
    291.908
    290.804
    282.017
    284.151
    291.800
    292.042
    284.624
    290.345
    277.277
    282.688
    286.940
    291.830
    280.671
    285.112
    284.300
    279.877
    290.080
    291.977
    291.790
    291.957
    288.375
    277.993
    285.478
    286.929
    282.303
    290.653
    291.976
    291.831
    291.891
    291.910
    290.339
    289.520
    288.131
    288.077
    290.672
    289.855
    289.592
    290.167
    290.550
    287.515
    286.927
    284.831
    290.376
    285.010
    285.154
    284.695
    280.536
    280.199
    283.585
    279.837
    284.407
    284.088
    285.470
    283.997
    290.620
    290.541
    291.765
    291.872
    291.698
    291.951
    291.007
    290.868
    272.853
    290.369
    290.828
    269.464
    264.111
    261.749
    266.078
    178.190
    289.749
    291.980
