   1087.052
   1161.435
   1161.477
   1162.460
   1162.603
   1161.928
   1162.380
   1146.959
   1162.375
   1143.970
   1162.268
   1161.688
   1162.020
   1075.423
   1162.264
   1139.226
   1160.967
   1160.445
   1162.270
   1162.471
   1162.201
    981.629
   1162.397
   1162.384
   1138.895
   1162.472
   1113.024
   1162.574
   1162.433
   1162.163
   1162.418
   1162.362
   1160.861
   1162.246
   1162.416
   1141.514
   1161.591
   1159.810
   1162.128
   1162.297
   1160.712
   1161.096
   1161.511
   1162.431
   1162.342
   1162.603
   1158.964
   1162.368
   1162.199
   1162.185
   1136.724
   1160.728
   1161.779
   1159.357
   1162.207
   1156.982
   1162.344
   1161.160
   1162.306
   1161.712
   1162.342
   1161.743
   1161.812
   1161.271
   1161.405
   1162.413
   1162.305
   1162.478
   1162.301
   1162.327
   1162.159
   1160.979
   1162.443
   1162.527
   1162.319
   1151.608
   1162.351
   1161.840
   1161.969
   1161.462
   1142.195
   1162.354
   1162.497
   1161.299
   1162.190
   1162.484
   1161.851
   1161.487
   1159.457
   1158.612
   1162.264
   1162.150
   1162.314
   1162.430
   1162.268
   1162.217
   1162.381
   1161.368
   1101.788
   1162.499
   1162.275
