           4.669
           5.347
           5.107
           4.649
           4.638
           4.773
           4.647
           5.301
           4.758
           5.868
           5.203
           5.031
           4.834
           4.635
           5.041
           5.115
           4.992
           5.047
           4.886
           4.650
           4.676
           4.635
           5.021
           4.775
           5.406
           4.637
           4.636
           4.635
           5.036
           5.066
           5.210
           5.516
           4.938
           4.636
           5.419
           5.780
           6.427
           7.087
           7.278
           5.215
           5.270
           4.847
           4.996
           6.639
           5.753
           4.811
           5.462
           5.046
           4.636
           5.269
           5.627
           4.634
           5.406
           5.009
           5.022
           4.896
           5.406
           5.021
           5.019
           5.034
           5.006
           4.636
           5.020
           5.021
           5.010
           4.635
           5.022
           5.021
           4.635
           5.239
           4.951
           4.635
           5.052
           5.188
           4.636
           4.922
           5.009
           4.962
           4.748
           4.792
           5.069
           4.636
           4.994
           5.020
           5.033
           4.683
           5.031
           5.406
           5.405
           4.636
           5.021
           5.063
           5.021
           5.022
           5.057
           4.635
           4.999
           5.651
           5.266
           4.637
           4.800
