           3.497
           3.864
           3.498
           3.498
           3.569
           3.499
           3.497
           3.499
           3.497
           3.497
           3.499
           3.497
           3.497
           3.497
           3.497
           3.498
           3.498
           3.498
           4.081
           3.497
           3.499
           3.497
           3.498
           3.498
           3.498
           3.881
           3.499
           3.498
           3.497
           3.499
           3.498
           3.498
           3.865
           3.497
           3.865
           3.497
           3.497
           3.499
           3.498
           3.748
           3.501
           3.508
           3.498
           3.864
           3.499
           3.499
           3.498
           3.498
           3.498
           3.498
           3.498
           3.863
           3.497
           3.498
           3.498
           3.497
           3.498
           3.497
           3.498
           3.499
           3.499
           3.864
           3.498
           3.498
           3.497
           3.498
           3.593
           3.497
           3.631
           3.499
           3.499
           3.498
           3.497
           3.498
           3.513
           3.498
           3.498
           3.497
           3.498
           3.498
           3.498
           3.497
           3.497
           3.497
           3.863
           3.498
           3.498
           3.499
           3.496
           3.863
           3.864
           3.498
           3.499
           3.497
           3.498
           3.509
           3.498
           3.498
           3.496
           3.864
           3.866
