  naif_ite;         10;      10000;       1.012e+14;           5.403;           5.415;           5.405;           0.002 ( 0.042 %)
  naif_ite;         10;      10000;       1.013e+19;           5.405;           5.417;           5.407;           0.002 ( 0.041 %)
  naif_ite;         10;      10000;       1.133e+11;           5.404;           5.418;           5.407;           0.002 ( 0.043 %)
  naif_ite;         10;      10000;       1.170e+17;           5.403;           5.419;           5.405;           0.003 ( 0.050 %)
  naif_ite;         10;      10000;       1.177e+13;           5.405;           5.422;           5.407;           0.003 ( 0.057 %)
  naif_ite;         10;      10000;       1.190e+10;           5.404;           5.416;           5.407;           0.002 ( 0.040 %)
  naif_ite;         10;      10000;       1.195e+16;           5.407;           5.419;           5.411;           0.003 ( 0.053 %)
  naif_ite;         10;      10000;       1.199e+12;           5.404;           5.414;           5.406;           0.002 ( 0.034 %)
  naif_ite;         10;      10000;       1.227e+12;           5.405;           6.185;           5.430;           0.135 ( 2.494 %)
  naif_ite;         10;      10000;       1.344e+20;           5.403;           5.419;           5.405;           0.003 ( 0.053 %)
  naif_ite;         10;      10000;       1.366e+15;           5.404;           5.514;           5.409;           0.019 ( 0.350 %)
  naif_ite;         10;      10000;       1.404e+13;           5.403;           5.414;           5.405;           0.002 ( 0.039 %)
  naif_ite;         10;      10000;       1.410e+16;           5.405;           6.799;           5.730;           0.419 ( 7.318 %)
  naif_ite;         10;      10000;       1.416e+25;           5.405;           5.426;           5.414;           0.007 ( 0.128 %)
  naif_ite;         10;      10000;       1.422e+13;           5.403;           5.413;           5.405;           0.002 ( 0.036 %)
  naif_ite;         10;      10000;       1.441e+14;           5.404;           6.189;           5.451;           0.176 ( 3.238 %)
  naif_ite;         10;      10000;       1.443e+11;           5.403;           5.420;           5.406;           0.003 ( 0.053 %)
  naif_ite;         10;      10000;       1.461e+17;           5.405;           5.412;           5.407;           0.002 ( 0.030 %)
  naif_ite;         10;      10000;       1.500e+14;           5.404;           7.938;           5.487;           0.441 ( 8.029 %)
  naif_ite;         10;      10000;       1.584e+18;           5.403;           5.417;           5.407;           0.004 ( 0.069 %)
  naif_ite;         10;      10000;       1.610e+26;           5.404;           5.415;           5.407;           0.002 ( 0.037 %)
  naif_ite;         10;      10000;       1.616e+08;           5.403;           5.417;           5.406;           0.003 ( 0.047 %)
  naif_ite;         10;      10000;       1.632e+22;           5.404;           5.415;           5.406;           0.002 ( 0.037 %)
  naif_ite;         10;      10000;       1.649e+16;           5.404;           5.418;           5.407;           0.002 ( 0.045 %)
  naif_ite;         10;      10000;       1.675e+15;           5.403;           5.429;           5.406;           0.004 ( 0.080 %)
  naif_ite;         10;      10000;       1.678e+11;           5.405;           5.421;           5.407;           0.003 ( 0.053 %)
  naif_ite;         10;      10000;       1.712e+12;           5.403;           5.420;           5.412;           0.006 ( 0.103 %)
  naif_ite;         10;      10000;       1.738e+12;           5.407;           5.417;           5.411;           0.003 ( 0.055 %)
  naif_ite;         10;      10000;       1.761e+12;           5.405;           5.417;           5.407;           0.002 ( 0.038 %)
  naif_ite;         10;      10000;       1.778e+14;           5.402;           5.419;           5.405;           0.003 ( 0.054 %)
  naif_ite;         10;      10000;       1.811e+11;           5.403;           5.423;           5.405;           0.003 ( 0.063 %)
  naif_ite;         10;      10000;       1.951e+23;           5.404;           6.186;           5.429;           0.136 ( 2.502 %)
  naif_ite;         10;      10000;       1.973e+11;           5.406;           5.423;           5.418;           0.005 ( 0.089 %)
  naif_ite;         10;      10000;       1.992e+11;           5.404;           5.420;           5.406;           0.003 ( 0.050 %)
  naif_ite;         10;      10000;       2.002e+23;           5.403;           5.420;           5.406;           0.003 ( 0.052 %)
  naif_ite;         10;      10000;       2.079e+14;           5.404;           5.415;           5.406;           0.002 ( 0.038 %)
  naif_ite;         10;      10000;       2.087e+22;           5.405;           5.418;           5.407;           0.002 ( 0.043 %)
  naif_ite;         10;      10000;       2.137e+16;           5.406;           6.185;           5.435;           0.135 ( 2.478 %)
  naif_ite;         10;      10000;       2.145e+13;           5.403;           5.417;           5.406;           0.002 ( 0.043 %)
  naif_ite;         10;      10000;       2.327e+11;           5.404;           5.420;           5.407;           0.003 ( 0.050 %)
  naif_ite;         10;      10000;       2.333e+10;           5.403;           5.414;           5.405;           0.002 ( 0.038 %)
  naif_ite;         10;      10000;       2.393e+11;           5.402;           5.414;           5.405;           0.002 ( 0.039 %)
  naif_ite;         10;      10000;       2.430e+21;           5.405;           5.419;           5.407;           0.002 ( 0.044 %)
  naif_ite;         10;      10000;       2.498e+09;           5.404;           5.413;           5.406;           0.002 ( 0.037 %)
  naif_ite;         10;      10000;       2.506e+17;           5.405;           5.417;           5.407;           0.002 ( 0.040 %)
  naif_ite;         10;      10000;       2.553e+10;           5.403;           5.806;           5.417;           0.070 ( 1.286 %)
  naif_ite;         10;      10000;       2.725e+25;           5.404;           5.418;           5.406;           0.003 ( 0.048 %)
  naif_ite;         10;      10000;       2.744e+17;           5.405;           5.513;           5.413;           0.025 ( 0.456 %)
  naif_ite;         10;      10000;       2.748e+28;           5.404;           5.422;           5.407;           0.003 ( 0.054 %)
  naif_ite;         10;      10000;       2.860e+14;           5.405;           5.414;           5.406;           0.002 ( 0.035 %)
  naif_ite;         10;      10000;       2.928e+16;           5.405;           5.416;           5.407;           0.002 ( 0.039 %)
  naif_ite;         10;      10000;       2.967e+17;           5.403;           6.360;           5.438;           0.167 ( 3.063 %)
  naif_ite;         10;      10000;       2.978e+12;           5.403;           5.416;           5.405;           0.002 ( 0.043 %)
  naif_ite;         10;      10000;       3.003e+17;           5.403;           5.415;           5.405;           0.002 ( 0.041 %)
  naif_ite;         10;      10000;       3.005e+15;           5.407;           5.426;           5.410;           0.003 ( 0.061 %)
  naif_ite;         10;      10000;       3.028e+20;           5.403;           6.186;           5.435;           0.139 ( 2.550 %)
  naif_ite;         10;      10000;       3.124e+17;           5.417;           5.425;           5.419;           0.002 ( 0.033 %)
  naif_ite;         10;      10000;       3.344e+16;           5.403;           5.427;           5.407;           0.005 ( 0.100 %)
  naif_ite;         10;      10000;       3.631e+19;           5.403;           5.415;           5.405;           0.002 ( 0.042 %)
  naif_ite;         10;      10000;       3.726e+31;           5.404;           5.514;           5.409;           0.019 ( 0.348 %)
  naif_ite;         10;      10000;       4.016e+24;           5.405;           5.417;           5.407;           0.002 ( 0.038 %)
  naif_ite;         10;      10000;       4.034e+20;           5.405;           9.889;           5.939;           1.072 (18.047 %)
  naif_ite;         10;      10000;       4.048e+18;           5.404;           5.416;           5.406;           0.002 ( 0.042 %)
  naif_ite;         10;      10000;       4.088e+21;           5.404;           5.415;           5.407;           0.002 ( 0.034 %)
  naif_ite;         10;      10000;       4.165e+18;           5.404;           5.433;           5.407;           0.005 ( 0.091 %)
  naif_ite;         10;      10000;       4.308e+16;           5.404;           6.235;           5.434;           0.145 ( 2.661 %)
  naif_ite;         10;      10000;       4.534e+16;           5.404;           5.417;           5.406;           0.002 ( 0.046 %)
  naif_ite;         10;      10000;       4.610e+12;           5.404;           5.419;           5.406;           0.003 ( 0.055 %)
  naif_ite;         10;      10000;       4.676e+21;           5.404;           5.418;           5.408;           0.003 ( 0.052 %)
  naif_ite;         10;      10000;       4.812e+08;           5.403;           5.420;           5.406;           0.003 ( 0.064 %)
  naif_ite;         10;      10000;       5.281e+13;           5.402;           5.418;           5.405;           0.003 ( 0.049 %)
  naif_ite;         10;      10000;       5.356e+17;           5.405;           6.186;           5.432;           0.135 ( 2.490 %)
  naif_ite;         10;      10000;       5.622e+22;           5.403;           5.424;           5.407;           0.004 ( 0.068 %)
  naif_ite;         10;      10000;       5.816e+19;           5.405;           5.513;           5.416;           0.029 ( 0.540 %)
  naif_ite;         10;      10000;       5.949e+22;           5.405;           5.419;           5.407;           0.003 ( 0.047 %)
  naif_ite;         10;      10000;       5.969e+16;           5.405;           5.420;           5.407;           0.003 ( 0.050 %)
  naif_ite;         10;      10000;       6.138e+07;           5.404;           9.828;           5.656;           0.880 (15.565 %)
  naif_ite;         10;      10000;       6.190e+11;           5.404;           5.415;           5.406;           0.002 ( 0.039 %)
  naif_ite;         10;      10000;       6.194e+22;           5.404;           6.184;           5.430;           0.135 ( 2.495 %)
  naif_ite;         10;      10000;       6.250e+20;           5.405;           5.417;           5.407;           0.002 ( 0.040 %)
  naif_ite;         10;      10000;       6.319e+06;           5.406;           6.603;           5.479;           0.277 ( 5.058 %)
  naif_ite;         10;      10000;       6.705e+17;           5.402;           5.416;           5.405;           0.002 ( 0.044 %)
  naif_ite;         10;      10000;       6.744e+15;           5.404;           5.421;           5.407;           0.003 ( 0.054 %)
  naif_ite;         10;      10000;       6.822e+20;           5.403;           5.412;           5.405;           0.002 ( 0.035 %)
  naif_ite;         10;      10000;       7.209e+39;           5.404;           6.188;           5.733;           0.387 ( 6.756 %)
  naif_ite;         10;      10000;       7.306e+29;           5.406;           5.424;           5.409;           0.003 ( 0.061 %)
  naif_ite;         10;      10000;       7.310e+13;           5.403;           5.417;           5.405;           0.002 ( 0.046 %)
  naif_ite;         10;      10000;       7.310e+30;           5.403;           5.676;           5.414;           0.047 ( 0.872 %)
  naif_ite;         10;      10000;       7.475e+16;           5.404;           5.789;           5.420;           0.069 ( 1.271 %)
  naif_ite;         10;      10000;       7.487e+20;           5.403;           5.418;           5.405;           0.003 ( 0.049 %)
  naif_ite;         10;      10000;       7.606e+12;           5.404;           5.415;           5.406;           0.002 ( 0.038 %)
  naif_ite;         10;      10000;       8.004e+10;           5.404;           5.417;           5.406;           0.002 ( 0.044 %)
  naif_ite;         10;      10000;       8.560e+14;           5.403;           5.416;           5.406;           0.002 ( 0.045 %)
  naif_ite;         10;      10000;       8.817e+16;           5.403;           5.415;           5.406;           0.002 ( 0.039 %)
  naif_ite;         10;      10000;       9.307e+09;           5.404;           5.414;           5.406;           0.002 ( 0.038 %)
  naif_ite;         10;      10000;       9.455e+26;           5.409;           5.429;           5.424;           0.006 ( 0.117 %)
  naif_ite;         10;      10000;       9.457e+06;           5.405;           5.418;           5.408;           0.003 ( 0.052 %)
  naif_ite;         10;      10000;       2.732e+12;           6.177;           6.183;           6.178;           0.001 ( 0.018 %)
  naif_ite;         10;      10000;       3.393e+21;           6.175;           6.184;           6.176;           0.002 ( 0.026 %)
  naif_ite;         10;      10000;       9.244e+14;           5.415;          11.802;           6.043;           1.324 (21.907 %)
  naif_ite;         10;      10000;       8.126e+16;           7.024;           7.041;           7.027;           0.003 ( 0.042 %)
