-nan
0.00000000000000195
0.00000000000000071
0.00000000000000521
0.00000019073487074
0.00000000000000881
0.00000019073485357
0.00000010899135471
0.00000000000000338
0.00000025431316036
0.00000007629395938
0.00000013871624625
0.00000012715659672
0.00000000000002383
0.00000010899137664
0.00000000000002823
0.00000000000003002
0.00000017951513384
0.00000016954213370
0.00000008030938186
0.00000007629398070
0.00000014532183700
0.00000000000003734
0.00000006634259933
0.00000000000003896
0.00000000000003968
0.00000011737533655
0.00000000000002632
0.00000000000001726
0.00000000000000882
0.00000020345051989
0.00000000000000642
0.00000009536741832
0.00000000000001981
0.00000017951513953
0.00000008719304869
0.00000008477108745
0.00000008247989863
0.00000032123761735
0.00000007825014858
0.00000007629388918
0.00000007443317769
0.00000000000006429
0.00000007097118000
0.00000013871619250
0.00000027126743627
0.00000000000007847
0.00000012986195294
0.00000006357820309
0.00000018684240264
0.00000018310537837
0.00000005983829541
0.00000000000009554
0.00000011516077020
0.00000000000010042
0.00000011097290863
0.00000032697415630
0.00000000000010710
0.00000010523291884
0.00000000000011118
0.00000020345063395
0.00000010005751821
0.00000009844391721
0.00000009688108184
0.00000000000012026
0.00000018780035886
0.00000009247763297
0.00000000000012506
0.00000000000012656
0.00000008845687621
0.00000000000012944
0.00000017192988679
0.00000008477118251
0.00000000000013347
0.00000000000013473
0.00000008138007236
0.00000008030927895
0.00000000000013834
0.00000023475074045
0.00000000000014060
0.00000022888169426
0.00000007535190201
0.00000014886609098
0.00000007353647761
0.00000007266075453
0.00000014361198563
0.00000021291318810
0.00000014031055545
0.00000006935828157
0.00000020573633139
0.00000013563352935
0.00000006707144823
0.00000013268496942
0.00000006562904661
0.00000000000015444
0.00000000000015521
0.00000012715641956
0.00000012584583969
0.00000024912292931
0.00000012330318783
0.00000018310530993
0.00000000000015950
0.00000000000016016
0.00000000000015408
0.00000023475045710
0.00000034877245525
0.00000000000012398
0.00000022816869409
0.00000022605602941
0.00000011199120792
0.00000011097309777
0.00000000000007743
0.00000010899141906
0.00000010802688518
0.00000021415849444
0.00000010614805472
0.00000000000003489
0.00000010433362725
0.00000010344943626
0.00000000000001108
0.00000010172526383
0.00000010088455165
0.00000000000001156
0.00000009924417536
0.00000039377522765
0.00000009765628311
0.00000009688116034
0.00000000000004691
0.00000019073480964
0.00000009462820951
0.00000009390017357
0.00000018636696256
0.00000009247758905
0.00000000000008582
0.00000009109734010
0.00000027126745913
0.00000008975747873
0.00000000000010987
0.00000008845686385
0.00000017564085879
0.00000000000012700
0.00000008657482227
0.00000000000013803
0.00000017072756637
0.00000008477090161
0.00000025255942123
0.00000025082956841
0.00000000000016427
0.00000008248011018
0.00000008192620996
0.00000016276023750
0.00000008084108255
0.00000024092843714
0.00000000000019349
0.00000000000019814
0.00000000000020273
0.00000000000020726
0.00000007775200313
0.00000000000021615
0.00000007677400196
0.00000007629417013
0.00000022746043870
0.00000007535181148
0.00000014977928712
0.00000007443335889
0.00000007398225314
0.00000007353608327
0.00000000000025351
0.00000014532154318
0.00000000000026128
0.00000014361186726
0.00000000000026886
0.00000021291360834
0.00000007056059801
0.00000007015563192
0.00000013950921207
0.00000027743224135
0.00000000000029058
0.00000013715794855
0.00000006819540782
0.00000006781714117
0.00000000000030425
0.00000006707129270
0.00000000000031087
0.00000006634224702
0.00000006598427004
0.00000000000032052
0.00000006527856565
0.00000000000032679
0.00000006458713706
0.00000006424786582
0.00000006391082244
0.00000012715623659
0.00000025299580821
0.00000006292249668
0.00000000000034771
0.00000012456119279
0.00000006196497904
0.00000006165131676
0.00000018402595573
0.00000000000036175
0.00000006073186323
0.00000006043121495
0.00000012026594789
0.00000011967640447
0.00000000000037511
0.00000011851524421
0.00000023588504211
0.00000011737491766
0.00000011681331083
0.00000011625705264
0.00000000000039031
0.00000023032173710
0.00000000000039518
0.00000000000039759
0.00000000000039997
0.00000011302846945
0.00000022501399626
0.00000022398181779
0.00000011147932817
0.00000011097342291
0.00000011047128484
0.00000000000041603
0.00000010948051914
0.00000010899177088
0.00000000000042261
0.00000010802724999
0.00000010755136302
0.00000010707879247
0.00000010661205775
0.00000010614766463
0.00000010568814699
0.00000000000043730
0.00000010478182345
0.00000010433404177
0.00000010388918433
0.00000020689928005
0.00000010301336921
0.00000010257964533
0.00000010215134025
0.00000010172480737
0.00000020260678274
0.00000010088409897
0.00000000000045868
0.00000000000046052
0.00000000000046236
0.00000019848784883
0.00000000000046598
0.00000009844426817
0.00000009804891332
0.00000009765672130
0.00000000000047305
0.00000009688167517
0.00000000000047650
0.00000000000047820
0.00000009574094168
0.00000019073534485
0.00000009499586890
0.00000000000048489
0.00000009426327610
0.00000000000048815
0.00000009353997958
0.00000009318393603
0.00000009282864202
0.00000018495452440
0.00000009212903384
0.00000018356487736
0.00000000000049920
0.00000000000050073
0.00000018151669106
0.00000000000050376
0.00000000000050526
0.00000008975808946
0.00000026828589288
0.00000000000050968
0.00000017755732932
0.00000017691400896
0.00000026441274325
0.00000000000051543
0.00000008750508351
0.00000017438667896
0.00000008688330434
0.00000000000052102
0.00000008626929448
0.00000008596448504
0.00000000000052511
0.00000000000052646
0.00000000000052779
0.00000000000052912
0.00000008447825535
0.00000000000053174
0.00000000000053304
0.00000000000053433
0.00000000000053561
0.00000000000053688
0.00000008276007204
0.00000008247940148
0.00000008220277128
0.00000000000054188
0.00000016330530900
0.00000008138075267
0.00000008110929665
0.00000016168198636
0.00000008057501164
0.00000016061938137
0.00000024013886999
0.00000007978396648
0.00000007952518621
0.00000007926588287
0.00000007901046597
0.00000031502071740
0.00000007850236593
0.00000007825075870
0.00000015599983986
0.00000000000056061
0.00000000000056172
0.00000007725912863
0.00000000000056392
0.00000000000056500
0.00000000000056608
0.00000015258845778
0.00000007605570125
0.00000000000056928
0.00000000000057033
0.00000007535147337
0.00000007511961989
0.00000007488918881
0.00000007466131607
0.00000029773304502
0.00000014841433032
0.00000022194660026
0.00000007375791845
0.00000007353575330
0.00000007331492248
0.00000014619257252
0.00000021863281304
0.00000014532238405
0.00000014489116306
0.00000014446249367
0.00000000000058634
0.00000007180547888
0.00000000000058824
0.00000000000058918
0.00000014235663967
0.00000000000059104
0.00000007076480659
0.00000007056028140
0.00000007035693503
0.00000007015594671
0.00000000000059560
0.00000013950833207
0.00000013911206463
0.00000000000059828
0.00000020748435127
0.00000006896567821
0.00000006877260795
0.00000013715825627
0.00000000000060264
0.00000020458771941
0.00000020401783972
0.00000006781744547
0.00000006762958803
0.00000000000060687
0.00000006725697823
0.00000006707099174
0.00000026755197922
0.00000006670447862
0.00000026609271325
0.00000006634317295
0.00000006616338362
0.00000013196729199
0.00000006580548417
0.00000019688821582
0.00000013090711714
0.00000006527762539
0.00000006510354930
0.00000006493163543
0.00000019427574050
0.00000000000061968
0.00000012883472335
0.00000000000062121
0.00000006407952616
0.00000012782293947
0.00000012748795356
0.00000019073423907
0.00000000000062495
0.00000000000062569
0.00000006308480639
0.00000012584505584
0.00000006276045824
0.00000006259953166
0.00000006243942823
0.00000012456217340
0.00000006212166569
0.00000024785787109
0.00000000000063216
0.00000006165104012
0.00000006149701265
0.00000006134249982
0.00000018356501464
0.00000000000063562
0.00000018264821033
0.00000006073213574
0.00000006058143791
0.00000000000063833
0.00000006028099680
0.00000018040011627
0.00000011997146343
0.00000000000064099
0.00000005969272600
0.00000023818533763
0.00000011880385142
0.00000000000061722
0.00000011822729865
0.00000011794173425
0.00000000000058646
0.00000011737472418
0.00000011709439114
0.00000000000055614
0.00000011653545067
0.00000023251541712
0.00000000000052625
0.00000000000051639
0.00000011543241306
0.00000034548151972
0.00000000000048706
0.00000000000047738
0.00000000000046774
0.00000011408486235
0.00000011381802459
0.00000011355421817
0.00000000000042964
0.00000011302848735
0.00000011276662148
0.00000000000040152
0.00000000000039223
0.00000000000038299
0.00000000000037379
0.00000011147937281
0.00000011122544176
0.00000011097335780
0.00000011072103448
0.00000011047054263
0.00000022044332171
0.00000010997356504
0.00000010972642526
0.00000000000029283
0.00000010923489493
0.00000000000027528
0.00000010874887459
0.00000000000025789
0.00000000000024925
0.00000032408071632
0.00000010778858750
0.00000000000022357
0.00000010731477552
0.00000010707901486
0.00000010684471425
0.00000000000018984
0.00000021275889610
0.00000010614827103
0.00000010591767672
0.00000000000015670
0.00000021092077485
0.00000010523288767
0.00000000000013222
0.00000000000012413
0.00000000000011607
0.00000000000010805
0.00000010411124079
0.00000010388971977
0.00000031100724980
0.00000000000007631
0.00000010323077670
0.00000000000006063
0.00000010279610548
0.00000010258013963
0.00000010236500456
0.00000020430174856
0.00000010193765251
0.00000010172524602
0.00000010151376658
0.00000000000000075
0.00000020218684472
0.00000000000001578
0.00000010067652314
0.00000000000003069
0.00000000000003810
0.00000010005758772
0.00000009985296354
0.00000000000006014
0.00000009944621567
0.00000019848838769
0.00000019808578171
0.00000009884244741
0.00000009864277305
0.00000019688749739
0.00000009824583488
0.00000009804856139
0.00000019570403248
0.00000000000013169
0.00000009746118865
0.00000019453450821
0.00000000000015261
0.00000009688104087
0.00000000000016641
0.00000009649809748
0.00000009630811896
0.00000028835525581
0.00000009592971236
0.00000000000020045
0.00000009555385349
0.00000028610208105
0.00000009518130967
0.00000009499612494
0.00000009481165938
0.00000009462790881
0.00000000000024699
0.00000000000025353
0.00000018816207135
0.00000009390050694
0.00000000000027302
0.00000000000027947
0.00000009336132979
0.00000000000029229
0.00000018601160610
0.00000009282943999
0.00000000000031133
0.00000009247719184
0.00000018460571143
0.00000009212820757
0.00000018390973894
0.00000000000034260
0.00000009160964184
0.00000009143808139
0.00000009126716229
0.00000009109761533
0.00000009092798036
0.00000009075897600
0.00000000000038540
0.00000027126775253
0.00000009025571165
0.00000009008838811
0.00000008992247278
0.00000008975716743
0.00000008959331111
0.00000008942922746
0.00000000000043297
0.00000017820439695
0.00000026681991055
0.00000017755726863
0.00000000000045623
0.00000008845628619
0.00000000000046774
0.00000008813693628
0.00000017595672804
0.00000017564025256
0.00000000000049051
0.00000017501070457
0.00000017469761988
0.00000017438565335
0.00000000000051295
0.00000000000051851
0.00000008672898764
0.00000008657416015
0.00000008642092510
0.00000017253808472
0.00000008611716859
0.00000008596445734
0.00000025744234072
0.00000008566281490
0.00000017102613985
0.00000008536328185
0.00000000000057839
0.00000025519867586
0.00000008491906730
0.00000000000059433
0.00000016924766729
0.00000033791150451
0.00000000000061010
0.00000016837222951
0.00000025212519023
0.00000000000062571
0.00000008375384700
0.00000000000063602
0.00000008346623919
0.00000008332509166
0.00000008318184438
0.00000024912243029
0.00000008289938094
0.00000008275886735
0.00000008262017243
0.00000016495920517
0.00000008234153319
0.00000000000068656
0.00000016412884278
0.00000016385207199
0.00000016357760682
0.00000040826120841
0.00000000000071120
0.00000016275970059
0.00000016248887973
0.00000024332880080
0.00000000000073061
0.00000016168179769
0.00000008070838485
0.00000000000074501
0.00000008044097181
0.00000016061958676
0.00000008017678590
0.00000000000076398
0.00000007991586688
0.00000000000077337
0.00000007965514183
0.00000007952385085
0.00000007939453786
0.00000031706653872
0.00000015827672851
0.00000007900910982
0.00000000000080576
0.00000007875422999
0.00000007862903550
0.00000007850098926
0.00000000000082395
0.00000015649957218
0.00000007812416705
0.00000015599956193
0.00000000000084190
0.00000000000084635
0.00000000000085079
0.00000007750410510
0.00000015476512270
0.00000007726055548
0.00000030855142132
0.00000015403106729
0.00000015379024720
0.00000030709424432
0.00000007665237166
0.00000015306711268
0.00000007641423557
0.00000000000089869
0.00000015234894103
0.00000007605717670
0.00000000000091147
0.00000000000091571
0.00000000000091993
0.00000007558440868
0.00000007546943683
0.00000007535111224
0.00000007523687659
0.00000007512113314
0.00000000000094498
0.00000007488881316
0.00000007477602980
0.00000014932052585
0.00000014909447288
0.00000000000096551
0.00000014863868035
0.00000007420785053
0.00000014818756557
0.00000007398102587
0.00000022160926390
0.00000007375948671
0.00000014729350100
0.00000029414632903
0.00000000000100168
0.00000014663000037
0.00000007320457513
0.00000007309498199
0.00000007298571649
0.00000007287881986
0.00000014553735031
0.00000000000102914
0.00000000000103301
0.00000007244632620
0.00000014467696666
0.00000000000104457
0.00000021637173594
0.00000021605259822
0.00000028764833144
0.00000014361107252
0.00000000000106361
0.00000021478540622
0.00000007148959503
0.00000014277337023
0.00000014256278997
0.00000000000108238
0.00000014214774942
0.00000000000108981
0.00000000000109351
0.00000021229509846
0.00000014132487597
0.00000007056197881
0.00000007045794664
0.00000021107369829
0.00000007025517949
0.00000007015647111
0.00000007005582142
0.00000006995320750
0.00000006985538599
0.00000006975333080
0.00000000000113706
0.00000006955687424
0.00000000000114418
0.00000020807554403
0.00000013851835229
0.00000000000115477
0.00000000000115829
0.00000006896744004
0.00000013773684600
0.00000013754518285
0.00000000000117224
0.00000006858000295
0.00000027392939588
0.00000013677227679
0.00000000000118603
0.00000027278401069
0.00000013620237837
0.00000000000119628
0.00000000000119967
0.00000000000120306
0.00000020316713614
0.00000020288573618
0.00000006753422944
0.00000013488310669
0.00000020204863364
0.00000000000122318
0.00000020149034846
0.00000000000122982
0.00000006698082846
0.00000020066476381
0.00000013359144156
0.00000006670633177
0.00000006661283970
0.00000013304541262
0.00000013286689901
0.00000013268386629
0.00000006625380332
0.00000006616403345
0.00000006607197520
0.00000000000126887
0.00000006589363347
0.00000006580482313
0.00000006571625185
0.00000006563048187
0.00000019662203738
0.00000006545453859
0.00000013072996730
0.00000019583602014
0.00000000000129734
0.00000013020963379
0.00000013003625696
0.00000000000130667
0.00000012968826526
0.00000006475747362
0.00000032336638216
0.00000012917625287
0.00000019350511782
0.00000006441572632
0.00000000000132817
0.00000006424620168
0.00000012832488126
0.00000006407756693
0.00000019198610437
0.00000025564597680
0.00000006382626809
0.00000012748992631
0.00000000000135227
0.00000025431179580
0.00000012698986416
0.00000006341451052
0.00000025332224158
0.00000006325023365
0.00000006316841399
0.00000000000137294
0.00000000000137586
0.00000012584430421
0.00000025136882055
0.00000018828187377
0.00000018804017222
0.00000006259876990
0.00000000000139324
0.00000000000139611
0.00000006236171187
0.00000006228217351
0.00000012440427092
0.00000018636829683
0.00000012408531138
0.00000006196321246
0.00000006188750599
0.00000006180917198
0.00000006173103603
0.00000012330192154
0.00000024629713969
0.00000006149494910
0.00000006141759239
0.00000012268229562
0.00000006126346132
0.00000012237481207
0.00000006111010187
0.00000018310402220
0.00000006096040684
0.00000006088440089
0.00000000000145474
0.00000012146154006
0.00000000000146016
0.00000012116306336
0.00000024202438997
0.00000024172192284
0.00000000000147093
0.00000006028016220
0.00000012041313532
0.00000012026779667
0.00000012011987028
0.00000011997230734
0.00000005991032293
0.00000005983689896
0.00000005976663903
0.00000000000149477
0.00000000000149739
0.00000023818747561
0.00000023789736131
0.00000000000150520
0.00000023731924777
0.00000000000151038
0.00000011837272508
0.00000023645732667
0.00000000000151810
0.00000011794081026
0.00000023559859742
0.00000011765660677
0.00000011751501803
0.00000000000153084
0.00000023447032088
0.00000000000153589
0.00000000000153841
0.00000011681215525
0.00000023334981105
0.00000011653335861
0.00000000000154842
0.00000000000155091
0.00000011611764994
0.00000011598285040
0.00000034752958046
0.00000011570489655
0.00000023114061651
0.00000023086740495
0.00000000000156815
0.00000011516224276
0.00000011502660248
0.00000000000157546
0.00000000000157788
0.00000000000158030
0.00000011448405621
0.00000011435316592
0.00000000000158752
0.00000011408599412
0.00000011395287585
0.00000011381687850
0.00000000000159707
0.00000000000159944
0.00000011342029134
0.00000022657902228
0.00000000000160653
0.00000011302967601
0.00000011289578762
0.00000000000161357
0.00000000000161590
0.00000000000161823
0.00000011237935358
0.00000011225018609
0.00000000000162519
0.00000000000162749
0.00000011186445912
0.00000000000163210
0.00000011160877724
0.00000011148137412
0.00000000000163896
0.00000000000164123
0.00000033329942507
0.00000000000164577
0.00000011084869684
0.00000011071972159
0.00000011059432707
0.00000000000165479
0.00000022069043337
0.00000000000165926
0.00000011009889937
0.00000000000166372
0.00000010984788412
0.00000010972779175
0.00000021920427801
0.00000000000167257
0.00000010935917757
0.00000000000167697
0.00000010911144933
0.00000010898966910
0.00000010886816040
0.00000000000168570
0.00000000000168788
0.00000000000169004
0.00000021677472217
0.00000021653439946
0.00000000000169651
0.00000032407877700
0.00000010790575776
0.00000000000170294
0.00000000000170508
0.00000010754922892
0.00000010743432759
0.00000010731284899
0.00000010719504824
0.00000010708093717
0.00000010696022088
0.00000000000171988
0.00000010672642010
0.00000021322497734
0.00000010649363917
0.00000000000172824
0.00000021252547317
0.00000010614636544
0.00000021206742393
0.00000000000173652
0.00000010580134917
0.00000000000174064
0.00000000000174269
0.00000010546205791
0.00000010534480122
0.00000010523477683
0.00000010512150327
0.00000031502191417
0.00000000000175490
0.00000010477962719
0.00000010467083718
0.00000000000176095
0.00000000000176296
0.00000020866543589
0.00000000000176696
0.00000010410937177
0.00000031200256967
0.00000010388785473
0.00000000000177492
0.00000000000177689
0.00000010356089870
0.00000010344763654
0.00000010333816429
0.00000000000178476
0.00000010311991339
0.00000000000178867
0.00000000000179062
0.00000010279784520
0.00000010268975455
0.00000000000179644
0.00000020494311243
0.00000010236324162
0.00000010225965563
0.00000010214908497
0.00000010204595444
0.00000000000180798
0.00000000000180988
0.00000010172344863
0.00000010161759318
0.00000020302573119
0.00000000000181748
0.00000010130134453
0.00000020239819431
0.00000030328210263
0.00000000000182501
0.00000000000182688
0.00000000000182875
0.00000010067471578
0.00000000000183248
0.00000010046755867
0.00000020073410751
0.00000020052801874
0.00000010016209629
0.00000010005947492
0.00000000000184357
0.00000009985117096
0.00000009974917422
0.00000019929662033
0.00000000000185088
0.00000009944443039
0.00000009934697151
0.00000039697476969
0.00000009914154288
0.00000000000185994
0.00000009894064079
0.00000000000186354
0.00000009874055124
0.00000000000186713
0.00000019708440757
0.00000009844192970
0.00000019669119775
0.00000000000187425
0.00000000000187603
0.00000000000187780
0.00000000000187956
0.00000009785383523
0.00000009775212092
