-nan
0.00000009536743359
0.00000000000000071
0.00000000000000521
0.00000000000000746
0.00000000000000881
0.00000006357827805
0.00000000000000426
0.00000019073486666
0.00000000000000932
0.00000000000001407
0.00000006935811414
0.00000006357830896
0.00000011737532431
0.00000000000002619
0.00000000000002823
0.00000009536740162
0.00000008975761432
0.00000016954206769
0.00000008030938186
0.00000007629398070
0.00000007266093670
0.00000000000003734
0.00000000000003818
0.00000019073482432
0.00000012207035218
0.00000000000003607
0.00000000000002632
0.00000010899136770
0.00000010523303684
0.00000010172525947
0.00000009844379399
0.00000028610230824
0.00000018495499913
0.00000008975755681
0.00000034877235310
0.00000008477108745
0.00000000000004225
0.00000000000004712
0.00000000000005174
0.00000000000005613
0.00000014886629507
0.00000000000006429
0.00000014194215576
0.00000006935806040
0.00000013563360540
0.00000006634248267
0.00000012986195294
0.00000006357820309
0.00000006228068410
0.00000012207022212
0.00000005983829541
0.00000000000009554
0.00000000000009803
0.00000011302796671
0.00000011097311410
0.00000010899145540
0.00000010707911439
0.00000000000010918
0.00000010344930619
0.00000000000011312
0.00000010005774819
0.00000009844368360
0.00000019376228223
0.00000019073474302
0.00000009390036229
0.00000009247763297
0.00000000000012506
0.00000008975745616
0.00000000000012802
0.00000000000012944
0.00000008596487798
0.00000016954196853
0.00000016721973963
0.00000008247980614
0.00000008138007236
0.00000024092811118
0.00000007926629834
0.00000015650054013
0.00000000000014060
0.00000000000014168
0.00000007535190201
0.00000000000014377
0.00000007353618805
0.00000007266075453
0.00000007180591945
0.00000000000014766
0.00000014031055545
0.00000020807424683
0.00000027431545934
0.00000013563352935
0.00000013414335259
0.00000019902753056
0.00000000000015366
0.00000006493086284
0.00000006424768811
0.00000006357813180
0.00000006292299820
0.00000018684247247
0.00000012330318783
0.00000012207015368
0.00000000000015950
0.00000005983822832
0.00000011851502059
0.00000011737515662
0.00000000000013383
0.00000011516079615
0.00000000000011432
0.00000022605602941
0.00000011199101685
0.00000000000008640
0.00000000000007743
0.00000010899141906
0.00000000000005996
0.00000010707917003
0.00000000000004310
0.00000010523306291
0.00000010433357361
0.00000000000001888
0.00000020516017799
0.00000010172526383
0.00000000000000413
0.00000000000001156
0.00000009924417536
0.00000009844382644
0.00000029296878311
0.00000009688124046
0.00000009611840321
0.00000019073480964
0.00000018925635873
0.00000009390030720
0.00000009318337141
0.00000000000007958
0.00000009178210403
0.00000009109734010
0.00000000000009802
0.00000008975768671
0.00000008910230801
0.00000000000011566
0.00000000000012138
0.00000008719295335
0.00000017314951199
0.00000017193015563
0.00000017072785321
0.00000000000014874
0.00000000000015399
0.00000008360964392
0.00000000000016427
0.00000000000016930
0.00000008192620996
0.00000008138002916
0.00000000000018401
0.00000008030960490
0.00000007978471146
0.00000000000019814
0.00000007875483759
0.00000000000020726
0.00000007775200313
0.00000015451959906
0.00000015354778340
0.00000000000022482
0.00000022746043870
0.00000007535181148
0.00000007488952485
0.00000014886647627
0.00000022194577716
0.00000007353658239
0.00000014619224453
0.00000014532205801
0.00000000000026128
0.00000007180580109
0.00000007138641652
0.00000000000027258
0.00000014112202482
0.00000000000027990
0.00000006975474779
0.00000000000028706
0.00000000000029058
0.00000013715736044
0.00000006819540782
0.00000033908390050
0.00000006744185735
0.00000013414289297
0.00000013340986673
0.00000006634224702
0.00000000000031734
0.00000000000032052
0.00000019583504961
0.00000000000032679
0.00000000000032987
0.00000012849473287
0.00000006391149432
0.00000006357794883
0.00000000000034189
0.00000000000034481
0.00000000000034771
0.00000006228042111
0.00000000000035341
0.00000006165202920
0.00000006134150658
0.00000006103479450
0.00000018219486075
0.00000006043121495
0.00000006013352871
0.00000000000037249
0.00000011909336292
0.00000000000037771
0.00000011794271119
0.00000000000038282
0.00000000000038534
0.00000011625782831
0.00000000000039031
0.00000000000039276
0.00000011461961656
0.00000000000039759
0.00000000000039997
0.00000000000040233
0.00000011250760512
0.00000011199151936
0.00000000000040927
0.00000022194643427
0.00000011047128484
0.00000010997367054
0.00000010947968265
0.00000010899177088
0.00000010850652183
0.00000021605322568
0.00000021510229915
0.00000010707879247
0.00000010661205775
0.00000010614853102
0.00000010568901751
0.00000010523259071
0.00000010478094479
0.00000000000044134
0.00000010388918433
0.00000010344986268
0.00000000000044726
0.00000010258054374
0.00000020430222937
0.00000000000045304
0.00000000000045494
0.00000030265412417
0.00000000000045868
0.00000010005809372
0.00000009964969705
0.00000000000046418
0.00000000000046598
0.00000000000046777
0.00000009804891332
0.00000009765672130
0.00000009726765432
0.00000000000047478
0.00000000000047650
0.00000019223623440
0.00000019148332303
0.00000009536695007
0.00000009499586890
0.00000018925678334
0.00000009426230305
0.00000000000048815
0.00000000000048977
0.00000018636639794
0.00000027848789790
0.00000009247701493
0.00000000000049610
0.00000000000049766
0.00000000000049920
0.00000009109774887
0.00000009075909891
0.00000018084541117
0.00000000000050526
0.00000026927325490
0.00000008942829215
0.00000008910190820
0.00000000000051114
0.00000000000051258
0.00000000000051401
0.00000017564125285
0.00000008750611721
0.00000000000051825
0.00000000000051964
0.00000008657416869
0.00000008626824969
0.00000000000052376
0.00000008566390231
0.00000000000052646
0.00000008506694765
0.00000016954157158
0.00000008447825535
0.00000008418695415
0.00000016779371095
0.00000008361033741
0.00000008332390978
0.00000000000053688
0.00000008275899575
0.00000000000053940
0.00000008220277128
0.00000000000054188
0.00000000000054311
0.00000016276096100
0.00000016222022993
0.00000000000054675
0.00000000000054795
0.00000024092769922
0.00000024013886999
0.00000031913862339
0.00000007952518621
0.00000007926699051
0.00000023703028798
0.00000031502071740
0.00000015700417461
0.00000015650095902
0.00000007799964018
0.00000000000056061
0.00000000000056172
0.00000000000056282
0.00000030806444404
0.00000000000056500
0.00000007653367737
0.00000000000056716
0.00000007605570125
0.00000007581950059
0.00000000000057033
0.00000000000057138
0.00000007512076473
0.00000022466986027
0.00000022398279925
0.00000029773189401
0.00000007420745342
0.00000007398143005
0.00000007375791845
0.00000000000057953
0.00000000000058052
0.00000021928856803
0.00000007287838099
0.00000014532238405
0.00000007244470489
0.00000000000058539
0.00000007201729714
0.00000000000058729
0.00000007159607944
0.00000000000058918
0.00000000000059011
0.00000014194281488
0.00000014153020514
0.00000007056028140
0.00000021107318025
0.00000007015475731
0.00000006995373821
0.00000000000059650
0.00000020866779825
0.00000013871686248
0.00000013832389944
0.00000000000060004
0.00000020631662203
0.00000013715825627
0.00000000000060264
0.00000013639201411
0.00000006800514078
0.00000020345112603
0.00000013525735795
0.00000006744276848
0.00000013451213334
0.00000000000060854
0.00000013377507557
0.00000013341078778
0.00000019956938219
0.00000013268573409
0.00000019848770039
0.00000006598333929
0.00000013161281098
0.00000006562981528
0.00000013090711714
0.00000026111358450
0.00000019531188264
0.00000006493163543
0.00000012951695403
0.00000012917431418
0.00000025766882625
0.00000012849444458
0.00000019223609063
0.00000000000062272
0.00000038246635454
0.00000006357766355
0.00000006341377430
0.00000018974597405
0.00000018925567203
0.00000025169199313
0.00000000000062788
0.00000006260078886
0.00000006244068686
0.00000006228140172
0.00000018636752006
0.00000006196525709
0.00000018542262734
0.00000012330397882
0.00000018448977083
0.00000018402623098
0.00000006118876150
0.00000006103452063
0.00000006088231257
0.00000000000063699
0.00000006058143791
0.00000006043148611
0.00000018084426840
0.00000000000063967
0.00000017995687498
0.00000000000064099
0.00000011938481035
0.00000011909362578
0.00000035641029911
0.00000011851548373
0.00000011822729865
0.00000011794292758
0.00000011765871899
0.00000000000057630
0.00000023418821608
0.00000023362794849
0.00000011653545067
0.00000000000053617
0.00000011598182079
0.00000011570697373
0.00000000000050656
0.00000000000049679
0.00000000000048706
0.00000011461953436
0.00000000000046774
0.00000000000045815
0.00000022763739499
0.00000000000043910
0.00000011328988359
0.00000022605571404
0.00000000000041085
0.00000011250679894
0.00000011224895545
0.00000011199149537
0.00000000000037379
0.00000000000036463
0.00000000000035551
0.00000011097335780
0.00000011072103448
0.00000011047054263
0.00000011022182058
0.00000010997356504
0.00000000000030167
0.00000021896049463
0.00000010923546301
0.00000010899162573
0.00000010874834145
0.00000032552109123
0.00000000000024925
0.00000010802706588
0.00000010778812332
0.00000000000022357
0.00000000000021508
0.00000010707901486
0.00000010684511069
0.00000010661181648
0.00000000000018150
0.00000010614827103
0.00000010591800658
0.00000000000015670
0.00000000000014850
0.00000010523288767
0.00000010500685265
0.00000000000012413
0.00000000000011607
0.00000000000010805
0.00000000000010006
0.00000000000009211
0.00000000000008419
0.00000010344934107
0.00000010323077670
0.00000020602590451
0.00000000000005285
0.00000010258013963
0.00000020473004649
0.00000000000002968
0.00000010193765251
0.00000010172527482
0.00000020302755358
0.00000020260632705
0.00000000000000829
0.00000010088454000
0.00000010067656964
0.00000030140814832
0.00000000000003810
0.00000010005767867
0.00000009985296354
0.00000009964917456
0.00000019889249877
0.00000000000007468
0.00000019808561789
0.00000000000008911
0.00000029592812658
0.00000019688749739
0.00000009824583488
0.00000009804856139
0.00000000000012467
0.00000009765611831
0.00000009746118865
0.00000009726703561
0.00000000000015261
0.00000009688104087
0.00000009668952285
0.00000000000017327
0.00000009630775875
0.00000009611816939
0.00000009592971236
0.00000000000020045
0.00000019110791416
0.00000000000021387
0.00000009518175076
0.00000009499612494
0.00000018962355259
0.00000000000024042
0.00000018888998512
0.00000009426253604
0.00000028224323705
0.00000009389997383
0.00000000000027302
0.00000009354074882
0.00000009336132979
0.00000009318373694
0.00000000000029866
0.00000009282882997
0.00000018530566590
0.00000000000031763
0.00000000000032391
0.00000009212820757
0.00000000000033639
0.00000018356403710
0.00000000000034878
0.00000018287722760
0.00000000000036108
0.00000000000036719
0.00000009092798036
0.00000009075897600
0.00000018118081211
0.00000000000039142
0.00000009025491681
0.00000000000040340
0.00000000000040936
0.00000017951475015
0.00000008959331111
0.00000008942837327
0.00000000000043297
0.00000017820527458
0.00000000000044464
0.00000026633477682
0.00000008861774298
0.00000008845721019
0.00000000000046774
0.00000008813788321
0.00000008797908277
0.00000008782085355
0.00000008766221147
0.00000026251729722
0.00000000000050177
0.00000017438666808
0.00000034815011094
0.00000017376608790
0.00000008672898764
0.00000000000052957
0.00000000000053507
0.00000017253808472
0.00000000000054602
0.00000008596556026
0.00000000000055689
0.00000000000056229
0.00000000000056768
0.00000008536328185
0.00000017042917728
0.00000000000058372
0.00000000000058904
0.00000000000059433
0.00000000000059960
0.00000000000060486
0.00000008433121201
0.00000008418580709
0.00000016808366699
0.00000008389649629
0.00000008375258525
0.00000008360916706
0.00000008346623919
0.00000008332379912
0.00000008318184438
0.00000033216345920
0.00000008289938094
0.00000024827793514
0.00000000000067158
0.00000000000067659
0.00000008234017002
0.00000000000068656
0.00000000000069152
0.00000016385207199
0.00000008178985550
0.00000008165167664
0.00000008151535725
0.00000000000071608
0.00000016248887973
0.00000016221895860
0.00000008097460106
0.00000000000073543
0.00000008070690440
0.00000000000074501
0.00000016088269339
0.00000008030866160
0.00000000000075926
0.00000008004534258
0.00000015983096508
0.00000007978529134
0.00000007965358574
0.00000000000078270
0.00000023818518827
0.00000007926722866
0.00000015827513535
0.00000000000080118
0.00000015776373382
0.00000007875585065
0.00000000000081488
0.00000000000081942
0.00000007837497862
0.00000007825102878
0.00000007812416705
0.00000000000083743
0.00000007787495555
0.00000000000084635
0.00000007762903044
0.00000023251573617
0.00000007738127191
0.00000000000086402
0.00000007713676983
0.00000007701509726
0.00000007689556216
0.00000015354844436
0.00000007665237166
0.00000015306533246
0.00000000000089441
0.00000007629304662
0.00000007617401903
0.00000007605536224
0.00000007593707453
0.00000022745929392
0.00000000000091993
0.00000007558440868
0.00000007546758017
0.00000015070315699
0.00000007523687659
0.00000007512113314
0.00000007500385533
0.00000007489071138
0.00000014954919991
0.00000007465978426
0.00000007454771715
0.00000000000096551
0.00000007432079454
0.00000000000097363
0.00000000000097767
0.00000000000098170
0.00000007386909749
0.00000014751798369
0.00000007364625364
0.00000007353533513
0.00000007342675355
0.00000007331449737
0.00000014641217900
0.00000021928697301
0.00000021896121923
0.00000000000102135
0.00000000000102525
0.00000014532282973
0.00000007255190161
0.00000021733690483
0.00000000000104073
0.00000007222990957
0.00000007212321304
0.00000014403681919
0.00000007191287488
0.00000007180712601
0.00000007170168770
0.00000007159442381
0.00000021447306969
0.00000000000107491
0.00000007128085566
0.00000007117694240
0.00000000000108610
0.00000007097220173
0.00000007086701244
0.00000007076430136
0.00000021199006614
0.00000007055976974
0.00000000000110819
0.00000021107147462
0.00000021076776942
0.00000014030958493
0.00000014011052013
0.00000006995546012
0.00000000000112991
0.00000000000113349
0.00000000000113706
0.00000006955459299
0.00000013891472882
0.00000020807554403
0.00000000000115125
0.00000006916049537
0.00000006906266774
0.00000000000116179
0.00000006887017092
0.00000000000116876
0.00000000000117224
0.00000000000117570
0.00000006848382291
0.00000006838554709
0.00000034145660561
0.00000006819689476
0.00000013620237837
0.00000006800694140
0.00000000000119967
0.00000020344931777
0.00000013544435528
0.00000000000120980
0.00000006753665576
0.00000006744094509
0.00000000000121985
0.00000013451151786
0.00000000000122650
0.00000013414443037
0.00000006697836222
0.00000006688660605
0.00000006679510093
0.00000026682159817
0.00000006661283970
0.00000013304541262
0.00000019929721664
0.00000006634381713
0.00000019875637307
0.00000006616403345
0.00000006607197520
0.00000013196917427
0.00000013179108313
0.00000006580482313
0.00000006571880872
0.00000013125711893
0.00000006553982261
0.00000013090778926
0.00000000000129107
0.00000006527694777
0.00000026076305513
0.00000006510286621
0.00000006501878027
0.00000012986072790
0.00000006484609729
0.00000012951626009
0.00000012934471055
0.00000012917361485
0.00000006450346870
0.00000012883542803
0.00000012866303283
0.00000000000133121
0.00000006416444200
0.00000000000133727
0.00000019198610437
0.00000012782097346
0.00000012765388247
0.00000006374293923
0.00000025464607195
0.00000006357964300
0.00000006349425297
0.00000019023808688
0.00000025332224158
0.00000000000136707
0.00000012633271796
0.00000000000137294
0.00000012600668866
0.00000018876990326
0.00000006284047803
0.00000012552355682
0.00000012535965232
0.00000006259876990
0.00000012504140604
0.00000024975883407
0.00000024944265057
0.00000006228217351
0.00000006220002844
0.00000006212088892
0.00000000000141035
0.00000000000141318
0.00000006188750599
0.00000012361408752
0.00000000000142162
0.00000006165024856
0.00000000000142721
0.00000000000142999
0.00000000000143277
0.00000012268229562
0.00000006126346132
0.00000012237769419
0.00000012222164756
0.00000012206886595
0.00000018287542337
0.00000006088149686
0.00000006080858425
0.00000000000145745
0.00000012131357196
0.00000000000146286
0.00000018151572775
0.00000024172192284
0.00000018106991963
0.00000006028310941
0.00000018062044111
0.00000018039799766
0.00000006005771275
0.00000017995475040
0.00000005991329670
0.00000017951367592
0.00000005976365473
0.00000005969357913
0.00000000000149739
0.00000011909148780
0.00000011894943196
0.00000011880171864
0.00000011866037778
0.00000011851637688
0.00000023674091128
0.00000000000151553
0.00000011808646368
0.00000011794385158
0.00000011779853710
0.00000000000152576
0.00000023503156436
0.00000023475213180
0.00000000000153337
0.00000011709536083
0.00000011695205441
0.00000000000154092
0.00000011667259039
0.00000011653335861
0.00000000000154842
0.00000000000155091
0.00000000000155339
0.00000011598285040
0.00000000000155833
0.00000000000156080
0.00000023114061651
0.00000034629719316
0.00000011529820334
0.00000000000157059
0.00000000000157303
0.00000022977783631
0.00000000000157788
0.00000000000158030
0.00000011448722163
0.00000000000158512
0.00000011421624874
0.00000022817039833
0.00000000000159231
0.00000000000159469
0.00000011368437499
0.00000011355217963
0.00000011342349496
0.00000011328870905
0.00000011315743171
0.00000000000160888
0.00000011289578762
0.00000011276864590
0.00000000000161590
0.00000011250558223
0.00000000000162055
0.00000011224694035
0.00000000000162519
0.00000011199273988
0.00000011186119953
0.00000011173647191
0.00000011160877724
0.00000011147810077
0.00000011135426153
0.00000011122415603
0.00000000000164351
0.00000022194437695
0.00000000000164803
0.00000000000165029
0.00000011059432707
0.00000000000165479
0.00000011034770222
0.00000011022316039
0.00000011009557639
0.00000043989135430
0.00000010985121600
0.00000010972779175
0.00000021920427801
0.00000010948177347
0.00000021871668037
0.00000021846868097
0.00000010911144933
0.00000000000168135
0.00000010886816040
0.00000010875029372
0.00000032588123760
0.00000000000169004
0.00000010838482278
0.00000010826465819
0.00000010814815277
0.00000010802512656
0.00000010790575776
0.00000000000170294
0.00000010766780981
0.00000000000170721
0.00000010743090893
0.00000010731284899
0.00000010719504824
0.00000000000171567
0.00000010696022088
0.00000000000171988
0.00000000000172198
0.00000000000172407
0.00000010649709148
0.00000010637762906
0.00000021252547317
0.00000000000173239
0.00000010603111028
0.00000000000173652
0.00000010580482634
0.00000021137890514
0.00000000000174269
0.00000000000174474
0.00000000000174678
0.00000010523477683
0.00000010512150327
0.00000000000175288
0.00000010489217635
0.00000000000175693
0.00000020933991543
0.00000000000176095
0.00000020889213729
0.00000010433183546
0.00000020844627070
0.00000010410937177
0.00000010400203719
0.00000010388785473
0.00000010378099915
0.00000000000177689
0.00000000000177887
0.00000000000178084
0.00000010334172989
0.00000010323249301
0.00000010312348683
0.00000020602405521
0.00000010290258240
0.00000010279784520
0.00000000000179451
0.00000010258189098
0.00000000000179838
0.00000000000180030
0.00000020451390458
0.00000010214908497
0.00000000000180606
0.00000000000180798
0.00000020366447933
0.00000000000181179
0.00000020324062742
0.00000010151558897
0.00000010140654182
0.00000000000181937
0.00000010120000778
0.00000000000182313
0.00000010099070815
0.00000010088272890
0.00000010077861501
0.00000020135492340
0.00000010057103055
0.00000010047122734
0.00000020073043514
0.00000040105052336
0.00000000000183988
0.00000000000184173
0.00000009995337650
0.00000009985117096
0.00000009974917422
0.00000019929662033
0.00000000000185088
0.00000009944443039
0.00000029803349645
0.00000009924230017
0.00000009914525915
0.00000009904470984
0.00000029682564585
0.00000009884049476
0.00000009874428192
0.00000019728348641
0.00000000000186892
0.00000009844192970
0.00000009834653512
0.00000000000187425
0.00000000000187603
0.00000009804656598
0.00000019589832104
0.00000009785007258
0.00000009775588709
