sum	1003.5	1712931738.49214768409729004	1712931738.64281415939331055
sum	1002.0	1712931738.64292430877685547	1712931738.78731322288513184
sum	1002.5	1712931738.78742599487304688	1712931738.91807842254638672
sum	1000.5	1712931738.91820740699768066	1712931739.04898667335510254
sum	1002.5	1712931739.04910540580749512	1712931739.18981742858886719
sum	1002.0	1712931739.18993806838989258	1712931739.32826519012451172
sum	1004.5	1712931739.32838177680969238	1712931739.46475601196289062
sum	1004.0	1712931739.46487998962402344	1712931739.60060548782348633
sum	1001.5	1712931739.60072803497314453	1712931739.73661160469055176
sum	1003.0	1712931739.73672342300415039	1712931739.87146401405334473
sum	1003.0	1712931739.87157201766967773	1712931740.00606727600097656
sum	1001.0	1712931740.00618314743041992	1712931740.14215493202209473
sum	1002.5	1712931740.14226031303405762	1712931740.27855849266052246
sum	1002.5	1712931740.27867484092712402	1712931740.41472434997558594
sum	1005.0	1712931740.41484260559082031	1712931740.55103111267089844
sum	1003.5	1712931740.55114388465881348	1712931740.68065237998962402
sum	1002.0	1712931740.68076372146606445	1712931740.81032943725585938
sum	1003.5	1712931740.81044220924377441	1712931740.94000554084777832
sum	1002.5	1712931740.94011664390563965	1712931741.06967878341674805
sum	1002.0	1712931741.06979489326477051	1712931741.19935011863708496
sum	1002.0	1712931771.00447773933410645	1712931771.15518546104431152
sum	1000.5	1712931771.15530228614807129	1712931771.29576349258422852
sum	1002.0	1712931771.29589128494262695	1712931771.43112468719482422
sum	1000.5	1712931771.43123817443847656	1712931771.56076240539550781
sum	1001.0	1712931771.56087732315063477	1712931771.68993210792541504
sum	1001.5	1712931771.69004082679748535	1712931771.81882405281066895
sum	1003.0	1712931771.81893444061279297	1712931771.94925975799560547
sum	1003.0	1712931771.94937849044799805	1712931772.08627891540527344
sum	1001.0	1712931772.08640122413635254	1712931772.21715354919433594
sum	1002.0	1712931772.21726274490356445	1712931772.34926152229309082
sum	1002.0	1712931772.34936785697937012	1712931772.48516845703125000
sum	1000.5	1712931772.48527646064758301	1712931772.62192106246948242
sum	1001.5	1712931772.62204337120056152	1712931772.75590491294860840
sum	1002.0	1712931772.75601339340209961	1712931772.89974761009216309
sum	1003.5	1712931772.89986944198608398	1712931773.04413294792175293
sum	1003.0	1712931773.04425215721130371	1712931773.18593525886535645
sum	1001.5	1712931773.18604516983032227	1712931773.32588601112365723
sum	1002.5	1712931773.32600092887878418	1712931773.47146916389465332
sum	1000.5	1712931773.47157979011535645	1712931773.60875678062438965
sum	1001.5	1712931773.60888004302978516	1712931773.74301767349243164
sum	1004.5	1712931803.26039576530456543	1712931803.40792322158813477
sum	1002.5	1712931803.40803742408752441	1712931803.54753637313842773
sum	1003.5	1712931803.54766845703125000	1712931803.68077921867370605
sum	1002.0	1712931803.68088841438293457	1712931803.81793045997619629
sum	1002.5	1712931803.81804037094116211	1712931803.95484161376953125
sum	1003.0	1712931803.95494937896728516	1712931804.08944511413574219
sum	1005.0	1712931804.08955264091491699	1712931804.22544121742248535
sum	1004.5	1712931804.22555208206176758	1712931804.36148285865783691
sum	1003.5	1712931804.36160445213317871	1712931804.49768781661987305
sum	1003.5	1712931804.49779939651489258	1712931804.63636898994445801
sum	1005.0	1712931804.63649106025695801	1712931804.78040719032287598
sum	1002.0	1712931804.78052234649658203	1712931804.92369723320007324
sum	1003.0	1712931804.92381668090820312	1712931805.06726622581481934
sum	1003.5	1712931805.06737279891967773	1712931805.20427703857421875
sum	1006.0	1712931805.20438528060913086	1712931805.33698773384094238
sum	1004.5	1712931805.33710122108459473	1712931805.46655368804931641
sum	1004.0	1712931805.46667003631591797	1712931805.59625434875488281
sum	1004.5	1712931805.59636640548706055	1712931805.72591924667358398
sum	1003.5	1712931805.72603273391723633	1712931805.85555672645568848
sum	1003.0	1712931805.85568237304687500	1712931805.98529601097106934
sum	1006.0	1712931835.51641798019409180	1712931835.66118645668029785
sum	1005.0	1712931835.66131401062011719	1712931835.80012178421020508
sum	1006.5	1712931835.80024147033691406	1712931835.93901300430297852
sum	1003.0	1712931835.93913316726684570	1712931836.08181309700012207
sum	1005.5	1712931836.08192276954650879	1712931836.22455668449401855
sum	1004.5	1712931836.22467613220214844	1712931836.36847114562988281
sum	1007.0	1712931836.36857724189758301	1712931836.50983381271362305
sum	1008.0	1712931836.50993824005126953	1712931836.65475010871887207
sum	1004.0	1712931836.65487909317016602	1712931836.79884076118469238
sum	1006.5	1712931836.79895925521850586	1712931836.94248747825622559
sum	1006.0	1712931836.94260597229003906	1712931837.08647608757019043
sum	1002.5	1712931837.08658409118652344	1712931837.23079442977905273
sum	1005.5	1712931837.23090243339538574	1712931837.37050414085388184
sum	1005.0	1712931837.37061810493469238	1712931837.50730490684509277
sum	1009.0	1712931837.50741457939147949	1712931837.64416790008544922
sum	1007.5	1712931837.64427804946899414	1712931837.78112554550170898
sum	1005.5	1712931837.78123641014099121	1712931837.91890025138854980
sum	1008.0	1712931837.91900873184204102	1712931838.05831336975097656
sum	1005.5	1712931838.05842375755310059	1712931838.19832086563110352
sum	1004.5	1712931838.19842958450317383	1712931838.33780837059020996
sum	1007.5	1712931868.02843308448791504	1712931868.17815446853637695
sum	1005.5	1712931868.17826604843139648	1712931868.32188105583190918
sum	1008.0	1712931868.32198882102966309	1712931868.46151089668273926
sum	1004.0	1712931868.46163201332092285	1712931868.60019493103027344
sum	1005.5	1712931868.60031199455261230	1712931868.74153757095336914
sum	1005.5	1712931868.74164605140686035	1712931868.87601757049560547
sum	1008.0	1712931868.87612676620483398	1712931869.01081585884094238
sum	1008.5	1712931869.01092243194580078	1712931869.14539289474487305
sum	1005.0	1712931869.14550971984863281	1712931869.27953505516052246
sum	1007.0	1712931869.27966785430908203	1712931869.41225647926330566
sum	1007.0	1712931869.41237044334411621	1712931869.54193639755249023
sum	1003.0	1712931869.54204964637756348	1712931869.67160916328430176
sum	1006.0	1712931869.67172908782958984	1712931869.80127811431884766
sum	1005.5	1712931869.80139374732971191	1712931869.93095684051513672
sum	1010.5	1712931869.93106698989868164	1712931870.06286954879760742
sum	1008.5	1712931870.06299543380737305	1712931870.20101165771484375
sum	1006.0	1712931870.20112180709838867	1712931870.33626604080200195
sum	1008.5	1712931870.33638358116149902	1712931870.47180891036987305
sum	1006.0	1712931870.47192525863647461	1712931870.60792207717895508
sum	1004.5	1712931870.60803031921386719	1712931870.74268770217895508
sum	1007.5	1712931900.28439021110534668	1712931900.43417525291442871
sum	1005.5	1712931900.43427658081054688	1712931900.57517695426940918
sum	1008.0	1712931900.57529926300048828	1712931900.70900440216064453
sum	1004.0	1712931900.70911359786987305	1712931900.84147167205810547
sum	1005.5	1712931900.84158086776733398	1712931900.97675871849060059
sum	1005.5	1712931900.97686696052551270	1712931901.11149764060974121
sum	1008.0	1712931901.11160659790039062	1712931901.24684906005859375
sum	1008.5	1712931901.24696469306945801	1712931901.38327598571777344
sum	1005.0	1712931901.38340234756469727	1712931901.51944875717163086
sum	1007.0	1712931901.51956343650817871	1712931901.65574169158935547
sum	1007.0	1712931901.65585064888000488	1712931901.79253172874450684
sum	1003.0	1712931901.79264044761657715	1712931901.93236470222473145
sum	1006.0	1712931901.93248558044433594	1712931902.06899809837341309
sum	1005.5	1712931902.06910657882690430	1712931902.20953440666198730
sum	1010.5	1712931902.20964479446411133	1712931902.35036230087280273
sum	1008.5	1712931902.35048317909240723	1712931902.49558758735656738
sum	1006.0	1712931902.49570488929748535	1712931902.64198088645935059
sum	1008.5	1712931902.64210271835327148	1712931902.78034043312072754
sum	1006.0	1712931902.78045368194580078	1712931902.91589236259460449
sum	1004.5	1712931902.91600394248962402	1712931903.05103063583374023
sum	1009.5	1712931932.79620695114135742	1712931932.94588565826416016
sum	1007.5	1712931932.94600176811218262	1712931933.09308457374572754
sum	1010.0	1712931933.09320354461669922	1712931933.23556709289550781
sum	1005.5	1712931933.23569297790527344	1712931933.37606883049011230
sum	1008.0	1712931933.37617874145507812	1712931933.51464581489562988
sum	1008.0	1712931933.51475071907043457	1712931933.65405392646789551
sum	1011.0	1712931933.65417718887329102	1712931933.79392743110656738
sum	1009.5	1712931933.79404807090759277	1712931933.93482780456542969
sum	1007.0	1712931933.93495297431945801	1712931934.07400751113891602
sum	1008.5	1712931934.07411456108093262	1712931934.21070694923400879
sum	1009.5	1712931934.21081781387329102	1712931934.34549713134765625
sum	1004.0	1712931934.34562039375305176	1712931934.48148918151855469
sum	1007.5	1712931934.48161005973815918	1712931934.61739039421081543
sum	1007.5	1712931934.61749887466430664	1712931934.75812268257141113
sum	1012.0	1712931934.75823688507080078	1712931934.89525723457336426
sum	1010.0	1712931934.89536571502685547	1712931935.03209137916564941
sum	1008.5	1712931935.03219890594482422	1712931935.16917920112609863
sum	1010.5	1712931935.16928791999816895	1712931935.30700063705444336
sum	1008.0	1712931935.30710911750793457	1712931935.44415736198425293
sum	1006.5	1712931935.44426488876342773	1712931935.58058977127075195
sum	1003.5	1712931965.30820226669311523	1712931965.44973134994506836
sum	1002.0	1712931965.44985389709472656	1712931965.58503985404968262
sum	1002.5	1712931965.58515691757202148	1712931965.71469974517822266
sum	1000.5	1712931965.71481299400329590	1712931965.84399914741516113
sum	1002.5	1712931965.84411120414733887	1712931965.97570395469665527
sum	1002.0	1712931965.97581267356872559	1712931966.11116242408752441
sum	1004.5	1712931966.11127924919128418	1712931966.24126791954040527
sum	1004.0	1712931966.24138545989990234	1712931966.37084054946899414
sum	1001.5	1712931966.37096500396728516	1712931966.50078845024108887
sum	1003.0	1712931966.50090050697326660	1712931966.63059329986572266
sum	1003.0	1712931966.63070917129516602	1712931966.76308727264404297
sum	1001.0	1712931966.76320314407348633	1712931966.89945864677429199
sum	1002.5	1712931966.89956855773925781	1712931967.03468871116638184
sum	1002.5	1712931967.03479981422424316	1712931967.17230892181396484
sum	1005.0	1712931967.17242193222045898	1712931967.30943918228149414
sum	1003.5	1712931967.30954957008361816	1712931967.44550180435180664
sum	1002.0	1712931967.44562387466430664	1712931967.58339381217956543
sum	1003.5	1712931967.58351492881774902	1712931967.72520804405212402
sum	1002.5	1712931967.72531843185424805	1712931967.86728501319885254
sum	1002.0	1712931967.86740708351135254	1712931968.00900816917419434
sum	1006.0	1712931997.56422042846679688	1712931997.72050333023071289
sum	1005.0	1712931997.72063064575195312	1712931997.86835908889770508
sum	1006.5	1712931997.86847519874572754	1712931998.00556826591491699
sum	1003.0	1712931998.00568485260009766	1712931998.14091205596923828
sum	1005.5	1712931998.14101743698120117	1712931998.27656221389770508
sum	1004.5	1712931998.27667117118835449	1712931998.41757845878601074
sum	1007.0	1712931998.41769051551818848	1712931998.55945706367492676
sum	1008.0	1712931998.55957579612731934	1712931998.70102119445800781
sum	1004.0	1712931998.70113396644592285	1712931998.83802914619445801
sum	1006.5	1712931998.83813881874084473	1712931998.97319841384887695
sum	1006.0	1712931998.97330832481384277	1712931999.10898756980895996
sum	1002.5	1712931999.10909557342529297	1712931999.24675798416137695
sum	1005.5	1712931999.24686312675476074	1712931999.38386678695678711
sum	1005.0	1712931999.38397812843322754	1712931999.51930284500122070
sum	1009.0	1712931999.51941990852355957	1712931999.65722680091857910
sum	1007.5	1712931999.65734052658081055	1712931999.79249334335327148
sum	1005.5	1712931999.79260373115539551	1712931999.92748022079467773
sum	1008.0	1712931999.92760348320007324	1712932000.06705236434936523
sum	1005.5	1712932000.06717753410339355	1712932000.20210456848144531
sum	1004.5	1712932000.20223307609558105	1712932000.33905053138732910
sum	1008.5	1712932029.82018852233886719	1712932029.96863222122192383
sum	1006.0	1712932029.96875810623168945	1712932030.11401200294494629
sum	1009.5	1712932030.11412239074707031	1712932030.24892997741699219
sum	1005.5	1712932030.24905014038085938	1712932030.38341760635375977
sum	1006.0	1712932030.38353371620178223	1712932030.51777529716491699
sum	1006.5	1712932030.51788353919982910	1712932030.65252637863159180
sum	1009.5	1712932030.65263509750366211	1712932030.78496432304382324
sum	1009.0	1712932030.78508687019348145	1712932030.92064714431762695
sum	1006.5	1712932030.92076778411865234	1712932031.05275678634643555
sum	1008.0	1712932031.05286836624145508	1712932031.18239641189575195
sum	1008.5	1712932031.18251132965087891	1712932031.31589722633361816
sum	1004.0	1712932031.31600904464721680	1712932031.45134377479553223
sum	1006.0	1712932031.45146012306213379	1712932031.58759427070617676
sum	1006.0	1712932031.58771920204162598	1712932031.72492527961730957
sum	1011.0	1712932031.72503900527954102	1712932031.86060166358947754
sum	1009.5	1712932031.86071681976318359	1712932031.99595069885253906
sum	1007.5	1712932031.99606657028198242	1712932032.13153076171875000
sum	1009.5	1712932032.13166975975036621	1712932032.26814007759094238
sum	1007.0	1712932032.26825118064880371	1712932032.41056632995605469
sum	1006.0	1712932032.41068935394287109	1712932032.55281996726989746
sum	1007.5	1712932062.33257913589477539	1712932062.48242402076721191
sum	1005.5	1712932062.48254299163818359	1712932062.62495136260986328
sum	1008.0	1712932062.62505578994750977	1712932062.76815176010131836
sum	1004.0	1712932062.76826572418212891	1712932062.91192483901977539
sum	1005.5	1712932062.91203951835632324	1712932063.04521489143371582
sum	1005.5	1712932063.04532432556152344	1712932063.17782115936279297
sum	1008.0	1712932063.17793250083923340	1712932063.31256747245788574
sum	1008.5	1712932063.31268715858459473	1712932063.44671964645385742
sum	1005.0	1712932063.44684362411499023	1712932063.57793307304382324
sum	1007.0	1712932063.57805180549621582	1712932063.70762348175048828
sum	1007.0	1712932063.70772743225097656	1712932063.83779835700988770
sum	1003.0	1712932063.83791351318359375	1712932063.96749424934387207
sum	1006.0	1712932063.96760582923889160	1712932064.09716725349426270
sum	1005.5	1712932064.09727716445922852	1712932064.23081517219543457
sum	1010.5	1712932064.23093485832214355	1712932064.37485718727111816
sum	1008.5	1712932064.37497234344482422	1712932064.51974725723266602
sum	1006.0	1712932064.51986432075500488	1712932064.66179203987121582
sum	1008.5	1712932064.66190409660339355	1712932064.79289698600769043
sum	1006.0	1712932064.79300904273986816	1712932064.92257261276245117
sum	1004.5	1712932064.92268848419189453	1712932065.05226516723632812
sum	1007.5	1712932094.84378051757812500	1712932094.98658657073974609
sum	1005.5	1712932094.98669672012329102	1712932095.12408494949340820
sum	1008.0	1712932095.12419199943542480	1712932095.25725984573364258
sum	1004.0	1712932095.25736713409423828	1712932095.38861131668090820
sum	1005.5	1712932095.38873291015625000	1712932095.52014923095703125
sum	1005.5	1712932095.52025675773620605	1712932095.65273714065551758
sum	1008.0	1712932095.65284657478332520	1712932095.78536272048950195
sum	1008.5	1712932095.78546953201293945	1712932095.91901063919067383
sum	1005.0	1712932095.91912698745727539	1712932096.05600810050964355
sum	1007.0	1712932096.05611658096313477	1712932096.19483733177185059
sum	1007.0	1712932096.19495868682861328	1712932096.33080172538757324
sum	1003.0	1712932096.33091449737548828	1712932096.46750259399414062
sum	1006.0	1712932096.46760654449462891	1712932096.60498809814453125
sum	1005.5	1712932096.60509514808654785	1712932096.74687814712524414
sum	1010.5	1712932096.74699592590332031	1712932096.88225269317626953
sum	1008.5	1712932096.88236260414123535	1712932097.01411128044128418
sum	1006.0	1712932097.01422500610351562	1712932097.14622998237609863
sum	1008.5	1712932097.14633750915527344	1712932097.27724003791809082
sum	1006.0	1712932097.27735066413879395	1712932097.40827107429504395
sum	1004.5	1712932097.40837955474853516	1712932097.53894734382629395
sum	1006.0	1712932127.35641813278198242	1712932127.50803947448730469
sum	1005.0	1712932127.50816535949707031	1712932127.65230894088745117
sum	1006.5	1712932127.65242767333984375	1712932127.79188704490661621
sum	1003.0	1712932127.79199504852294922	1712932127.93008375167846680
sum	1005.5	1712932127.93020176887512207	1712932128.07170486450195312
sum	1004.5	1712932128.07181525230407715	1712932128.21334576606750488
sum	1007.0	1712932128.21345043182373047	1712932128.35537242889404297
sum	1008.0	1712932128.35549259185791016	1712932128.49802684783935547
sum	1004.0	1712932128.49814319610595703	1712932128.63921332359313965
sum	1006.5	1712932128.63932204246520996	1712932128.77843165397644043
sum	1006.0	1712932128.77854251861572266	1712932128.92143177986145020
sum	1002.5	1712932128.92155313491821289	1712932129.06543350219726562
sum	1005.5	1712932129.06555414199829102	1712932129.20968079566955566
sum	1005.0	1712932129.20978426933288574	1712932129.35108995437622070
sum	1009.0	1712932129.35119795799255371	1712932129.48914051055908203
sum	1007.5	1712932129.48924946784973145	1712932129.62671685218811035
sum	1005.5	1712932129.62683320045471191	1712932129.76614212989807129
sum	1008.0	1712932129.76626110076904297	1712932129.90584349632263184
sum	1005.5	1712932129.90596199035644531	1712932130.04595732688903809
sum	1004.5	1712932130.04607725143432617	1712932130.18681788444519043
sum	1005.5	1712932160.12436771392822266	1712932160.27254104614257812
sum	1003.5	1712932160.27265429496765137	1712932160.41352629661560059
sum	1005.5	1712932160.41364526748657227	1712932160.55021357536315918
sum	1002.0	1712932160.55033659934997559	1712932160.69468164443969727
sum	1004.0	1712932160.69480323791503906	1712932160.83376026153564453
sum	1003.5	1712932160.83387041091918945	1712932160.96972012519836426
sum	1006.0	1712932160.96983480453491211	1712932161.10905361175537109
sum	1006.0	1712932161.10915875434875488	1712932161.24732708930969238
sum	1004.0	1712932161.24745917320251465	1712932161.38578581809997559
sum	1004.5	1712932161.38590216636657715	1712932161.52236747741699219
sum	1006.0	1712932161.52248048782348633	1712932161.65913724899291992
sum	1002.5	1712932161.65925455093383789	1712932161.79187583923339844
sum	1004.0	1712932161.79199600219726562	1712932161.92843079566955566
sum	1004.5	1712932161.92855167388916016	1712932162.06498765945434570
sum	1008.0	1712932162.06509900093078613	1712932162.20290756225585938
sum	1006.5	1712932162.20302200317382812	1712932162.34490132331848145
sum	1004.5	1712932162.34502649307250977	1712932162.48231101036071777
sum	1006.5	1712932162.48243379592895508	1712932162.62030506134033203
sum	1004.5	1712932162.62041592597961426	1712932162.75793886184692383
sum	1003.5	1712932162.75804305076599121	1712932162.89476037025451660
sum	1003.5	1712932192.89248228073120117	1712932193.04832577705383301
sum	1002.0	1712932193.04845476150512695	1712932193.19005155563354492
sum	1002.5	1712932193.19016933441162109	1712932193.32521677017211914
sum	1000.5	1712932193.32533097267150879	1712932193.45332813262939453
sum	1002.5	1712932193.45344138145446777	1712932193.58174228668212891
sum	1002.0	1712932193.58185076713562012	1712932193.71312284469604492
sum	1004.5	1712932193.71323704719543457	1712932193.84836053848266602
sum	1004.0	1712932193.84847927093505859	1712932193.98349332809448242
sum	1001.5	1712932193.98362445831298828	1712932194.12077784538269043
sum	1003.0	1712932194.12088274955749512	1712932194.25634384155273438
sum	1003.0	1712932194.25644779205322266	1712932194.39454340934753418
sum	1001.0	1712932194.39466166496276855	1712932194.53165602684020996
sum	1002.5	1712932194.53172779083251953	1712932194.66560006141662598
sum	1002.5	1712932194.66571664810180664	1712932194.79458642005920410
sum	1005.0	1712932194.79469704627990723	1712932194.92367720603942871
sum	1003.5	1712932194.92378807067871094	1712932195.05286359786987305
sum	1002.0	1712932195.05297613143920898	1712932195.18292427062988281
sum	1003.5	1712932195.18304848670959473	1712932195.31795501708984375
sum	1002.5	1712932195.31806516647338867	1712932195.45259594917297363
sum	1002.0	1712932195.45271563529968262	1712932195.59609079360961914
sum	1003.5	1712932225.40431261062622070	1712932225.55157303810119629
sum	1002.0	1712932225.55170321464538574	1712932225.69381165504455566
sum	1002.5	1712932225.69391298294067383	1712932225.83073806762695312
sum	1000.5	1712932225.83084678649902344	1712932225.96802234649658203
sum	1002.5	1712932225.96813154220581055	1712932226.10338807106018066
sum	1002.0	1712932226.10349917411804199	1712932226.24098134040832520
sum	1004.5	1712932226.24109077453613281	1712932226.37643837928771973
sum	1004.0	1712932226.37654662132263184	1712932226.51292729377746582
sum	1001.5	1712932226.51304459571838379	1712932226.64939332008361816
sum	1003.0	1712932226.64950942993164062	1712932226.78478193283081055
sum	1003.0	1712932226.78489089012145996	1712932226.91664671897888184
sum	1001.0	1712932226.91675615310668945	1712932227.05219864845275879
sum	1002.5	1712932227.05230522155761719	1712932227.19028258323669434
sum	1002.5	1712932227.19038534164428711	1712932227.33047533035278320
sum	1005.0	1712932227.33059811592102051	1712932227.46587944030761719
sum	1003.5	1712932227.46598768234252930	1712932227.60224366188049316
sum	1002.0	1712932227.60235285758972168	1712932227.73212909698486328
sum	1003.5	1712932227.73224091529846191	1712932227.86177706718444824
sum	1002.5	1712932227.86188673973083496	1712932227.99144482612609863
sum	1002.0	1712932227.99155354499816895	1712932228.12117171287536621
sum	1009.5	1712932257.66022133827209473	1712932257.80748939514160156
sum	1007.5	1712932257.80759811401367188	1712932257.94590187072753906
sum	1010.0	1712932257.94602465629577637	1712932258.08108139038085938
sum	1005.5	1712932258.08119034767150879	1712932258.21508383750915527
sum	1008.0	1712932258.21520471572875977	1712932258.35477375984191895
sum	1008.0	1712932258.35487794876098633	1712932258.49492383003234863
sum	1011.0	1712932258.49504804611206055	1712932258.63211154937744141
sum	1009.5	1712932258.63222932815551758	1712932258.77227401733398438
sum	1007.0	1712932258.77239322662353516	1712932258.90801835060119629
sum	1008.5	1712932258.90812754631042480	1712932259.04446792602539062
sum	1009.5	1712932259.04458069801330566	1712932259.18011569976806641
sum	1004.0	1712932259.18022751808166504	1712932259.31626343727111816
sum	1007.5	1712932259.31637454032897949	1712932259.45262980461120605
sum	1007.5	1712932259.45273232460021973	1712932259.58800172805786133
sum	1012.0	1712932259.58811402320861816	1712932259.71766328811645508
sum	1010.0	1712932259.71777820587158203	1712932259.84735035896301270
sum	1008.5	1712932259.84746742248535156	1712932259.97942066192626953
sum	1010.5	1712932259.97953820228576660	1712932260.11571455001831055
sum	1008.0	1712932260.11582779884338379	1712932260.25256180763244629
sum	1006.5	1712932260.25267338752746582	1712932260.38824892044067383
sum	1002.0	1712932290.17222428321838379	1712932290.31761407852172852
sum	1000.5	1712932290.31773352622985840	1712932290.45880150794982910
sum	1002.0	1712932290.45891833305358887	1712932290.59116435050964355
sum	1000.5	1712932290.59127211570739746	1712932290.72576594352722168
sum	1001.0	1712932290.72588062286376953	1712932290.86106371879577637
sum	1001.5	1712932290.86117887496948242	1712932290.99626231193542480
sum	1003.0	1712932290.99637174606323242	1712932291.13347601890563965
sum	1003.0	1712932291.13358330726623535	1712932291.26981639862060547
sum	1001.0	1712932291.26994252204895020	1712932291.40920376777648926
sum	1002.0	1712932291.40931439399719238	1712932291.54888939857482910
sum	1002.0	1712932291.54900860786437988	1712932291.69328570365905762
sum	1000.5	1712932291.69340133666992188	1712932291.83714795112609863
sum	1001.5	1712932291.83726048469543457	1712932291.98053455352783203
sum	1002.0	1712932291.98064446449279785	1712932292.11269354820251465
sum	1003.5	1712932292.11279535293579102	1712932292.24830079078674316
sum	1003.0	1712932292.24841547012329102	1712932292.38054299354553223
sum	1001.5	1712932292.38065218925476074	1712932292.51451683044433594
sum	1002.5	1712932292.51463341712951660	1712932292.64968037605285645
sum	1000.5	1712932292.64980316162109375	1712932292.78535461425781250
sum	1001.5	1712932292.78546881675720215	1712932292.92169499397277832
sum	1008.5	1712932322.42816710472106934	1712932322.57280445098876953
sum	1006.0	1712932322.57293105125427246	1712932322.70763063430786133
sum	1009.5	1712932322.70773220062255859	1712932322.83574962615966797
sum	1005.5	1712932322.83586692810058594	1712932322.96848273277282715
sum	1006.0	1712932322.96859383583068848	1712932323.10249710083007812
sum	1006.5	1712932323.10260629653930664	1712932323.23612570762634277
sum	1009.5	1712932323.23623538017272949	1712932323.37526845932006836
sum	1009.0	1712932323.37538123130798340	1712932323.51440978050231934
sum	1006.5	1712932323.51452708244323730	1712932323.65336656570434570
sum	1008.0	1712932323.65347170829772949	1712932323.79481554031372070
sum	1008.5	1712932323.79492998123168945	1712932323.93524813652038574
sum	1004.0	1712932323.93536376953125000	1712932324.07441067695617676
sum	1006.0	1712932324.07452583312988281	1712932324.21390318870544434
sum	1006.0	1712932324.21401667594909668	1712932324.35310792922973633
sum	1011.0	1712932324.35321927070617676	1712932324.48664212226867676
sum	1009.5	1712932324.48675155639648438	1712932324.62189412117004395
sum	1007.5	1712932324.62201309204101562	1712932324.75561618804931641
sum	1009.5	1712932324.75572919845581055	1712932324.88965249061584473
sum	1007.0	1712932324.88976335525512695	1712932325.02402949333190918
sum	1006.0	1712932325.02413892745971680	1712932325.15765309333801270
sum	1006.0	1712932354.94060587882995605	1712932355.09222388267517090
sum	1005.0	1712932355.09233736991882324	1712932355.23751831054687500
sum	1006.5	1712932355.23762679100036621	1712932355.37758493423461914
sum	1003.0	1712932355.37769293785095215	1712932355.51762866973876953
sum	1005.5	1712932355.51773595809936523	1712932355.65950345993041992
sum	1004.5	1712932355.65960764884948730	1712932355.79708075523376465
sum	1007.0	1712932355.79720520973205566	1712932355.93145346641540527
sum	1008.0	1712932355.93156743049621582	1712932356.07340478897094727
sum	1004.0	1712932356.07353496551513672	1712932356.21565985679626465
sum	1006.5	1712932356.21572923660278320	1712932356.35841488838195801
sum	1006.0	1712932356.35852789878845215	1712932356.49824762344360352
sum	1002.5	1712932356.49835705757141113	1712932356.63569545745849609
sum	1005.5	1712932356.63581085205078125	1712932356.77769851684570312
sum	1005.0	1712932356.77780175209045410	1712932356.92014050483703613
sum	1009.0	1712932356.92024874687194824	1712932357.06252717971801758
sum	1007.5	1712932357.06263756752014160	1712932357.20524883270263672
sum	1005.5	1712932357.20537209510803223	1712932357.34773564338684082
sum	1008.0	1712932357.34785890579223633	1712932357.49044466018676758
sum	1005.5	1712932357.49055361747741699	1712932357.63244080543518066
sum	1004.5	1712932357.63254380226135254	1712932357.77273607254028320
sum	1003.5	1712932387.70858907699584961	1712932387.85421013832092285
sum	1002.0	1712932387.85432291030883789	1712932387.99532079696655273
sum	1002.5	1712932387.99543762207031250	1712932388.13056898117065430
sum	1000.5	1712932388.13067626953125000	1712932388.26656961441040039
sum	1002.5	1712932388.26667904853820801	1712932388.40847063064575195
sum	1002.0	1712932388.40857601165771484	1712932388.55388665199279785
sum	1004.5	1712932388.55400824546813965	1712932388.68982005119323730
sum	1004.0	1712932388.68992733955383301	1712932388.82496571540832520
sum	1001.5	1712932388.82508230209350586	1712932388.96112442016601562
sum	1003.0	1712932388.96122860908508301	1712932389.09662008285522461
sum	1003.0	1712932389.09672474861145020	1712932389.23218536376953125
sum	1001.0	1712932389.23231005668640137	1712932389.36785745620727539
sum	1002.5	1712932389.36798524856567383	1712932389.50359153747558594
sum	1002.5	1712932389.50372624397277832	1712932389.63845920562744141
sum	1005.0	1712932389.63857221603393555	1712932389.77351427078247070
sum	1003.5	1712932389.77362084388732910	1712932389.90828442573547363
sum	1002.0	1712932389.90839314460754395	1712932390.04264664649963379
sum	1003.5	1712932390.04275584220886230	1712932390.17777228355407715
sum	1002.5	1712932390.17788791656494141	1712932390.31261658668518066
sum	1002.0	1712932390.31272983551025391	1712932390.44680976867675781
sum	1008.5	1712932419.96460413932800293	1712932420.11508274078369141
sum	1006.0	1712932420.11520051956176758	1712932420.25956225395202637
sum	1009.5	1712932420.25970005989074707	1712932420.40184807777404785
sum	1005.5	1712932420.40196990966796875	1712932420.53608012199401855
sum	1006.0	1712932420.53619337081909180	1712932420.67550063133239746
sum	1006.5	1712932420.67560720443725586	1712932420.81488108634948730
sum	1009.5	1712932420.81499052047729492	1712932420.95474433898925781
sum	1009.0	1712932420.95485901832580566	1712932421.09745550155639648
sum	1006.5	1712932421.09757518768310547	1712932421.22848272323608398
sum	1008.0	1712932421.22859406471252441	1712932421.35777282714843750
sum	1008.5	1712932421.35788774490356445	1712932421.48975992202758789
sum	1004.0	1712932421.48986959457397461	1712932421.63172793388366699
sum	1006.0	1712932421.63184952735900879	1712932421.77225422859191895
sum	1006.0	1712932421.77236270904541016	1712932421.90680456161499023
sum	1011.0	1712932421.90691304206848145	1712932422.04201984405517578
sum	1009.5	1712932422.04213547706604004	1712932422.17950296401977539
sum	1007.5	1712932422.17962050437927246	1712932422.31518316268920898
sum	1009.5	1712932422.31529927253723145	1712932422.44940614700317383
sum	1007.0	1712932422.44952225685119629	1712932422.58359146118164062
sum	1006.0	1712932422.58371615409851074	1712932422.72136521339416504
sum	1006.0	1712932452.73241543769836426	1712932452.87976670265197754
sum	1005.0	1712932452.87989807128906250	1712932453.03063797950744629
sum	1006.5	1712932453.03074312210083008	1712932453.17469882965087891
sum	1003.0	1712932453.17481493949890137	1712932453.31013417243957520
sum	1005.5	1712932453.31024551391601562	1712932453.44400119781494141
sum	1004.5	1712932453.44411587715148926	1712932453.57368063926696777
sum	1007.0	1712932453.57379412651062012	1712932453.70336151123046875
sum	1008.0	1712932453.70347523689270020	1712932453.83317112922668457
sum	1004.0	1712932453.83329057693481445	1712932453.96971845626831055
sum	1006.5	1712932453.96983909606933594	1712932454.11393356323242188
sum	1006.0	1712932454.11404728889465332	1712932454.25733733177185059
sum	1002.5	1712932454.25745511054992676	1712932454.38958573341369629
sum	1005.5	1712932454.38969755172729492	1712932454.52105093002319336
sum	1005.0	1712932454.52117419242858887	1712932454.65652370452880859
sum	1009.0	1712932454.65664076805114746	1712932454.79578065872192383
sum	1007.5	1712932454.79590320587158203	1712932454.93446993827819824
sum	1005.5	1712932454.93458271026611328	1712932455.06988716125488281
sum	1008.0	1712932455.06999874114990234	1712932455.20696568489074707
sum	1005.5	1712932455.20708823204040527	1712932455.34377121925354004
sum	1004.5	1712932455.34389495849609375	1712932455.48068451881408691
sum	1005.5	1712932485.24440932273864746	1712932485.39157390594482422
sum	1003.5	1712932485.39170503616333008	1712932485.53349256515502930
sum	1005.5	1712932485.53360700607299805	1712932485.67319393157958984
sum	1002.0	1712932485.67330360412597656	1712932485.80190706253051758
sum	1004.0	1712932485.80202221870422363	1712932485.93113684654235840
sum	1003.5	1712932485.93124294281005859	1712932486.07419419288635254
sum	1006.0	1712932486.07430410385131836	1712932486.21863532066345215
sum	1006.0	1712932486.21875786781311035	1712932486.36359262466430664
sum	1004.0	1712932486.36372852325439453	1712932486.50886774063110352
sum	1004.5	1712932486.50898218154907227	1712932486.64815044403076172
sum	1006.0	1712932486.64827394485473633	1712932486.78590750694274902
sum	1002.5	1712932486.78601551055908203	1712932486.92311835289001465
sum	1004.0	1712932486.92324113845825195	1712932487.06587624549865723
sum	1004.5	1712932487.06599020957946777	1712932487.21143841743469238
sum	1008.0	1712932487.21154618263244629	1712932487.35280346870422363
sum	1006.5	1712932487.35291647911071777	1712932487.48992347717285156
sum	1004.5	1712932487.49003267288208008	1712932487.62685179710388184
sum	1006.5	1712932487.62697362899780273	1712932487.76245450973510742
sum	1004.5	1712932487.76256561279296875	1712932487.89212727546691895
sum	1003.5	1712932487.89224290847778320	1712932488.02518486976623535
sum	1006.0	1712932517.75623965263366699	1712932517.90873456001281738
sum	1005.0	1712932517.90884947776794434	1712932518.05441975593566895
sum	1006.5	1712932518.05454397201538086	1712932518.19427752494812012
sum	1003.0	1712932518.19439291954040527	1712932518.33372879028320312
sum	1005.5	1712932518.33383750915527344	1712932518.47488427162170410
sum	1004.5	1712932518.47500371932983398	1712932518.61590528488159180
sum	1007.0	1712932518.61600947380065918	1712932518.75713229179382324
sum	1008.0	1712932518.75724029541015625	1712932518.89777851104736328
sum	1004.0	1712932518.89789199829101562	1712932519.04111790657043457
sum	1006.5	1712932519.04123210906982422	1712932519.18093967437744141
sum	1006.0	1712932519.18105649948120117	1712932519.31948781013488770
sum	1002.5	1712932519.31960177421569824	1712932519.45698118209838867
sum	1005.5	1712932519.45710492134094238	1712932519.59795856475830078
sum	1005.0	1712932519.59807205200195312	1712932519.73468518257141113
sum	1009.0	1712932519.73480510711669922	1712932519.86697363853454590
sum	1007.5	1712932519.86707806587219238	1712932520.00180101394653320
sum	1005.5	1712932520.00192093849182129	1712932520.13939094543457031
sum	1008.0	1712932520.13949871063232422	1712932520.28296446800231934
sum	1005.5	1712932520.28307867050170898	1712932520.41982507705688477
sum	1004.5	1712932520.41994953155517578	1712932520.55576682090759277
sum	1007.5	1712932550.26830649375915527	1712932550.41690683364868164
sum	1005.5	1712932550.41703319549560547	1712932550.56003165245056152
sum	1008.0	1712932550.56014990806579590	1712932550.70479440689086914
sum	1004.0	1712932550.70489978790283203	1712932550.84238052368164062
sum	1005.5	1712932550.84248113632202148	1712932550.97748064994812012
sum	1005.5	1712932550.97758722305297852	1712932551.11307907104492188
sum	1008.0	1712932551.11320090293884277	1712932551.24589300155639648
sum	1008.5	1712932551.24600219726562500	1712932551.37547326087951660
sum	1005.0	1712932551.37559700012207031	1712932551.50516319274902344
sum	1007.0	1712932551.50527715682983398	1712932551.63605284690856934
sum	1007.0	1712932551.63616442680358887	1712932551.77148127555847168
sum	1003.0	1712932551.77159500122070312	1712932551.90693545341491699
sum	1006.0	1712932551.90704727172851562	1712932552.04326319694519043
sum	1005.5	1712932552.04337430000305176	1712932552.17918968200683594
sum	1010.5	1712932552.17930674552917480	1712932552.31617021560668945
sum	1008.5	1712932552.31629133224487305	1712932552.45396137237548828
sum	1006.0	1712932552.45407843589782715	1712932552.59526920318603516
sum	1008.5	1712932552.59538602828979492	1712932552.73173332214355469
sum	1006.0	1712932552.73184990882873535	1712932552.86836075782775879
sum	1004.5	1712932552.86847138404846191	1712932553.00468540191650391
sum	1007.5	1712932582.52426409721374512	1712932582.67112493515014648
sum	1005.5	1712932582.67124199867248535	1712932582.81115746498107910
sum	1008.0	1712932582.81126832962036133	1712932582.94665575027465820
sum	1004.0	1712932582.94677042961120605	1712932583.08413934707641602
sum	1005.5	1712932583.08424663543701172	1712932583.21920204162597656
sum	1005.5	1712932583.21932435035705566	1712932583.35505747795104980
sum	1008.0	1712932583.35516595840454102	1712932583.48979115486145020
sum	1008.5	1712932583.48991203308105469	1712932583.62588334083557129
sum	1005.0	1712932583.62600111961364746	1712932583.76158285140991211
sum	1007.0	1712932583.76170635223388672	1712932583.89554977416992188
sum	1007.0	1712932583.89567899703979492	1712932584.02876687049865723
sum	1003.0	1712932584.02887344360351562	1712932584.16055727005004883
sum	1006.0	1712932584.16066479682922363	1712932584.29238724708557129
sum	1005.5	1712932584.29249787330627441	1712932584.42469215393066406
sum	1010.5	1712932584.42480039596557617	1712932584.55887722969055176
sum	1008.5	1712932584.55898904800415039	1712932584.69489645957946777
sum	1006.0	1712932584.69501924514770508	1712932584.83156085014343262
sum	1008.5	1712932584.83169794082641602	1712932584.96774816513061523
sum	1006.0	1712932584.96786642074584961	1712932585.10336184501647949
sum	1004.5	1712932585.10347151756286621	1712932585.23763632774353027
sum	1006.0	1712932615.29224514961242676	1712932615.43314886093139648
sum	1005.0	1712932615.43326759338378906	1712932615.56920099258422852
sum	1006.5	1712932615.56931972503662109	1712932615.70334053039550781
sum	1003.0	1712932615.70345211029052734	1712932615.83788037300109863
sum	1005.5	1712932615.83800172805786133	1712932615.97255229949951172
sum	1004.5	1712932615.97266125679016113	1712932616.10696887969970703
sum	1007.0	1712932616.10707855224609375	1712932616.24702024459838867
sum	1008.0	1712932616.24713230133056641	1712932616.38800334930419922
sum	1004.0	1712932616.38813400268554688	1712932616.52641367912292480
sum	1006.5	1712932616.52652525901794434	1712932616.65613937377929688
sum	1006.0	1712932616.65624952316284180	1712932616.78580260276794434
sum	1002.5	1712932616.78591728210449219	1712932616.92012596130371094
sum	1005.5	1712932616.92023587226867676	1712932617.05619287490844727
sum	1005.0	1712932617.05631256103515625	1712932617.19523286819458008
sum	1009.0	1712932617.19534921646118164	1712932617.33589959144592285
sum	1007.5	1712932617.33600091934204102	1712932617.47586870193481445
sum	1005.5	1712932617.47597742080688477	1712932617.61329889297485352
sum	1008.0	1712932617.61340665817260742	1712932617.75258517265319824
sum	1005.5	1712932617.75270533561706543	1712932617.89542341232299805
sum	1004.5	1712932617.89552783966064453	1712932618.03878784179687500
sum	1010.5	1712932647.80460166931152344	1712932647.96008849143981934
sum	1008.0	1712932647.96021389961242676	1712932648.10777544975280762
sum	1012.0	1712932648.10789060592651367	1712932648.24972486495971680
sum	1006.0	1712932648.24983143806457520	1712932648.39097571372985840
sum	1009.0	1712932648.39108300209045410	1712932648.53196954727172852
sum	1008.0	1712932648.53208446502685547	1712932648.67388129234313965
sum	1011.5	1712932648.67399907112121582	1712932648.81518006324768066
sum	1011.0	1712932648.81528711318969727	1712932648.95665311813354492
sum	1007.5	1712932648.95677304267883301	1712932649.09321784973144531
sum	1009.5	1712932649.09333682060241699	1712932649.23676729202270508
sum	1011.0	1712932649.23687696456909180	1712932649.37917113304138184
sum	1004.5	1712932649.37927699089050293	1712932649.52130174636840820
sum	1008.0	1712932649.52140522003173828	1712932649.66120815277099609
sum	1008.0	1712932649.66132807731628418	1712932649.79666948318481445
sum	1013.0	1712932649.79677820205688477	1712932649.93290162086486816
sum	1011.0	1712932649.93300819396972656	1712932650.06907176971435547
sum	1009.5	1712932650.06918168067932129	1712932650.20505905151367188
sum	1012.0	1712932650.20516538619995117	1712932650.34333419799804688
sum	1010.5	1712932650.34345340728759766	1712932650.47866702079772949
sum	1007.5	1712932650.47878766059875488	1712932650.61491036415100098
sum	1009.5	1712932680.57243728637695312	1712932680.71971344947814941
sum	1007.5	1712932680.71983218193054199	1712932680.85300350189208984
sum	1010.0	1712932680.85311746597290039	1712932680.98270893096923828
sum	1005.5	1712932680.98282670974731445	1712932681.11516809463500977
sum	1008.0	1712932681.11527848243713379	1712932681.24370837211608887
sum	1008.0	1712932681.24381303787231445	1712932681.37288522720336914
sum	1011.0	1712932681.37300205230712891	1712932681.50140476226806641
sum	1009.5	1712932681.50151491165161133	1712932681.63030147552490234
sum	1007.0	1712932681.63042497634887695	1712932681.75999665260314941
sum	1008.5	1712932681.76010680198669434	1712932681.88953471183776855
sum	1009.5	1712932681.88964986801147461	1712932682.01889467239379883
sum	1004.0	1712932682.01901006698608398	1712932682.14838409423828125
sum	1007.5	1712932682.14850044250488281	1712932682.27805328369140625
sum	1007.5	1712932682.27817130088806152	1712932682.41332912445068359
sum	1012.0	1712932682.41344118118286133	1712932682.54993581771850586
sum	1010.0	1712932682.55004048347473145	1712932682.69089031219482422
sum	1008.5	1712932682.69099879264831543	1712932682.83226275444030762
sum	1010.5	1712932682.83237123489379883	1712932682.97385191917419434
sum	1008.0	1712932682.97395610809326172	1712932683.11201977729797363
sum	1006.5	1712932683.11213374137878418	1712932683.25098299980163574
sum	1002.0	1712932713.08446621894836426	1712932713.23354291915893555
sum	1000.5	1712932713.23366904258728027	1712932713.37338209152221680
sum	1002.0	1712932713.37349390983581543	1712932713.50815510749816895
sum	1000.5	1712932713.50827574729919434	1712932713.64558529853820801
sum	1001.0	1712932713.64569520950317383	1712932713.78004240989685059
sum	1001.5	1712932713.78015279769897461	1712932713.91428661346435547
sum	1003.0	1712932713.91440343856811523	1712932714.04839563369750977
sum	1003.0	1712932714.04850411415100098	1712932714.18386602401733398
sum	1001.0	1712932714.18398237228393555	1712932714.31974697113037109
sum	1002.0	1712932714.31985330581665039	1712932714.45967698097229004
sum	1002.0	1712932714.45973467826843262	1712932714.59524035453796387
sum	1000.5	1712932714.59535336494445801	1712932714.73072886466979980
sum	1001.5	1712932714.73083567619323730	1712932714.86692070960998535
sum	1002.0	1712932714.86704421043395996	1712932715.00212764739990234
sum	1003.5	1712932715.00225424766540527	1712932715.13598203659057617
sum	1003.0	1712932715.13608694076538086	1712932715.26614904403686523
sum	1001.5	1712932715.26626014709472656	1712932715.39635848999023438
sum	1002.5	1712932715.39646840095520020	1712932715.52638030052185059
sum	1000.5	1712932715.52648997306823730	1712932715.65684223175048828
sum	1001.5	1712932715.65695214271545410	1712932715.78801846504211426
sum	1009.5	1712932745.59639477729797363	1712932745.74128842353820801
sum	1007.5	1712932745.74140477180480957	1712932745.88284087181091309
sum	1010.0	1712932745.88295316696166992	1712932746.01198172569274902
sum	1005.5	1712932746.01209115982055664	1712932746.14760923385620117
sum	1008.0	1712932746.14772820472717285	1712932746.28918433189392090
sum	1008.0	1712932746.28929901123046875	1712932746.42674899101257324
sum	1011.0	1712932746.42686772346496582	1712932746.57023477554321289
sum	1009.5	1712932746.57034516334533691	1712932746.70588612556457520
sum	1007.0	1712932746.70600438117980957	1712932746.84220576286315918
sum	1008.5	1712932746.84232044219970703	1712932746.97721648216247559
sum	1009.5	1712932746.97732162475585938	1712932747.11289429664611816
sum	1004.0	1712932747.11299538612365723	1712932747.24920725822448730
sum	1007.5	1712932747.24932098388671875	1712932747.39169812202453613
sum	1007.5	1712932747.39180397987365723	1712932747.52689671516418457
sum	1012.0	1712932747.52700614929199219	1712932747.66663122177124023
sum	1010.0	1712932747.66675209999084473	1712932747.80800724029541016
sum	1008.5	1712932747.80811667442321777	1712932747.94399809837341309
sum	1010.5	1712932747.94411373138427734	1712932748.08097195625305176
sum	1008.0	1712932748.08108663558959961	1712932748.21678662300109863
sum	1006.5	1712932748.21689534187316895	1712932748.35367894172668457
sum	1007.5	1712932777.85229444503784180	1712932777.99843144416809082
sum	1005.5	1712932777.99855709075927734	1712932778.14172387123107910
sum	1008.0	1712932778.14182615280151367	1712932778.27788090705871582
sum	1004.0	1712932778.27800059318542480	1712932778.41710829734802246
sum	1005.5	1712932778.41722893714904785	1712932778.55357789993286133
sum	1005.5	1712932778.55368661880493164	1712932778.68937444686889648
sum	1008.0	1712932778.68947958946228027	1712932778.82976531982421875
sum	1008.5	1712932778.82988500595092773	1712932778.96933770179748535
sum	1005.0	1712932778.96946620941162109	1712932779.11046743392944336
sum	1007.0	1712932779.11058092117309570	1712932779.24518775939941406
sum	1007.0	1712932779.24530482292175293	1712932779.38091111183166504
sum	1003.0	1712932779.38101673126220703	1712932779.52128481864929199
sum	1006.0	1712932779.52140212059020996	1712932779.66176033020019531
sum	1005.5	1712932779.66188216209411621	1712932779.79713296890258789
sum	1010.5	1712932779.79724979400634766	1712932779.93123292922973633
sum	1008.5	1712932779.93134880065917969	1712932780.06623554229736328
sum	1006.0	1712932780.06634497642517090	1712932780.20013570785522461
sum	1008.5	1712932780.20024561882019043	1712932780.33434486389160156
sum	1006.0	1712932780.33445787429809570	1712932780.46804690361022949
sum	1004.5	1712932780.46815729141235352	1712932780.60567402839660645
