nan
4.96e-08
4.9e-08
6.34e-08
5.62e-08
6.05e-08
7.05e-08
7.68e-08
6.44e-08
7.2e-08
6.8e-08
7.82e-08
7.05e-08
7.86e-08
6.3e-08
6.4e-08
7.41e-08
7.11e-08
7.82e-08
6.9e-08
7.17e-08
1.058e-07
8.12e-08
8.76e-08
7.55e-08
8.87e-08
8.56e-08
6.74e-08
8.45e-08
7e-08
7.04e-08
8.35e-08
7.59e-08
7.51e-08
7.82e-08
8.06e-08
8.22e-08
6.73e-08
7.56e-08
6.9e-08
7.98e-08
8.99e-08
9.84e-08
1.064e-07
9.52e-08
9.91e-08
9.33e-08
1.036e-07
8.67e-08
8.07e-08
8.55e-08
8.97e-08
9.49e-08
8.9e-08
7.93e-08
8.1e-08
9.15e-08
9.52e-08
7.95e-08
8.12e-08
7.94e-08
7.87e-08
7.96e-08
7.53e-08
7.65e-08
6.4e-08
8.46e-08
8.17e-08
7.14e-08
8.54e-08
7.34e-08
8.21e-08
8.17e-08
6.32e-08
6.17e-08
5.94e-08
7.9e-08
6.94e-08
7.33e-08
8.68e-08
7.49e-08
1.057e-07
1.081e-07
1.086e-07
1.091e-07
1.183e-07
1.046e-07
1.235e-07
1.011e-07
9.83e-08
9.22e-08
1.078e-07
1.094e-07
9.12e-08
1.176e-07
9.79e-08
8.73e-08
7.79e-08
9.67e-08
1.127e-07
9.54e-08
9.77e-08
1.049e-07
8.88e-08
8.97e-08
7.52e-08
9.91e-08
9.76e-08
9.25e-08
9.43e-08
9.81e-08
8.61e-08
9.63e-08
9.2e-08
8.42e-08
8.33e-08
8.17e-08
9.58e-08
9.31e-08
1.015e-07
6.44e-08
7.16e-08
7.84e-08
7.83e-08
9.47e-08
7.79e-08
7.91e-08
8.8e-08
8.71e-08
8.11e-08
9.05e-08
8.31e-08
7.85e-08
7.83e-08
8.86e-08
7.67e-08
8.02e-08
9.41e-08
8.29e-08
9.39e-08
9.18e-08
8.87e-08
9.09e-08
7.16e-08
9.11e-08
7.74e-08
7.44e-08
6.96e-08
6.42e-08
8.74e-08
7.73e-08
7.86e-08
7.89e-08
7.75e-08
9.25e-08
8.02e-08
8.32e-08
8.13e-08
7.35e-08
8.15e-08
9.07e-08
8.8e-08
9.12e-08
1.284e-07
1.121e-07
1.065e-07
1.116e-07
1.191e-07
1.058e-07
1.371e-07
1.134e-07
1.007e-07
1.184e-07
1.417e-07
1.184e-07
1.111e-07
1.02e-07
9.64e-08
1.116e-07
1.071e-07
1.126e-07
1.1e-07
1.002e-07
1.207e-07
1.059e-07
9.99e-08
1.104e-07
1.031e-07
1.031e-07
1.236e-07
1.096e-07
1.016e-07
9.47e-08
1.129e-07
1.124e-07
1.064e-07
9.4e-08
9.64e-08
1.076e-07
1.115e-07
9.22e-08
9.55e-08
1.045e-07
1.099e-07
1.073e-07
9.29e-08
9.98e-08
1.02e-07
9.99e-08
1.083e-07
9.93e-08
9.73e-08
1.03e-07
1.21e-07
1.085e-07
9.81e-08
9.89e-08
9.98e-08
1.028e-07
9.15e-08
9.64e-08
9.79e-08
1.03e-07
1.03e-07
9.03e-08
8.41e-08
9.63e-08
9.31e-08
9.14e-08
1.078e-07
9.46e-08
9.95e-08
9.71e-08
1.068e-07
9.51e-08
9.5e-08
9.53e-08
9.75e-08
1.033e-07
9.78e-08
8.48e-08
7.24e-08
9.08e-08
9.8e-08
8.55e-08
8.48e-08
9.48e-08
7.98e-08
9.06e-08
8.39e-08
9.47e-08
8.26e-08
7.76e-08
9.43e-08
9.44e-08
9.3e-08
7.3e-08
7.78e-08
1.011e-07
9.2e-08
7.48e-08
6.75e-08
8.37e-08
1.129e-07
9.63e-08
8.85e-08
9.36e-08
8.34e-08
9.05e-08
8.05e-08
7.53e-08
9.59e-08
8.22e-08
8.72e-08
8.11e-08
8.21e-08
7.81e-08
7.15e-08
1.042e-07
8.72e-08
8.32e-08
7.49e-08
7.11e-08
8.73e-08
7.62e-08
8.05e-08
7.8e-08
8.78e-08
9.68e-08
7.81e-08
7.24e-08
7.06e-08
8.63e-08
7.67e-08
9e-08
7.67e-08
8.95e-08
8.18e-08
8.82e-08
8.72e-08
8.38e-08
8.4e-08
7.62e-08
9.57e-08
7.23e-08
7.97e-08
8.3e-08
6.98e-08
7.97e-08
7.9e-08
7.08e-08
8.05e-08
7.59e-08
8.49e-08
7.95e-08
8.66e-08
8.95e-08
9.19e-08
8.75e-08
8.73e-08
9.88e-08
1.235e-07
1.078e-07
1.315e-07
1.089e-07
1.17e-07
1.244e-07
1.176e-07
1.205e-07
1.196e-07
1.22e-07
1.358e-07
1.044e-07
1.382e-07
1.14e-07
1.238e-07
1.18e-07
1.26e-07
1.129e-07
1.197e-07
1.174e-07
1.135e-07
1.299e-07
1.425e-07
9.78e-08
1.159e-07
1.194e-07
1.219e-07
1.243e-07
1.155e-07
1.195e-07
1.412e-07
1.152e-07
1.163e-07
1.119e-07
1.036e-07
1.288e-07
1.224e-07
1.152e-07
1.343e-07
1.067e-07
1.126e-07
1.089e-07
1.263e-07
1.214e-07
1.029e-07
1.332e-07
1.269e-07
1.077e-07
1.063e-07
1.011e-07
1.208e-07
1.059e-07
1.178e-07
1.118e-07
1.2e-07
1.287e-07
1.225e-07
1.118e-07
1.144e-07
1.2e-07
1.327e-07
1.01e-07
1.08e-07
1.059e-07
1.166e-07
1.126e-07
1.201e-07
1.048e-07
1.008e-07
1.218e-07
1.163e-07
9.73e-08
1.188e-07
1.036e-07
1.193e-07
1.192e-07
1.175e-07
9.9e-08
1.251e-07
9.69e-08
9.94e-08
1.144e-07
1.229e-07
1.03e-07
1.08e-07
1.119e-07
1.103e-07
1.131e-07
1.014e-07
1.078e-07
1.171e-07
1.061e-07
1.138e-07
9.67e-08
1.17e-07
1.033e-07
9.67e-08
9.71e-08
9.2e-08
1.002e-07
1.063e-07
9.74e-08
9.82e-08
1.054e-07
9.52e-08
1.022e-07
1.159e-07
1.038e-07
1.044e-07
9.98e-08
1.163e-07
1.002e-07
1.022e-07
1.116e-07
9.91e-08
1.135e-07
1.015e-07
9.94e-08
1.112e-07
1.029e-07
1.074e-07
1.051e-07
1.262e-07
9.46e-08
1.046e-07
1.214e-07
9.33e-08
9.4e-08
8.18e-08
9.3e-08
1.081e-07
8.78e-08
8.91e-08
9.19e-08
1.028e-07
1.035e-07
9.01e-08
9.11e-08
1.047e-07
8.28e-08
1.203e-07
9.86e-08
9.77e-08
9.76e-08
9.47e-08
9.91e-08
1.02e-07
9.39e-08
9.9e-08
1.017e-07
1.096e-07
9.36e-08
9.95e-08
8.94e-08
9.33e-08
9.48e-08
9.06e-08
1.035e-07
9.6e-08
8.61e-08
9.38e-08
8.55e-08
9.66e-08
1.008e-07
8.57e-08
9.67e-08
9.14e-08
9.09e-08
8.75e-08
9.35e-08
8.95e-08
7.94e-08
8.77e-08
9.77e-08
9.5e-08
9.18e-08
1.014e-07
9.84e-08
8.39e-08
8.38e-08
9.36e-08
1.01e-07
9.99e-08
9.84e-08
9.28e-08
1.073e-07
9.1e-08
9.5e-08
7.94e-08
9.12e-08
1.059e-07
7.33e-08
8.18e-08
9.04e-08
9.48e-08
9.59e-08
9.57e-08
8.55e-08
8.54e-08
8.25e-08
9.55e-08
8.96e-08
9.7e-08
9e-08
1.001e-07
1.072e-07
9.99e-08
9.43e-08
8.48e-08
8.73e-08
1.11e-07
8.26e-08
9.71e-08
8.46e-08
9.7e-08
9.4e-08
8.53e-08
9.54e-08
9.28e-08
1.009e-07
8.04e-08
9.37e-08
8.25e-08
8.8e-08
8e-08
9.26e-08
9.14e-08
8.97e-08
1.137e-07
9.18e-08
9.57e-08
8.29e-08
9.17e-08
7.17e-08
9.24e-08
9.9e-08
8.57e-08
8.75e-08
8.52e-08
8.45e-08
9.23e-08
8.47e-08
8.51e-08
9.51e-08
9.05e-08
8.76e-08
8.08e-08
9.19e-08
9.54e-08
8.25e-08
1.117e-07
9.62e-08
8.19e-08
8.75e-08
7.54e-08
9.6e-08
7.49e-08
7.47e-08
8.21e-08
9.2e-08
8.4e-08
7.58e-08
9.72e-08
8.35e-08
9.88e-08
8.91e-08
9.9e-08
8.45e-08
8.38e-08
7.69e-08
8.94e-08
8.43e-08
8.27e-08
7.9e-08
8.38e-08
8.13e-08
8.52e-08
7.8e-08
9.43e-08
7.23e-08
9.96e-08
8.95e-08
9.69e-08
8.65e-08
7e-08
8.77e-08
8.27e-08
8.56e-08
8.81e-08
8.53e-08
8.9e-08
7.67e-08
9.3e-08
8.81e-08
7.55e-08
8.55e-08
7.28e-08
8.31e-08
8.58e-08
7.64e-08
8.85e-08
8.94e-08
8.76e-08
9.34e-08
8.58e-08
8.52e-08
9.74e-08
8.56e-08
8.31e-08
7.65e-08
8.58e-08
8.38e-08
8.77e-08
7.91e-08
8.76e-08
9.13e-08
9.36e-08
8.63e-08
9.98e-08
1.051e-07
1.319e-07
1.36e-07
1.024e-07
1.245e-07
1.042e-07
1.332e-07
1.484e-07
1.241e-07
1.066e-07
1.183e-07
1.389e-07
1.553e-07
1.337e-07
1.496e-07
1.169e-07
1.135e-07
1.34e-07
1.32e-07
1.376e-07
1.229e-07
1.242e-07
1.164e-07
1.24e-07
1.284e-07
1.244e-07
1.31e-07
1.577e-07
1.273e-07
1.182e-07
1.202e-07
1.324e-07
1.248e-07
1.282e-07
1.277e-07
1.343e-07
1.273e-07
1.113e-07
1.323e-07
1.25e-07
1.217e-07
1.317e-07
1.313e-07
1.565e-07
1.053e-07
1.061e-07
1.515e-07
1.477e-07
1.282e-07
1.12e-07
1.078e-07
1.389e-07
1.369e-07
1.228e-07
1.364e-07
1.407e-07
1.135e-07
1.488e-07
1.238e-07
1.232e-07
1.252e-07
1.307e-07
1.287e-07
1.478e-07
1.183e-07
1.241e-07
1.229e-07
1.398e-07
1.069e-07
1.201e-07
1.24e-07
1.252e-07
1.304e-07
1.098e-07
1.041e-07
1.323e-07
1.176e-07
1.43e-07
1.197e-07
1.304e-07
1.166e-07
1.123e-07
1.482e-07
1.141e-07
1.414e-07
1.274e-07
1.044e-07
1.447e-07
1.307e-07
1.31e-07
1.119e-07
1.222e-07
1.254e-07
1.244e-07
1.294e-07
1.268e-07
1.117e-07
1.219e-07
1.071e-07
1.187e-07
1.244e-07
1.194e-07
1.227e-07
1.146e-07
1.076e-07
1.232e-07
1.085e-07
1.38e-07
1.094e-07
1.086e-07
1.288e-07
1.29e-07
1.251e-07
1.154e-07
1.065e-07
1.273e-07
1.236e-07
1.193e-07
1.08e-07
1.174e-07
1.09e-07
1.325e-07
1.015e-07
1.051e-07
1.201e-07
1.258e-07
1.42e-07
1.377e-07
9.84e-08
1.162e-07
1.06e-07
1.189e-07
1.077e-07
1.189e-07
1.115e-07
1.143e-07
1.215e-07
1.076e-07
1.061e-07
1.219e-07
1.162e-07
1.175e-07
1.161e-07
1.226e-07
1.107e-07
1.103e-07
1.082e-07
1.197e-07
1.306e-07
1.149e-07
1.277e-07
1.302e-07
1.172e-07
1.087e-07
1.136e-07
1.117e-07
1.209e-07
1.137e-07
1.079e-07
1.249e-07
1.185e-07
1.105e-07
1.2e-07
1.206e-07
1.168e-07
1.195e-07
1.048e-07
1.286e-07
1.195e-07
1.195e-07
1.078e-07
1.191e-07
1.338e-07
1.164e-07
1.236e-07
1.215e-07
1.21e-07
1.262e-07
1.134e-07
1.213e-07
1.07e-07
1.338e-07
1.186e-07
1.079e-07
1.133e-07
1.27e-07
1.112e-07
1.227e-07
1.171e-07
1.105e-07
1.125e-07
1.077e-07
1.213e-07
9.39e-08
1.054e-07
1.041e-07
9.24e-08
1.25e-07
8.9e-08
1.208e-07
1.158e-07
9.34e-08
1.075e-07
1.103e-07
9.12e-08
1.109e-07
1.168e-07
1.172e-07
1.125e-07
1.073e-07
1.013e-07
1.099e-07
1.106e-07
1.149e-07
1.023e-07
1.171e-07
1.001e-07
1.074e-07
1.226e-07
1.049e-07
1.122e-07
1.293e-07
1.241e-07
9.5e-08
1.106e-07
1.098e-07
1.129e-07
1.081e-07
1.002e-07
1.033e-07
1.025e-07
1.119e-07
1.19e-07
1.133e-07
1.143e-07
1.081e-07
1.054e-07
1.189e-07
1.059e-07
1.087e-07
1.117e-07
1.224e-07
9.42e-08
1.045e-07
1.081e-07
8.82e-08
1.04e-07
1.051e-07
1.079e-07
1.139e-07
9.79e-08
9.6e-08
1.193e-07
1.206e-07
1.053e-07
1.079e-07
9.48e-08
1.081e-07
1.002e-07
1.011e-07
9.76e-08
1.04e-07
1.003e-07
9.59e-08
7.44e-08
9.25e-08
1.1e-07
1.003e-07
9.78e-08
8.58e-08
1.023e-07
1.046e-07
1.239e-07
1.019e-07
9.99e-08
1.126e-07
9.7e-08
1.093e-07
1.034e-07
1.004e-07
1.034e-07
9.86e-08
1.185e-07
1.231e-07
9.99e-08
1.009e-07
1.013e-07
1.088e-07
9.7e-08
1.008e-07
9.52e-08
1.117e-07
1.103e-07
1.047e-07
8.76e-08
9.59e-08
8.95e-08
1.101e-07
8.85e-08
9.51e-08
9.45e-08
1.152e-07
9.44e-08
1.202e-07
9.83e-08
1.002e-07
1.186e-07
1.046e-07
9e-08
9.96e-08
8.17e-08
1.135e-07
1.108e-07
1.061e-07
9.57e-08
1.111e-07
9.61e-08
1.019e-07
8.88e-08
1.018e-07
8.47e-08
9.92e-08
9.92e-08
9.75e-08
1.001e-07
9.48e-08
9.93e-08
1.067e-07
8.92e-08
9e-08
9.52e-08
8.62e-08
9.63e-08
9.13e-08
9.33e-08
1.054e-07
9.15e-08
1.001e-07
1.1e-07
9.1e-08
1.018e-07
1.075e-07
1.025e-07
1.06e-07
9.86e-08
8.85e-08
1.117e-07
9.77e-08
9.08e-08
1.138e-07
9.78e-08
1.036e-07
9.7e-08
8.95e-08
9.02e-08
8.59e-08
9.9e-08
1.081e-07
9.95e-08
9.72e-08
8.96e-08
