0.00000000000000000
10.00000000000000000
20.00000000000000000
29.99999809265136719
40.00000000000000000
50.00000762939453125
59.99999618530273438
69.99999237060546875
80.00000000000000000
90.00000762939453125
100.00001525878906250
110.00000762939453125
119.99999237060546875
130.00000000000000000
139.99998474121093750
150.00003051757812500
160.00000000000000000
170.00000000000000000
180.00001525878906250
190.00000000000000000
200.00003051757812500
210.00000000000000000
220.00001525878906250
230.00000000000000000
239.99998474121093750
250.00000000000000000
260.00000000000000000
269.99996948242187500
279.99996948242187500
290.00000000000000000
300.00006103515625000
310.00003051757812500
320.00000000000000000
329.99996948242187500
340.00000000000000000
350.00003051757812500
360.00003051757812500
370.00000000000000000
380.00000000000000000
390.00003051757812500
400.00006103515625000
410.00000000000000000
420.00000000000000000
430.00003051757812500
440.00003051757812500
450.00000000000000000
460.00000000000000000
469.99996948242187500
479.99996948242187500
489.99996948242187500
500.00000000000000000
509.99996948242187500
520.00000000000000000
530.00000000000000000
539.99993896484375000
550.00000000000000000
559.99993896484375000
570.00000000000000000
580.00000000000000000
590.00000000000000000
600.00012207031250000
610.00000000000000000
620.00006103515625000
630.00000000000000000
640.00000000000000000
650.00000000000000000
659.99993896484375000
670.00000000000000000
680.00000000000000000
690.00012207031250000
700.00006103515625000
710.00000000000000000
720.00006103515625000
730.00000000000000000
740.00000000000000000
750.00000000000000000
760.00000000000000000
770.00012207031250000
780.00006103515625000
790.00000000000000000
800.00012207031250000
810.00012207031250000
820.00000000000000000
830.00000000000000000
840.00000000000000000
850.00012207031250000
860.00006103515625000
870.00000000000000000
880.00006103515625000
890.00000000000000000
900.00000000000000000
910.00000000000000000
920.00000000000000000
930.00000000000000000
939.99993896484375000
949.99987792968750000
959.99993896484375000
969.99987792968750000
979.99993896484375000
990.00000000000000000
1000.00000000000000000
1010.00012207031250000
1019.99993896484375000
1029.99987792968750000
1040.00000000000000000
1050.00000000000000000
1060.00000000000000000
1069.99987792968750000
1079.99987792968750000
1090.00000000000000000
1100.00000000000000000
1109.99987792968750000
1119.99987792968750000
1130.00012207031250000
1140.00000000000000000
1150.00012207031250000
1160.00000000000000000
1170.00000000000000000
1180.00000000000000000
1190.00012207031250000
1200.00024414062500000
1210.00012207031250000
1220.00000000000000000
1230.00012207031250000
1240.00012207031250000
1250.00012207031250000
1260.00000000000000000
1269.99987792968750000
1280.00000000000000000
1290.00012207031250000
1300.00000000000000000
1310.00012207031250000
1319.99987792968750000
1330.00000000000000000
1340.00000000000000000
1349.99987792968750000
1360.00000000000000000
1370.00012207031250000
1380.00024414062500000
1390.00012207031250000
1400.00012207031250000
1410.00012207031250000
1420.00000000000000000
1430.00012207031250000
1440.00012207031250000
1450.00012207031250000
1460.00000000000000000
1470.00012207031250000
1480.00000000000000000
1490.00000000000000000
1500.00000000000000000
1510.00012207031250000
1520.00000000000000000
1530.00000000000000000
1540.00024414062500000
1550.00012207031250000
1560.00012207031250000
1570.00012207031250000
1580.00000000000000000
1590.00012207031250000
1600.00024414062500000
1610.00036621093750000
1620.00024414062500000
1630.00012207031250000
1640.00000000000000000
1650.00000000000000000
1660.00000000000000000
1669.99987792968750000
1680.00000000000000000
1690.00012207031250000
1700.00024414062500000
1710.00012207031250000
1720.00012207031250000
1730.00000000000000000
1740.00000000000000000
1750.00012207031250000
1760.00012207031250000
1770.00012207031250000
1780.00000000000000000
1790.00012207031250000
1800.00000000000000000
1810.00000000000000000
1820.00000000000000000
1829.99987792968750000
1840.00000000000000000
1850.00000000000000000
1860.00000000000000000
1869.99987792968750000
1879.99987792968750000
1889.99987792968750000
1899.99975585937500000
1909.99987792968750000
1919.99987792968750000
1929.99987792968750000
1939.99975585937500000
1950.00012207031250000
1959.99987792968750000
1970.00000000000000000
1980.00000000000000000
1989.99987792968750000
2000.00000000000000000
2010.00012207031250000
2020.00024414062500000
2030.00012207031250000
2039.99987792968750000
2050.00000000000000000
2059.99975585937500000
2070.00048828125000000
2080.00000000000000000
2090.00000000000000000
2100.00000000000000000
2110.00000000000000000
2120.00000000000000000
2129.99951171875000000
2139.99975585937500000
2150.00000000000000000
2159.99975585937500000
2170.00000000000000000
2180.00000000000000000
2190.00000000000000000
2200.00000000000000000
2210.00000000000000000
2219.99975585937500000
2230.00000000000000000
2239.99975585937500000
2250.00000000000000000
2260.00024414062500000
2270.00000000000000000
2280.00000000000000000
2289.99951171875000000
2300.00024414062500000
2310.00000000000000000
2320.00000000000000000
2330.00000000000000000
2340.00000000000000000
2350.00048828125000000
2360.00000000000000000
2370.00000000000000000
2380.00024414062500000
2390.00048828125000000
2400.00048828125000000
2410.00000000000000000
2420.00024414062500000
2430.00000000000000000
2440.00000000000000000
2450.00000000000000000
2460.00024414062500000
2470.00000000000000000
2480.00024414062500000
2490.00000000000000000
2500.00024414062500000
2510.00000000000000000
2520.00000000000000000
2530.00000000000000000
2539.99975585937500000
2550.00000000000000000
2560.00000000000000000
2570.00000000000000000
2580.00024414062500000
2590.00000000000000000
2600.00000000000000000
2610.00000000000000000
2620.00024414062500000
2630.00000000000000000
2639.99975585937500000
2650.00000000000000000
2660.00000000000000000
2670.00048828125000000
2680.00000000000000000
2690.00000000000000000
2699.99975585937500000
2710.00048828125000000
2720.00000000000000000
2730.00000000000000000
2740.00024414062500000
2750.00000000000000000
2760.00048828125000000
2770.00000000000000000
2780.00024414062500000
2790.00048828125000000
2800.00024414062500000
2810.00048828125000000
2820.00024414062500000
2830.00048828125000000
2840.00000000000000000
2850.00000000000000000
2860.00024414062500000
2870.00048828125000000
2880.00024414062500000
2890.00048828125000000
2900.00024414062500000
2910.00048828125000000
2920.00000000000000000
2930.00000000000000000
2940.00024414062500000
2950.00000000000000000
2960.00000000000000000
2970.00000000000000000
2980.00000000000000000
2990.00048828125000000
3000.00000000000000000
3010.00000000000000000
3020.00024414062500000
3030.00048828125000000
3040.00000000000000000
3050.00000000000000000
3060.00000000000000000
3070.00000000000000000
3080.00048828125000000
3090.00000000000000000
3100.00024414062500000
3110.00000000000000000
3120.00024414062500000
3130.00000000000000000
3140.00024414062500000
3150.00048828125000000
3160.00000000000000000
3170.00048828125000000
3180.00024414062500000
3190.00048828125000000
3200.00048828125000000
3210.00048828125000000
3220.00073242187500000
3230.00048828125000000
3240.00048828125000000
3250.00000000000000000
3260.00024414062500000
3270.00048828125000000
3280.00000000000000000
3290.00000000000000000
3300.00000000000000000
3310.00000000000000000
3320.00000000000000000
3330.00000000000000000
3339.99975585937500000
3350.00048828125000000
3360.00000000000000000
3370.00000000000000000
3380.00024414062500000
3390.00000000000000000
3400.00048828125000000
3410.00000000000000000
3420.00024414062500000
3430.00048828125000000
3440.00024414062500000
3450.00000000000000000
3460.00000000000000000
3470.00000000000000000
3480.00000000000000000
3490.00000000000000000
3500.00024414062500000
3510.00048828125000000
3520.00024414062500000
3530.00048828125000000
3540.00024414062500000
3550.00000000000000000
3560.00000000000000000
3569.99951171875000000
3580.00024414062500000
3590.00000000000000000
3600.00000000000000000
3610.00000000000000000
3620.00000000000000000
3630.00048828125000000
3640.00000000000000000
3650.00000000000000000
3659.99975585937500000
3670.00000000000000000
3680.00000000000000000
3690.00000000000000000
3700.00000000000000000
3710.00000000000000000
3720.00000000000000000
3730.00000000000000000
3739.99975585937500000
3750.00000000000000000
3759.99975585937500000
3769.99951171875000000
3779.99975585937500000
3790.00000000000000000
3799.99951171875000000
3810.00000000000000000
3819.99975585937500000
3830.00000000000000000
3839.99975585937500000
3850.00000000000000000
3859.99975585937500000
3869.99951171875000000
3879.99951171875000000
3889.99951171875000000
3900.00024414062500000
3910.00000000000000000
3919.99975585937500000
3930.00000000000000000
3940.00000000000000000
3950.00000000000000000
3960.00000000000000000
3970.00000000000000000
3979.99975585937500000
3990.00048828125000000
4000.00000000000000000
4010.00000000000000000
4020.00024414062500000
4030.00000000000000000
4040.00048828125000000
4050.00000000000000000
4060.00024414062500000
4070.00000000000000000
4079.99975585937500000
4090.00000000000000000
4100.00000000000000000
4109.99951171875000000
4119.99951171875000000
4130.00000000000000000
4140.00097656250000000
4150.00048828125000000
4160.00000000000000000
4169.99951171875000000
4180.00000000000000000
4190.00048828125000000
4200.00000000000000000
4210.00000000000000000
4220.00000000000000000
4230.00048828125000000
4240.00000000000000000
4249.99951171875000000
4259.99902343750000000
4269.99951171875000000
4279.99951171875000000
4290.00000000000000000
4300.00000000000000000
4309.99951171875000000
4319.99951171875000000
4329.99951171875000000
4340.00000000000000000
4349.99951171875000000
4360.00000000000000000
4370.00000000000000000
4380.00000000000000000
4390.00048828125000000
4400.00000000000000000
4409.99951171875000000
4420.00000000000000000
4429.99951171875000000
4439.99951171875000000
4449.99951171875000000
4460.00000000000000000
4469.99951171875000000
4479.99951171875000000
4489.99951171875000000
4500.00000000000000000
4509.99951171875000000
4520.00048828125000000
4530.00000000000000000
4540.00000000000000000
4550.00048828125000000
4560.00000000000000000
4569.99951171875000000
4579.99902343750000000
4589.99951171875000000
4600.00048828125000000
4610.00000000000000000
4620.00000000000000000
4629.99951171875000000
4640.00000000000000000
4650.00048828125000000
4660.00000000000000000
4669.99951171875000000
4680.00000000000000000
4690.00000000000000000
4700.00097656250000000
4710.00048828125000000
4720.00000000000000000
4730.00000000000000000
4740.00000000000000000
4750.00048828125000000
4760.00048828125000000
4770.00048828125000000
4780.00097656250000000
4790.00048828125000000
4800.00097656250000000
4810.00048828125000000
4820.00000000000000000
4830.00048828125000000
4840.00048828125000000
4850.00000000000000000
4860.00000000000000000
4870.00048828125000000
4880.00000000000000000
4890.00000000000000000
4900.00000000000000000
4910.00048828125000000
4920.00048828125000000
4930.00000000000000000
4940.00000000000000000
4950.00048828125000000
4960.00048828125000000
4970.00048828125000000
4980.00000000000000000
4989.99951171875000000
5000.00048828125000000
5010.00097656250000000
5020.00000000000000000
5030.00048828125000000
5040.00000000000000000
5050.00000000000000000
5060.00000000000000000
5069.99951171875000000
5079.99951171875000000
5089.99951171875000000
5100.00000000000000000
5110.00048828125000000
5120.00000000000000000
5129.99951171875000000
5140.00000000000000000
5149.99951171875000000
5160.00048828125000000
5170.00000000000000000
5180.00000000000000000
5190.00048828125000000
5200.00000000000000000
5210.00048828125000000
5220.00000000000000000
5229.99951171875000000
5240.00048828125000000
5250.00000000000000000
5260.00000000000000000
5269.99951171875000000
5279.99951171875000000
5289.99951171875000000
5300.00000000000000000
5309.99951171875000000
5320.00000000000000000
5330.00000000000000000
5340.00097656250000000
5350.00048828125000000
5360.00000000000000000
5370.00000000000000000
5380.00000000000000000
5389.99951171875000000
5399.99951171875000000
5410.00000000000000000
5420.00097656250000000
5430.00048828125000000
5440.00000000000000000
5449.99951171875000000
5460.00000000000000000
5470.00048828125000000
5480.00048828125000000
5490.00000000000000000
5500.00000000000000000
5510.00048828125000000
5520.00097656250000000
5530.00048828125000000
5540.00000000000000000
5550.00048828125000000
5560.00048828125000000
5570.00097656250000000
5580.00097656250000000
5590.00048828125000000
5600.00048828125000000
5610.00048828125000000
5620.00097656250000000
5630.00048828125000000
5640.00048828125000000
5650.00097656250000000
5660.00097656250000000
5670.00048828125000000
5680.00000000000000000
5690.00000000000000000
5700.00000000000000000
5710.00048828125000000
5720.00048828125000000
5730.00048828125000000
5740.00097656250000000
5750.00048828125000000
5760.00048828125000000
5770.00048828125000000
5780.00097656250000000
5790.00048828125000000
5800.00048828125000000
5810.00000000000000000
5820.00097656250000000
5830.00146484375000000
5840.00000000000000000
5850.00048828125000000
5860.00000000000000000
5870.00048828125000000
5880.00048828125000000
5890.00000000000000000
5900.00000000000000000
5909.99951171875000000
5920.00000000000000000
5930.00048828125000000
5940.00000000000000000
5949.99951171875000000
5960.00000000000000000
5970.00000000000000000
5980.00097656250000000
5990.00048828125000000
6000.00000000000000000
6010.00000000000000000
6020.00000000000000000
6030.00048828125000000
6040.00048828125000000
6050.00000000000000000
6060.00097656250000000
6070.00048828125000000
6080.00000000000000000
6089.99951171875000000
6100.00000000000000000
6109.99951171875000000
6120.00000000000000000
6130.00000000000000000
6140.00000000000000000
6150.00048828125000000
6160.00097656250000000
6170.00048828125000000
6180.00000000000000000
6190.00048828125000000
6200.00048828125000000
6210.00000000000000000
6220.00000000000000000
6230.00048828125000000
6240.00048828125000000
6250.00048828125000000
6260.00000000000000000
6269.99951171875000000
6280.00048828125000000
6290.00097656250000000
6300.00097656250000000
6310.00048828125000000
6320.00000000000000000
6330.00048828125000000
6340.00097656250000000
6350.00048828125000000
6360.00048828125000000
6370.00048828125000000
6380.00097656250000000
6390.00146484375000000
6400.00097656250000000
6410.00048828125000000
6420.00097656250000000
6430.00048828125000000
6440.00146484375000000
6450.00097656250000000
6460.00097656250000000
6470.00146484375000000
6480.00097656250000000
6490.00048828125000000
6500.00000000000000000
6510.00048828125000000
6520.00048828125000000
6530.00048828125000000
6540.00097656250000000
6550.00048828125000000
6560.00000000000000000
6570.00048828125000000
6580.00000000000000000
6589.99951171875000000
6600.00000000000000000
6610.00000000000000000
6620.00000000000000000
6629.99951171875000000
6640.00000000000000000
6650.00000000000000000
6660.00000000000000000
6669.99951171875000000
6679.99951171875000000
6690.00000000000000000
6700.00097656250000000
6710.00048828125000000
6720.00000000000000000
6729.99951171875000000
6740.00000000000000000
6750.00048828125000000
6760.00048828125000000
6770.00000000000000000
6780.00000000000000000
6790.00048828125000000
6800.00097656250000000
6810.00048828125000000
6820.00000000000000000
6830.00048828125000000
6840.00048828125000000
6850.00097656250000000
6860.00097656250000000
6870.00048828125000000
6880.00048828125000000
6890.00048828125000000
6900.00000000000000000
6909.99951171875000000
6920.00000000000000000
6930.00000000000000000
6940.00000000000000000
6950.00048828125000000
6960.00000000000000000
6970.00000000000000000
6980.00000000000000000
6990.00048828125000000
7000.00048828125000000
7010.00048828125000000
7020.00097656250000000
7030.00048828125000000
7040.00048828125000000
7050.00048828125000000
7060.00097656250000000
7069.99951171875000000
7080.00048828125000000
7090.00000000000000000
7100.00000000000000000
7110.00048828125000000
7120.00000000000000000
7129.99951171875000000
7139.99902343750000000
7149.99951171875000000
7160.00048828125000000
7170.00000000000000000
7180.00000000000000000
7189.99951171875000000
7200.00000000000000000
7210.00048828125000000
7220.00000000000000000
7229.99951171875000000
7240.00000000000000000
7250.00000000000000000
7260.00097656250000000
7270.00048828125000000
7280.00000000000000000
7290.00000000000000000
7300.00000000000000000
7309.99951171875000000
7319.99951171875000000
7329.99951171875000000
7340.00000000000000000
7349.99951171875000000
7360.00000000000000000
7369.99951171875000000
7380.00000000000000000
7389.99951171875000000
7400.00000000000000000
7410.00000000000000000
7420.00000000000000000
7430.00048828125000000
7440.00000000000000000
7450.00000000000000000
7460.00000000000000000
7470.00048828125000000
7479.99951171875000000
7490.00000000000000000
7500.00000000000000000
7509.99951171875000000
7519.99951171875000000
7529.99951171875000000
7539.99902343750000000
7549.99853515625000000
7559.99951171875000000
7570.00000000000000000
7580.00000000000000000
7589.99951171875000000
7599.99902343750000000
7609.99951171875000000
7620.00000000000000000
7629.99951171875000000
7639.99951171875000000
7649.99951171875000000
7660.00000000000000000
7670.00048828125000000
7679.99951171875000000
7689.99951171875000000
7700.00000000000000000
7709.99951171875000000
7719.99951171875000000
7729.99902343750000000
7739.99902343750000000
7749.99951171875000000
7759.99902343750000000
7769.99951171875000000
7779.99902343750000000
7789.99951171875000000
7800.00048828125000000
7810.00000000000000000
7820.00000000000000000
7829.99951171875000000
7839.99951171875000000
7849.99951171875000000
7860.00000000000000000
7869.99951171875000000
7880.00000000000000000
7890.00000000000000000
7900.00000000000000000
7909.99951171875000000
7920.00000000000000000
7930.00000000000000000
7940.00000000000000000
7949.99951171875000000
7959.99951171875000000
7970.00000000000000000
7980.00097656250000000
7990.00048828125000000
8000.00000000000000000
8009.99951171875000000
8020.00000000000000000
8030.00048828125000000
8040.00048828125000000
8050.00000000000000000
8060.00000000000000000
8070.00048828125000000
8080.00097656250000000
8090.00000000000000000
8100.00000000000000000
8110.00048828125000000
8120.00048828125000000
8130.00000000000000000
8140.00000000000000000
8149.99951171875000000
8159.99951171875000000
8169.99951171875000000
8180.00000000000000000
8189.99951171875000000
8200.00000000000000000
8210.00000000000000000
8219.99902343750000000
8230.00000000000000000
8239.99902343750000000
8250.00000000000000000
8260.00000000000000000
8270.00000000000000000
8280.00195312500000000
8290.00000000000000000
8300.00097656250000000
8310.00000000000000000
8320.00000000000000000
8330.00000000000000000
8339.99902343750000000
8350.00000000000000000
8360.00000000000000000
8370.00195312500000000
8380.00097656250000000
8390.00000000000000000
8400.00000000000000000
8410.00000000000000000
8420.00000000000000000
8430.00000000000000000
8440.00000000000000000
8450.00000000000000000
8460.00097656250000000
8469.99804687500000000
8480.00000000000000000
8490.00000000000000000
8499.99902343750000000
8510.00000000000000000
8519.99804687500000000
8530.00000000000000000
8539.99902343750000000
8549.99804687500000000
8559.99902343750000000
8570.00000000000000000
8580.00000000000000000
8590.00000000000000000
8600.00000000000000000
8610.00000000000000000
8619.99902343750000000
8629.99804687500000000
8639.99902343750000000
8649.99804687500000000
8659.99902343750000000
8670.00000000000000000
8680.00000000000000000
8690.00195312500000000
8699.99902343750000000
8710.00000000000000000
8720.00000000000000000
8730.00000000000000000
8740.00000000000000000
8749.99804687500000000
8760.00000000000000000
8770.00000000000000000
8780.00097656250000000
8790.00000000000000000
8800.00000000000000000
8810.00000000000000000
8819.99902343750000000
8830.00000000000000000
8840.00000000000000000
8850.00000000000000000
8859.99902343750000000
8870.00000000000000000
8879.99902343750000000
8890.00000000000000000
8899.99902343750000000
8909.99804687500000000
8920.00000000000000000
8929.99804687500000000
8939.99902343750000000
8949.99804687500000000
8959.99902343750000000
8969.99804687500000000
8979.99902343750000000
8990.00000000000000000
9000.00000000000000000
9010.00000000000000000
9019.99902343750000000
9030.00000000000000000
9040.00097656250000000
9050.00000000000000000
9060.00000000000000000
9070.00000000000000000
9080.00000000000000000
9090.00000000000000000
9100.00097656250000000
9109.99804687500000000
9120.00000000000000000
9130.00000000000000000
9139.99902343750000000
9150.00000000000000000
9159.99804687500000000
9170.00000000000000000
9179.99902343750000000
9190.00000000000000000
9200.00097656250000000
9210.00000000000000000
9220.00000000000000000
9230.00000000000000000
9240.00000000000000000
9250.00000000000000000
9259.99902343750000000
9270.00000000000000000
9280.00000000000000000
9290.00000000000000000
9300.00097656250000000
9310.00000000000000000
9320.00000000000000000
9330.00195312500000000
9339.99902343750000000
9350.00000000000000000
9360.00000000000000000
9370.00000000000000000
9380.00000000000000000
9390.00000000000000000
9400.00195312500000000
9410.00195312500000000
9420.00097656250000000
9430.00000000000000000
9440.00000000000000000
9450.00000000000000000
9460.00000000000000000
9470.00000000000000000
9480.00000000000000000
9490.00195312500000000
9500.00097656250000000
9510.00195312500000000
9520.00097656250000000
9530.00195312500000000
9540.00097656250000000
9550.00000000000000000
9560.00195312500000000
9570.00000000000000000
9580.00097656250000000
9590.00000000000000000
9600.00195312500000000
9610.00195312500000000
9620.00097656250000000
9630.00000000000000000
9640.00000000000000000
9650.00195312500000000
9660.00097656250000000
9670.00000000000000000
9680.00097656250000000
9690.00000000000000000
9700.00000000000000000
9710.00000000000000000
9720.00000000000000000
9730.00000000000000000
9740.00097656250000000
9749.99804687500000000
9760.00000000000000000
9770.00000000000000000
9780.00000000000000000
9790.00000000000000000
9800.00000000000000000
9810.00195312500000000
9820.00097656250000000
9830.00000000000000000
9840.00097656250000000
9850.00000000000000000
9860.00000000000000000
9870.00000000000000000
9880.00000000000000000
9890.00000000000000000
9900.00097656250000000
9910.00000000000000000
9920.00097656250000000
9930.00000000000000000
9940.00097656250000000
9950.00000000000000000
9960.00000000000000000
9970.00195312500000000
9979.99902343750000000
9990.00000000000000000
