    681.357
    664.725
    671.605
    672.379
    675.704
    666.306
    663.314
    673.620
    664.320
    669.865
    670.848
    672.746
    676.158
    677.164
    654.025
    676.161
    655.154
    651.155
    669.302
    666.227
    668.799
    667.117
    663.143
    661.505
    665.009
    657.164
    643.941
    571.723
    648.348
    623.891
    658.214
    675.598
    620.961
    673.733
    674.826
    669.774
    674.411
    635.744
    604.652
    613.675
    613.586
    656.410
    658.834
    650.447
    676.348
    676.734
    672.575
    672.138
    659.029
    676.556
    672.190
    674.965
    677.006
    668.517
    666.886
    674.231
    670.418
    676.119
    657.654
    674.379
    672.701
    675.362
    677.845
    670.255
    675.546
    670.689
    678.639
    665.235
    667.693
    670.557
    676.268
    676.604
    675.544
    660.591
    677.335
    676.697
    676.319
    669.093
    673.859
    656.309
    655.166
    675.975
    674.056
    675.231
    675.728
    673.252
    669.637
    669.360
    662.760
    668.302
    675.913
    666.426
    671.437
    671.070
    673.166
    676.057
    674.217
    674.608
    676.476
    674.911
    675.950
