    670.076
    659.244
    659.252
    659.189
    659.208
    659.240
    648.264
    658.001
    655.046
    658.696
    659.246
    659.213
    659.243
    659.245
    659.219
    659.247
    658.413
    657.647
    644.876
    586.263
    658.206
    658.519
    659.244
    656.679
    659.252
    639.773
    651.477
    659.246
    659.266
    659.003
    659.240
    645.617
    658.927
    659.215
    659.252
    659.184
    659.245
    658.372
    659.242
    659.242
    658.825
    659.241
    659.246
    659.242
    659.245
    658.506
    659.248
    677.743
    659.243
    659.234
    658.974
    659.239
    659.251
    659.244
    659.221
    659.236
    648.953
    659.226
    656.499
    659.202
    659.245
    658.342
    659.248
    659.190
    659.249
    659.240
    658.508
    659.246
    657.952
    654.278
    659.240
    659.194
    659.255
    659.239
    659.204
    659.244
    659.252
    659.226
    659.236
    659.245
    658.929
    659.241
    659.246
    659.239
    659.246
    659.185
    659.192
    659.909
    659.233
    661.917
    646.776
    659.239
    659.247
    659.250
    659.229
    659.250
    659.248
    659.269
    659.242
    659.251
    659.236
