          16.552
       -3013.731
          16.567
          16.551
          16.583
          17.123
          16.568
          16.573
          16.571
          16.560
          16.572
          16.674
          16.674
          16.572
          16.588
          16.542
          16.570
          16.570
          16.573
          16.579
          16.604
          16.567
          17.188
          16.570
          16.662
          16.592
          16.570
          16.695
          16.577
          16.590
          16.570
          16.550
          16.715
          16.561
          16.584
          16.533
          16.571
          16.587
          16.585
          16.573
          16.528
          16.570
          16.570
          16.570
          16.862
          16.551
          16.542
          17.377
          16.628
          16.918
          16.554
          16.258
          16.731
          16.585
          16.544
          16.715
          16.573
          16.565
          20.175
          16.592
          16.572
          16.574
          16.561
          16.570
          16.584
          16.542
          16.570
          16.561
          16.571
          16.586
          16.570
          17.147
          16.591
          16.560
          16.530
          16.570
          16.583
          16.626
          16.572
          16.571
          17.132
          16.607
          16.573
          16.565
          16.568
          16.542
          16.559
          16.542
          16.565
          16.570
          16.542
          16.666
          16.571
          16.884
          16.570
          16.568
          16.634
          16.534
          16.567
          16.559
          16.572
