0.00000000000000000
0.00000005767102208
0.00000000564998320
0.00000010424379134
0.00000015232845190
0.00000049070282727
0.00000000455188955
0.00000046499322898
0.00000057141191774
0.00000058129069355
0.00000049474261728
0.00000036215258265
0.00000087485902903
0.00000004256895798
0.00000078329015407
0.00000066267990079
0.00000065300708136
0.00000047246327940
0.00000053308786991
0.00000116896654446
0.00000080659228315
0.00000159134219965
0.00000090877391689
0.00000113543093458
0.00000054363826838
0.00000181561438280
0.00000112168065309
0.00000072256854422
0.00000063872759753
0.00000232544292186
0.00000150510246969
0.00000167517376108
0.00000213414623717
0.00000141610450403
0.00000137596119620
0.00000175159816496
0.00000149450316790
0.00000137045086670
0.00000157587782730
0.00000167897739123
0.00000143008723323
0.00000259011297498
0.00000211520402807
0.00000176431011592
0.00000194003029084
0.00000162329658715
0.00000233595208084
0.00000261497218639
0.00000223568566056
0.00000253612778904
0.00000209826038798
0.00000273263536050
0.00000243933619152
0.00000346783405601
0.00000160215781900
0.00000285032802317
0.00000251009078644
0.00000178936383524
0.00000237051466740
0.00000285470802584
