0.00000000000000000
0.00000004903490714
0.00000018537800418
0.00000001874785819
0.00000022885707669
0.00000028519724838
0.00000017939907466
0.00000024545039927
0.00000011639375643
0.00000040538651250
0.00000049474261728
0.00000015074316686
0.00000093793755320
0.00000004256895798
0.00000098545163938
0.00000111507394709
0.00000057201821335
0.00000119740614666
0.00000066286920251
0.00000012344450770
0.00000101456153504
0.00000112595161734
0.00000090877391689
0.00000053881550891
0.00000101092234640
0.00000068030298826
0.00000112168065309
0.00000139283322657
0.00000063872759753
0.00000117465191357
0.00000095572146384
0.00000241281187987
0.00000158392093462
0.00000181011609430
0.00000093510447878
0.00000190944501016
0.00000163579412228
0.00000118074355488
0.00000236832314455
0.00000167897739123
0.00000260924392616
0.00000153463306157
0.00000160647899014
0.00000215462469694
0.00000240586512873
0.00000131056504944
0.00000233595208084
0.00000253144894690
0.00000193663430595
0.00000173307243661
0.00000299679321119
0.00000230368096074
0.00000224735460187
0.00000217899318670
0.00000221744303418
0.00000119807640250
0.00000164736767425
0.00000134808628192
0.00000207426931052
0.00000232436116777
