0.00000000000000000
0.00000005767102208
0.00000008986401049
0.00000018973972449
0.00000045844295105
0.00000049070282727
0.00000042466702695
0.00000013567898441
0.00000037489601084
0.00000031743442197
0.00000049474261728
0.00000029168277738
0.00000055946640818
0.00000117181862646
0.00000078329015407
0.00000048172228227
0.00000049102934535
0.00000076244042630
0.00000085754120141
0.00000070429008368
0.00000101456153504
0.00000075363915149
0.00000124203609619
0.00000068796936532
0.00000107767721469
0.00000050104329439
0.00000058682098798
0.00000091407273918
0.00000166723635633
0.00000125137131412
0.00000123041196676
0.00000155223407462
0.00000169396599513
0.00000141610450403
0.00000111144716575
0.00000159375131976
0.00000114127578196
0.00000124397932549
0.00000089663898395
0.00000269230462736
0.00000206501776020
0.00000129106077385
0.00000247857905516
0.00000163420525558
0.00000194003029084
0.00000204027197075
0.00000261588252462
0.00000228087922845
0.00000163758295134
0.00000287073418588
0.00000293689102297
0.00000273263536050
0.00000147942824326
0.00000260860680981
0.00000206362173039
0.00000305685947576
0.00000238684462756
0.00000278223833020
0.00000246926311970
0.00000294309916886
