0.00000000000000000
0.00000004903490714
0.00000000564998320
0.00000027523565764
0.00000045844295105
0.00000035369910801
0.00000011808208659
0.00000035522181413
0.00000057141191774
0.00000014153024092
0.00000033728828496
0.00000057356199843
0.00000024407378733
0.00000117181862646
0.00000048004792610
0.00000075315871005
0.00000089597368538
0.00000032747470595
0.00000027352520472
0.00000140130477485
0.00000028666915341
0.00000149826408318
0.00000149198273066
0.00000076254629353
0.00000121118695127
0.00000133758853247
0.00000080076485403
0.00000053106434926
0.00000132440010340
0.00000086777431135
0.00000171112034689
0.00000149076423138
0.00000169396599513
0.00000062808132349
0.00000067059044832
0.00000104128736156
0.00000220095793978
0.00000206604434340
0.00000078343251006
0.00000198297556207
0.00000251853956517
0.00000234654068727
0.00000233322904432
0.00000156915282541
0.00000205648900031
0.00000151905274125
0.00000233595208084
0.00000194678627051
0.00000245997417651
0.00000179999371598
0.00000263738008190
0.00000305435116032
0.00000215136380704
0.00000209307046208
0.00000198671107849
0.00000236842130048
0.00000405066777250
0.00000333383527184
0.00000345674764266
0.00000241275231078
