   1235.028
   1224.019
   1235.202
   1203.884
   1172.561
   1235.250
   1226.449
   1211.270
   1212.178
   1191.314
   1202.388
   1186.031
   1216.102
   1221.314
   1235.254
   1175.895
   1234.540
   1235.072
   1216.789
   1149.291
   1235.258
   1234.903
   1234.288
   1084.705
   1222.395
   1134.512
   1158.175
   1230.662
   1235.120
   1235.023
   1233.035
   1075.620
   1198.903
   1235.185
   1235.304
    804.855
    797.270
   1185.967
    944.397
   1025.374
   1226.685
   1230.510
   1235.049
   1034.794
    995.543
   1202.801
   1197.895
   1235.044
   1235.011
   1235.220
   1234.143
   1064.454
   1187.589
   1235.022
   1235.093
   1235.049
   1182.565
   1196.724
   1217.296
   1232.853
   1228.375
   1235.245
   1228.807
   1227.897
   1235.095
   1234.652
   1235.065
   1234.749
   1235.049
   1210.508
   1234.898
   1235.178
   1182.717
   1224.034
   1175.686
   1158.280
   1235.197
   1235.011
   1235.263
   1235.244
   1226.325
   1225.018
   1235.177
   1234.793
   1234.820
   1235.277
   1191.523
   1221.432
   1234.587
   1221.966
   1234.777
   1177.924
   1235.227
   1234.995
   1233.767
   1235.189
   1235.046
   1229.616
   1188.172
   1216.093
   1214.494
