    223.793
    228.348
    228.818
    231.290
    230.452
    230.895
    228.854
    223.107
    227.567
    231.458
    230.700
    231.434
    229.399
    229.393
    228.547
    231.387
    230.613
    223.371
    231.194
    231.396
    231.435
    230.543
    225.556
    231.236
    231.580
    230.957
    224.658
    231.246
    231.240
    231.620
    231.271
    227.213
    230.984
    231.577
    231.832
    224.609
    231.769
    230.451
    231.219
    231.777
    227.068
    231.623
    231.191
    231.638
    223.074
    231.370
    229.952
    231.363
    231.573
    227.152
    230.100
    231.143
    231.188
    226.498
    230.517
    231.125
    231.111
    231.693
    231.316
    231.652
    231.593
    230.967
    228.451
    231.534
    230.554
    231.170
    224.595
    231.363
    230.872
    230.749
    231.662
    229.730
    231.402
    231.414
    231.441
    222.879
    230.312
    231.721
    230.611
    231.285
    229.639
    231.577
    230.928
    229.829
    224.576
    231.520
    231.409
    231.414
    231.271
    228.875
    229.554
    231.483
    230.793
    226.593
    230.903
    231.211
    229.208
    231.297
    228.497
    231.669
    231.648
