          34.058
          32.969
          32.932
          32.996
          32.959
          32.965
          33.857
          32.944
          32.961
          32.985
          33.268
          32.941
          33.011
          32.926
          32.966
          32.948
          32.967
          32.937
          32.931
          34.942
          33.356
          33.222
          33.075
          33.075
          32.962
          33.025
          34.433
          33.065
          32.971
          32.988
          33.694
          32.954
          32.975
          32.993
          33.708
          33.070
          32.952
          32.944
          33.015
          33.008
          33.000
          33.118
          32.934
          32.963
          33.065
          32.953
          32.906
          32.917
          33.110
          32.921
          32.970
          33.033
          32.944
          32.938
          32.966
          32.992
          32.881
          32.980
          33.122
          32.984
          33.163
          33.691
          32.949
          32.915
          32.974
          32.888
          33.026
          33.005
          32.900
          32.926
          32.922
          32.970
          32.883
          33.020
          32.930
          32.984
          32.881
          33.168
          32.979
          32.935
          33.033
          32.979
          32.990
          33.085
          32.896
          33.048
          32.925
          32.941
          32.990
          32.997
          32.972
          32.954
          32.971
          33.050
          32.936
          32.968
          32.969
          32.970
          32.948
          32.982
          32.981
