0.0028318357467651367
0.002824983596801758
0.002789194583892822
0.002833874225616455
0.0028397393226623534
0.002833123207092285
0.0027889561653137206
0.002864699363708496
0.00285311222076416
0.0027588367462158202
0.0027899956703186036
0.002841949462890625
0.002785322666168213
0.0027995967864990236
0.002864944934844971
0.0027633261680603026
0.0028010988235473632
0.0028438544273376464
0.0028125834465026855
0.002790827751159668
0.0027752089500427245
0.0028452467918395996
0.0027942872047424317
0.0028342509269714353
0.0027996444702148436
0.002774519920349121
0.0028405213356018067
0.00283252477645874
0.002844040393829346
0.0028681540489196777
0.0027714300155639647
0.002815849781036377
0.002867136001586914
0.002821791172027588
0.0028539633750915526
0.002786133289337158
0.0028482460975646972
0.0028031802177429198
0.0027991175651550294
0.002796280384063721
0.002877986431121826
0.002868947982788086
0.0027890706062316892
0.0028400540351867674
0.002829928398132324
0.0027695107460021973
0.0028585028648376466
0.0027677106857299807
0.0027965545654296876
0.0027897334098815917
