-nan
0.00000009536743359
0.00000047683715749
0.00000006357828255
0.00000095367430895
0.00000083923338963
0.00000063578288731
0.00000021798269663
0.00000047683716158
0.00000025431314173
0.00000030517579532
0.00000027743254637
0.00000146230063969
0.00000105637768050
0.00000098092212783
0.00000040690101343
0.00000305175784252
0.00000017951513384
0.00000067816843578
0.00000064247536320
0.00000045776363649
0.00000130789616895
0.00000270496718932
0.00000165856399035
0.00000095367427744
0.00000054931644593
0.00000070425176681
0.00000022605610794
0.00000043596541904
0.00000189419449549
0.00000030517578030
0.00000206731980205
0.00000057220457652
0.00000129468511277
0.00000134636376672
0.00000087193077190
0.00000016954213780
0.00000049487960302
0.00000016061887936
0.00000023475065270
0.00000167846674074
0.00000014886617445
0.00000000000006429
0.00000085165341110
0.00000041614872091
0.00000169542108210
0.00000232198956148
0.00000045451703937
0.00000038146964189
0.00000130789611777
0.00000152587881587
0.00000101725269723
0.00000035212580590
0.00000057580345888
0.00000282570157782
0.00000377308248909
0.00000119890495987
0.00000160618821526
0.00000105233017099
0.00000062069661542
0.00000345865896728
0.00000030017301458
0.00000000000011680
0.00000029064371975
0.00000238418567076
0.00000328650829155
0.00000055486493331
0.00000182194508774
0.00000359030343538
0.00000274215906582
0.00000069754451342
0.00000180526531568
0.00000203450534049
0.00000125414717970
0.00000140215912967
0.00000122070298903
0.00000192742584967
0.00000293285829581
0.00000539926396160
0.00000123615492269
0.00000045776353019
0.00000195915302084
0.00000059546479525
0.00000007353647761
0.00000217982715469
0.00000014361227908
0.00000205816209798
0.00000154341759568
0.00000131780465942
0.00000130299786804
0.00000257703977935
0.00000060364455451
0.00000391421126020
0.00000000000015366
0.00000038958594928
0.00000044973288548
0.00000019073501925
0.00000245399097500
0.00000018684247247
0.00000209615703944
0.00000152587874743
0.00000030215407936
0.00000155579794033
0.00000011851502059
0.00000046950134578
0.00000418526772332
0.00000092128525338
0.00000376478522446
0.00000192147724605
0.00000212783123086
0.00000044389195905
0.00000000000007743
0.00000337873179522
0.00000043210724092
0.00000010707927295
0.00000191066571777
0.00000547211749179
0.00000125200323195
0.00000279313425018
0.00000092322086192
0.00000010172526383
0.00000100884555372
0.00000160092211959
0.00000148866232871
0.00000255953883652
0.00000410156253311
0.00000019376236073
0.00000105730196620
0.00000152587885260
0.00000141942217809
0.00000075120198989
0.00000018636681607
0.00000046238762693
0.00000339594111026
0.00000482815405915
0.00000289351861654
0.00000332103066465
0.00000044551219929
0.00000017691338071
0.00000342499425812
0.00000008719320736
0.00000069259738518
0.00000120350998521
0.00000273164321322
0.00000178019190855
0.00000058930511088
0.00000585268605659
0.00000107953354012
0.00000305175798180
0.00000573484707024
0.00000211588559584
0.00000137430134745
0.00000273051995925
0.00000151590564801
0.00000118899674846
0.00000078755060596
0.00000383426002297
0.00000015550379454
0.00000355394602311
0.00000046064290919
0.00000564575172831
0.00000083402053957
0.00000414436269469
0.00000029955928650
0.00000156309570645
0.00000229344198929
0.00000242669873387
0.00000036547972403
0.00000341506205657
0.00000158908125240
0.00000466739403638
0.00000007138587880
0.00000014194195125
0.00000035280409512
0.00000308683576841
0.00000341796903350
0.00000020807410925
0.00000206898805688
0.00000006857912130
0.00000013639170811
0.00000345865855328
0.00000013488462746
0.00000623765851797
0.00000226797332999
0.00000106148129238
0.00000574060420248
0.00000150947192671
0.00000032639088622
0.00000279203341656
0.00000083963674023
0.00000051397993024
0.00000012782198081
0.00000133514370404
0.00000044274172418
0.00000119553364359
0.00000087640189588
0.00000018684266562
0.00000018589352349
0.00000388405575395
0.00000024536782131
0.00000238037145550
0.00000279364930726
0.00000259852608703
0.00000138306302379
0.00000131644417408
0.00000250095236879
0.00000260732744081
0.00000011794195064
0.00000093900202103
0.00000070088256237
0.00000360398026693
0.00000023141330500
0.00000161224901762
0.00000584562099378
0.00000148309685709
0.00000056776849538
0.00000079119606758
0.00000123757880041
0.00000335973296458
0.00000256403355192
0.00000188654160473
0.00000795390312873
0.00000175957248811
0.00000175168203260
0.00000043596582222
0.00000390624957739
0.00000205251010397
0.00000258122204006
0.00000010707879247
0.00000213223296387
0.00000594429304507
0.00000348772364955
0.00000042093167477
0.00000471516184608
0.00000198233884946
0.00000051944858163
0.00000103449461903
0.00000484160777849
0.00000297482319080
0.00000081720756410
0.00000590006465113
0.00000425473333876
0.00000343007535351
0.00000020093832733
0.00000560322699849
0.00000019929800703
0.00000208412775076
0.00000207568999027
0.00000610351515724
0.00000049024174934
0.00000087890672130
0.00000155627537345
0.00000590975369899
0.00000337743995278
0.00000394085213007
0.00000584022719558
0.00000038146924499
0.00000237490928674
0.00000113553827559
0.00000094262740923
0.00000159630359839
0.00000233851124395
0.00000260913595901
0.00000649803895571
0.00000258937075969
0.00000036851464705
0.00000284524838300
0.00000073150798984
0.00000537473713920
0.00000009075809440
0.00000388816500550
0.00000999985535268
0.00000197466732660
0.00000563401493130
0.00000294037928047
0.00000017755732932
0.00000309598567402
0.00000035255015300
0.00000149294575255
0.00000708795414588
0.00000531877738354
0.00001112099696093
0.00000761857217402
0.00000405463281039
0.00000000000052376
0.00000462582289354
0.00000349991752424
0.00000025519978737
0.00000288221518269
0.00000650478534878
0.00000000000053174
0.00000192963433888
0.00000326078285454
0.00000066659609875
0.00000606199564743
0.00000024827913984
0.00000024744036203
0.00000443891991390
0.00000598062659054
0.00000008165183983
0.00000292968804433
0.00000194663675817
0.00001123693550458
0.00000757400013541
0.00000208804426994
0.00000136078326116
0.00000430836341910
0.00000628244660315
0.00000546938468531
0.00000237029677513
0.00000511907817708
0.00000054951210352
0.00000007824964194
0.00000319800762740
0.00000101077272760
0.00000387524857760
0.00000339942586123
0.00000046209525627
0.00000383868963733
0.00000252559323850
0.00000022888240309
0.00000555210710312
0.00000348772378357
0.00000718060718799
0.00000301408121874
0.00000277944654296
0.00000606607131732
0.00000418100210354
0.00000439155450081
0.00000237462063731
0.00000103574868359
0.00001017867316162
0.00000433864421658
0.00001136390238495
0.00000343551120742
0.00000728777926827
0.00001111711716209
0.00000000000058442
0.00000288923875107
0.00000468116301260
0.00000086167338141
0.00000551285341082
0.00000221297116666
0.00000669073373934
0.00000361952611681
0.00000240602414269
0.00000867898812901
0.00000133679364134
0.00000498103058752
0.00000461698662712
0.00000265067023936
0.00000041733499910
0.00000721324514036
0.00000394221345892
0.00000317244819940
0.00000502035591318
0.00000048005118896
0.00000253030960124
0.00000340978466187
0.00000367230963243
0.00000183105529269
0.00000358433665174
0.00000546281569666
0.00000416989436475
0.00000804859142444
0.00000816031617147
0.00000153421643217
0.00000126394267919
0.00000053074110094
0.00000112476771966
0.00000890783300145
0.00000092128476314
0.00000767861704647
0.00000013090588554
0.00000626671184653
0.00000026041728403
0.00000253230905606
0.00000239607571839
0.00000161468729296
0.00000334968605502
0.00000340511986463
0.00000064078966396
0.00000236471348267
0.00000114739781668
0.00000534057679609
0.00000057071771920
0.00000702062481611
0.00000763333674438
0.00000377536986254
0.00000225939847238
0.00000369340882653
0.00000805476679396
0.00000473333801793
0.00000285762500539
0.00000123929314414
0.00000142157895494
0.00000067816776992
0.00000055346804539
0.00000085878675234
0.00000305940569339
0.00000225830141687
0.00000146119140937
0.00000157901960465
0.00000829957027166
0.00000187335691928
0.00000042197208962
0.00000342758941575
0.00000155962134058
0.00000335094911391
0.00000573043945615
0.00000142911521568
0.00000201965417778
0.00000355544537793
0.00000543848304926
0.00000919950121494
0.00000470632588767
0.00000187800423139
0.00000199059445778
0.00000023362794849
0.00000291337315950
0.00000325520779717
0.00000324747572078
0.00000219842320596
0.00000069259802430
0.00000149708824142
0.00000896139754589
0.00000160468064170
0.00000457406276411
0.00000912675279460
0.00000068291128776
0.00000045421555537
0.00000067974230899
0.00000226056092237
0.00000586388609214
0.00000011250679894
0.00000033674529742
0.00000660747601373
0.00000782143841340
0.00000111479773906
0.00000233574138709
0.00000565962323311
0.00000177154228751
0.00000452930604108
0.00000022044268281
0.00000384906359712
0.00000307233176234
0.00000700672675023
0.00000163852740053
0.00000555855859748
0.00000478493848622
0.00000944010442456
0.00000368105623595
0.00000572542197738
0.00000021557647873
0.00000182836569053
0.00000622424472058
0.00000717430804654
0.00000288481243854
0.00000565041640163
0.00000585086483292
0.00000594429365146
0.00000540181008901
0.00000126826283031
0.00000548393643360
0.00000220989372871
0.00000199512755595
0.00000178128365417
0.00000198658312804
0.00000323434150520
0.00001197278108331
0.00000010388971977
0.00000487244551029
0.00001137943598732
0.00001311029987869
0.00000175121961236
0.00000647615126294
0.00000430836401568
0.00000767737818203
0.00000541399709375
0.00001172282752724
0.00000071207683732
0.00000466963356908
0.00000040521265485
0.00000161749481573
0.00000262299843463
0.00001429606956438
0.00000251173485579
0.00000060157850400
0.00000490282398116
0.00000049926513462
0.00000229193245810
0.00000029833891671
0.00000029773254419
0.00000415979961383
0.00000197684707688
0.00000364977894413
0.00000590662812761
0.00000245614299812
0.00000098048432014
0.00000029355598639
0.00000449218763169
0.00001237758843416
0.00000311254994646
0.00000184440218338
0.00000232514896905
0.00000299736988309
0.00000096498288078
0.00000279293040693
0.00000009611854321
0.00000115115441766
0.00000995710764269
0.00000372660857312
0.00000438690164159
0.00000009518175076
0.00000075997104432
0.00000843825872896
0.00000350124176173
0.00000368335977310
0.00000028278811519
0.00000385732805389
0.00000112680315117
0.00000506088024521
0.00000355453755578
0.00000056016940818
0.00000316823682603
0.00000195312470134
0.00000640521061870
0.00000667101486893
0.00000369910069642
0.00000719961043733
0.00001022626801884
0.00000478166162217
0.00000339594136703
0.00000137414951050
0.00000064006869937
0.00000182535082837
0.00000555693176900
0.00000145484133994
0.00000798675612622
0.00000534482220273
0.00000515408025253
0.00000370046748613
0.00000090088831853
0.00000296745551985
0.00000771915169868
0.00000026877824852
0.00000053657237510
0.00000392767410755
0.00000873203739137
0.00000311290369925
0.00000284090954136
0.00001045684029289
0.00000035382745475
0.00000097126422485
0.00000405432037491
0.00000466286551182
0.00000149294578314
0.00001016887391959
0.00001085069394829
0.00000026204768424
0.00000819614904620
0.00000287224213411
0.00000695062329431
0.00000060709872107
0.00000320326298993
0.00000509886561537
0.00000207045107059
0.00000180844962009
0.00000077368563069
0.00000205953371376
0.00000171326810615
0.00000530182850112
0.00000256091621990
0.00000255644575668
0.00000093573003474
0.00000365149397618
0.00000110202306018
0.00000084624193409
0.00000447731881555
0.00000379493260492
0.00000033674630498
0.00000117658070478
0.00000083897184564
0.00000795655616260
0.00000108692807609
0.00000191973888902
0.00000158316510873
0.00000066546061729
0.00000622807782481
0.00000737810443909
0.00000802767545468
0.00000289168320119
0.00000486631718841
0.00000905749435780
0.00000073981938920
0.00000558035645133
0.00000426017128340
0.00000523450516125
0.00000122478503784
0.00000309761131220
0.00000325520904941
0.00000812448075421
0.00000129775674930
0.00000032390059609
0.00000711403219237
0.00000185627508622
0.00000660710527809
0.00000096529990921
0.00000505949396998
0.00000865917411758
0.00000016009297709
0.00000351626355210
0.00000558491703153
0.00000605373242567
0.00000906580900745
0.00000651041745400
0.00000158532794180
0.00000403603546760
0.00000537267314704
0.00000425964176289
0.00000338646592354
0.00000243747402408
0.00000109902450212
0.00000916996807653
0.00001032902561384
0.00000875000083294
0.00000163800335586
0.00000770970478926
0.00000365433504221
0.00001148896973744
0.00000379774220034
0.00000882156213561
0.00000007726055548
0.00000439684624755
0.00000000000087277
0.00000146099813862
0.00000445288020536
0.00000590229993838
0.00000336745778666
0.00000481403959855
0.00000061035066380
0.00000510372067675
0.00000144507002716
0.00000174657276660
0.00000750618600199
0.00000363372001030
0.00000226755906038
0.00000083015452184
0.00000082887155977
0.00001030732283064
0.00000593449425146
0.00000682543777293
0.00000074889857181
0.00000239280340346
0.00000223982320504
0.00000738012785536
0.00000387052113815
0.00000423622905325
0.00000163255031816
0.00001118823403749
0.00000503077749685
0.00001211469463170
0.00000545812976616
0.00000279859639342
0.00000080889866344
0.00000110138527652
0.00000102641603641
0.00000139090509986
0.00000950248042967
0.00000445219178724
0.00000575734506073
0.00000130984435478
0.00000065394913181
0.00000290211635183
0.00000065200656698
0.00000007233692223
0.00000707863246134
0.00000137035991910
0.00000079219566606
0.00000035956015029
0.00000093347780046
0.00000043020480811
0.00000028638303220
0.00000243068157892
0.00000635336821671
0.00000235230491076
0.00000348772429666
0.00000938182205800
0.00000184524782007
0.00000446468958138
0.00000021229729285
0.00000544104900766
0.00000642103845470
0.00000204331369838
0.00000063321887120
0.00000512870841690
0.00000940081828863
0.00000322251501789
0.00000265826355850
0.00000139708399169
0.00000285993416920
0.00000076620339218
0.00000285178621897
0.00000430631997957
0.00000332919148863
0.00000360150594094
0.00000394221290329
0.00000552510492374
0.00000448280924794
0.00000482083156020
0.00000151298298616
0.00000384581692469
0.00000829803692120
0.00000020544911043
0.00000642835377363
0.00000710227391330
0.00000722874357310
0.00000415413496472
0.00000727661592468
0.00000115449094237
0.00000481499686278
0.00000474059586662
0.00000426062465584
0.00000040521386876
0.00000337210929662
0.00000121228570261
0.00000215220507993
0.00000308953870931
0.00000590230205399
0.00001105163446356
0.00001290935235946
0.00000414137435871
0.00000186774372931
0.00001265667508389
0.00000053218789800
0.00000232515006227
0.00000344981443534
0.00000046376906791
0.00000396976499771
0.00000310544358636
0.00000415698775140
0.00000573285550930
0.00000631738671999
0.00001215774182384
0.00000039377392001
0.00000104865900289
0.00000026181171476
0.00000424876718798
0.00000280696311087
0.00000625834316194
0.00000052083203288
0.00000058515598671
0.00000051944683162
0.00000654932484894
0.00000161897097466
0.00000375103345227
0.00000639415790717
0.00000767575412706
0.00001114415122617
0.00000019299521333
0.00000128494932668
0.00000333648293739
0.00000531854771128
0.00000396768646479
0.00000881973851272
0.00000070210510446
0.00000305972449928
0.00000611147192022
0.00000139872097549
0.00000577809925947
0.00000722910038714
0.00000069663855157
0.00000018974523267
0.00000012633271796
0.00000845344662447
0.00000258316669844
0.00000509674878230
0.00000276504044586
0.00000244768097403
0.00000651877268183
0.00000269180550066
0.00000025007863237
0.00000368396199903
0.00000118484454611
0.00000336316307274
0.00000012440146156
0.00000820014453728
0.00000787950541937
0.00000204483405912
0.00000024754294395
0.00000976562641880
0.00000253091276928
0.00000635012089249
0.00000671155673798
0.00000399726607104
0.00000036851558371
0.00000042939162351
0.00000410474683647
0.00000538455369678
0.00000116112081177
0.00000207519386595
0.00000457192326576
0.00000103500867890
0.00000346600783705
0.00000376535438033
0.00000624757521792
0.00000357426867750
0.00000508248287819
0.00000628480963656
0.00000374207980224
0.00000018084638101
0.00000018062044111
0.00000450998543608
0.00000654645366485
0.00001511632222581
0.00000557179682599
0.00000646254446635
0.00000191248619227
0.00000113415109746
0.00000160971690920
0.00000619283686585
0.00000083263700808
0.00000023760795289
0.00000094926945211
0.00000379247723853
0.00000213068030522
0.00000153696428793
0.00000212553053865
0.00000294855979360
0.00000777480245748
0.00000211784791130
0.00000117516393499
0.00000657301835775
0.00001113726587358
0.00000257606568457
0.00000736807480889
0.00000210264499018
0.00000140008806231
0.00000419525501732
0.00000325908665182
0.00000581287047290
0.00000034835916337
0.00000197168045126
0.00000544465294937
0.00000196701133567
0.00000080898512313
0.00000023086740495
0.00000311301071809
0.00000057580493144
0.00000195542707362
0.00000321691018924
0.00000011475312247
0.00000607485904176
0.00000835745005854
0.00000697544801368
0.00000239857614892
0.00000068450483532
0.00000660917603804
0.00000876402084119
0.00001136859560897
0.00000613190566920
0.00000011342349496
0.00000135948215453
0.00000577110934364
0.00000305175942137
0.00001004787010832
0.00000045106974289
0.00000630767174276
0.00000270017442929
0.00000471986640766
0.00000796964636562
0.00000302723000512
0.00000212783276281
0.00000559313983640
0.00000145255454971
0.00000803571265131
0.00000044591731310
0.00001803912321848
0.00000678477527448
0.00000299967839062
0.00001187411057012
0.00000387964506025
0.00001096141416602
0.00000221192124484
0.00000441883649641
0.00000452418619607
0.00000473952620779
0.00000693612432497
0.00000010997159078
0.00000999630738916
0.00000526685226442
0.00000394570540033
0.00000963425055148
0.00000688952100159
0.00000688181459819
0.00001222067207020
0.00000937325445703
0.00000849184950960
0.00000228371908267
0.00000010862595395
0.00000694444613448
0.00000845414986089
0.00000682077851627
0.00001405903761686
0.00000777792971725
0.00000615072343731
0.00000107788525703
0.00000107669344376
0.00000570019790732
0.00000451216825766
0.00000214628949734
0.00000332309790224
0.00000781678488452
0.00000352974569368
0.00001388984034130
0.00000480276811541
0.00000149256104885
0.00000553776072287
0.00000127655055934
0.00000180647949928
0.00000774880940890
0.00000752833024164
0.00000254202993609
0.00000454953451214
0.00000063412975287
0.00000295608282377
0.00000210920800823
0.00000347643433736
0.00000841864399018
0.00000189215379274
0.00000084005551632
0.00000660831942407
0.00001257376433747
0.00000010467083718
0.00000679620759606
0.00000856450711054
0.00000709468659401
0.00001771778458443
0.00000655900363462
0.00002132005635025
0.00002108959264192
0.00000103779046738
0.00000352474965375
0.00000072491205994
0.00000289658190560
0.00000868055377274
0.00000134200099195
0.00000268116241602
0.00001040430332734
0.00000648297370989
0.00000534539294427
0.00000688009511731
0.00002215730221657
0.00000553351079343
0.00000368513970912
0.00000092031887840
0.00000234947225393
0.00000255110190344
0.00000509688333198
0.00000896115564578
0.00001169840675968
0.00000751983792190
0.00000710596595279
0.00000141971884759
0.00000526776270345
0.00000637548393003
0.00000181968350015
0.00000414054603389
0.00000665837885492
0.00000352731736022
0.00001530283688213
0.00001408019899139
0.00000060281819236
0.00000331208064068
0.00001513972848072
0.00000821314286551
0.00000060034764091
0.00000489780393943
0.00001088397693781
0.00000219452431914
0.00000279018042048
0.00000129411767001
0.00000537010113986
0.00000367576747406
0.00000645087202908
0.00000832804382712
0.00000851768695121
0.00000771751705930
0.00001008192241008
0.00000078994119800
0.00001065340722376
0.00000394172739868
0.00000364241874421
0.00000550729923527
0.00001375440328268
0.00000961840639862
0.00001696237889526
0.00000715035544239
0.00000489259957671
0.00000009775588709
0.00000058593561516
0.00000760957603548
0.00000575022020170
0.00000535503055408
0.00000797591075635
0.00000680192596712
0.00000184440044069
0.00001095844522311
0.00000978499934131
0.00000319390915006
0.00001150603151363
0.00001390949364502
0.00000183346523864
0.00001378563246012
0.00000134830923494
0.00000144319390206
0.00001182255973723
0.00000556938490332
0.00000911330618890
0.00000987104583311
0.00000488281441920
0.00000411284700172
0.00000009555213809
0.00002443792573943
0.00000286102102329
0.00000362042490166
0.00000038072805012
0.00000009508692009
0.00000579477554795
0.00001974004080690
0.00000796419709321
0.00000113663724770
0.00000492066569888
0.00000075629429321
0.00000443892239702
0.00000934103455280
0.00000348772126852
0.00000075337317315
0.00000649159848450
0.00000197380098487
0.00001295823512532
0.00000994386211910
0.00000890340286719
0.00001058020929170
0.00000299329306043
0.00001925089516882
0.00000410790912792
0.00000429053443726
0.00000903879216653
0.00000493401257092
0.00000399925398405
0.00000966341776437
0.00000454862564257
0.00001159262029661
0.00000222367370141
0.00000259182266831
0.00000564112609983
0.00000424993889100
0.00000341519768824
0.00000949819797026
0.00000294811122347
0.00000257716578062
0.00000358624448173
0.00001276972402252
0.00000284524589504
0.00000192561420534
0.00000916100105528
0.00000128133586824
0.00000310890883166
0.00000045676649753
0.00000757520643877
0.00000191482643031
0.00000601242037944
0.00000527871421210
0.00001118409366474
0.00000744912991411
0.00001551972203651
0.00000326427777619
0.00000489186950964
0.00000144810210587
0.00000153718372766
0.00000325219502357
0.00000640812932822
0.00000883685566645
0.00001045029779479
0.00000468029751698
0.00000143876409051
0.00000116792405827
0.00000430836194394
0.00000143480054305
0.00000439005363509
0.00000026853434087
0.00000393486518357
0.00000330583625510
0.00001231861492393
0.00001373430161600
0.00000686088821539
0.00000997037170671
0.00000400230736917
0.00000755302912192
0.00000106533886488
0.00000878108174592
0.00001267226995831
0.00000212488872125
0.00001627604371662
0.00001095870835579
0.00000158934017137
0.00000123504044634
0.00000608147921683
0.00000228950836914
0.00000835796940090
0.00000369177336754
0.00000193205017292
0.00000052645084989
0.00000280520439895
0.00001445137125270
0.00000743797809751
0.00000970442384915
0.00000139758704304
0.00000052362393409
0.00001255580564408
0.00003127439020954
0.00000200186401188
0.00000400016488663
0.00000269336424737
0.00001093750207961
0.00001751915172574
0.00000060656264140
0.00000502132991976
0.00000389240823371
0.00000656802888691
0.00000336745898444
0.00001535584352033
0.00000146527680378
0.00000284184645297
0.00000722742081411
0.00000859649878554
0.00000051533431553
0.00000283186171957
0.00000823090640079
0.00000051398236329
0.00000898677357386
0.00000923544430946
0.00000316122804467
0.00000298773702683
0.00001680199446489
0.00000085215088654
0.00000510843715746
0.00000391305320273
0.00000977412212627
0.00000424592179953
0.00000381801362655
0.00001212226231578
0.00000440426934826
0.00000126936412052
0.00000279017645132
0.00001799375752796
0.00000118166806914
0.00000371060229674
0.00000016851599372
0.00000555630175265
0.00000193461781175
0.00000327762153544
0.00000470227645930
0.00000033558635613
0.00000217945065656
0.00001021789450147
0.00000041840937650
0.00000618712329107
0.00002113518284884
0.00001452323503989
0.00001009086998882
0.00000866574017868
0.00001681718668862
0.00000540686007848
0.00001072140742850
0.00000473334079516
0.00000979051829119
0.00000339889959049
0.00000107678432058
0.00000844147460987
0.00000016537676265
0.00000239596336975
0.00000140334640793
0.00000412399920119
0.00000708729118805
0.00000123511493381
0.00001003712305401
0.00000452112052291
0.00000073919569183
0.00000861672577641
0.00000286982885836
0.00000139275069910
0.00000556632656073
0.00000776996747016
0.00000866239322656
0.00001200290246476
0.00000008158199539
0.00000285306022107
0.00000179185562235
0.00000675455511462
0.00000317118329219
0.00001722389549105
0.00000316591116097
0.00001573531156723
0.00000510568164366
0.00000404876876803
0.00000412631823703
0.00001374301750124
0.00000961215582725
0.00001041128396790
0.00000241922778492
0.00000999123130684
0.00000152965052784
0.00000627445208947
0.00000811792475965
0.00000385485416993
0.00000457387311069
0.00000408905700156
0.00000680950281504
0.00000720415179113
0.00000191953537168
0.00000175813436372
0.00000303429288315
0.00001228681797362
0.00000940688554824
0.00001075333690290
0.00001193841907956
0.00000182906436132
0.00002264608134082
0.00001167111501751
0.00001451754384660
0.00001117656978800
0.00000475212673763
0.00000031654964658
0.00000110703219452
0.00000284435901569
0.00000528938682055
0.00000220870133224
0.00000212810452325
0.00001126196854195
0.00001266934205349
0.00000888499115556
0.00000133560661212
0.00000949871662176
0.00001404053937840
0.00001520490346724
0.00000924092599563
0.00000172150664027
0.00000531675116837
0.00001695312276450
0.00000655725643321
0.00000405601262108
0.00001535377817654
0.00000327078125288
0.00000116720393424
0.00001197377811793
0.00000559367766092
0.00000690891023324
0.00000085322948604
0.00000387525026246
0.00000216842016998
0.00001485737150392
0.00000394336626414
0.00000594899399108
0.00000409152893193
0.00000362546674364
0.00000292891447815
0.00000046209807556
0.00000261648176788
0.00001799335404162
0.00000576256618467
0.00000790770174870
0.00000483295100392
0.00000743536823518
0.00000551470814531
0.00001040850539882
0.00000221772446558
0.00000336218474475
0.00000687182142310
0.00001022338640352
0.00000800460838631
0.00002361422354851
0.00000114173097086
0.00000486759897349
0.00000972762418546
0.00000994787389166
0.00000333867293788
0.00001440581555321
0.00000083337601723
0.00000075702291484
0.00000733745870911
0.00001164014353490
0.00000868559296268
0.00001675400660398
0.00000844594823013
0.00000459647244468
0.00000278587377384
0.00000180566484511
0.00001112634947849
0.00000135216117213
0.00000930774175258
0.00000397525212479
0.00000464672641047
0.00001385460831345
0.00000508859923798
0.00000964598717307
0.00000612686725454
0.00000462896368093
0.00000059682734227
0.00000596373815830
0.00000923674905890
0.00001012290626513
0.00001405714719991
0.00000542534491843
0.00000170805838844
0.00001320882178231
0.00000837901236754
0.00000111141638218
0.00000066634056455
0.00001538825988556
0.00000362237645921
0.00000775636104859
0.00000354308621307
0.00000619571606006
0.00001370872872992
0.00000626001370978
0.00000360599335006
0.00000213255133426
0.00001337354445575
0.00000925164705665
0.00000748379745377
0.00001517630679978
0.00001172167809728
0.00000571003793096
0.00001177726827446
0.00000855223380028
0.00001263614670092
0.00000489011350109
0.00000627216906786
0.00000123892024496
0.00000983116843800
0.00000356568786957
0.00000414475287962
0.00001395089519067
0.00000239602928619
0.00001291442469802
0.00001072986499420
0.00000478138675752
0.00000231652842513
0.00000513599303100
0.00001163778911043
0.00000216693096553
0.00001876616543304
0.00001406423332543
0.00001318899673331
0.00000280869511064
0.00000626093630537
0.00000841368045857
0.00000273064068496
0.00001235064103342
0.00000925617417474
0.00000552094570352
0.00002400208874200
0.00001303037704611
0.00000400640790278
0.00000257366633699
0.00000771534617407
0.00000756693400847
0.00000164067970982
0.00000071282170138
0.00001089817871294
0.00000363008162402
0.00001948857665094
0.00001684463464666
0.00000667613872659
0.00000880042024178
0.00000957414452166
0.00000864591129170
0.00001048087145492
0.00000594429111066
0.00000388928097096
0.00000183723532956
0.00000494283023991
0.00000359860695940
0.00000133969100033
0.00001493731725170
0.00000556224978893
0.00000358823634464
0.00000520270640747
0.00000512870715564
0.00000456337379058
0.00000329729916599
0.00000154231214254
0.00000203158864289
0.00000938060273965
0.00000279817097028
0.00000321559353678
0.00000440082051698
0.00000362982249006
0.00000397600207854
0.00000278818939590
0.00001629926237322
0.00000083526133218
0.00000333867282437
0.00000278024672012
0.00001208547947234
0.00000777362944881
0.00000076294184597
0.00000187134288344
0.00000249335345844
0.00000193789625794
0.00000712365236095
0.00001340786207547
0.00000048344438404
0.00000338173346671
0.00000641386147722
0.00000475531732665
0.00000020660941856
0.00000929076614455
0.00002180072863571
0.00000467320789332
0.00000515064850214
0.00000528428297518
0.00000514341445037
0.00001439144977609
0.00000130116782285
0.00002094100144476
0.00000588126116378
0.00001284771059866
0.00000703398405535
0.00000757501551557
0.00000347798338438
0.00000776888762042
0.00000524374322612
0.00000129301199816
0.00000782065827227
0.00000815501285637
0.00000760604765070
0.00002239511187063
0.00000766330053085
0.00000982662022148
0.00001713386113531
0.00001407657415349
0.00000967094200129
0.00000797469480708
0.00001148102766759
0.00001336277400756
0.00000020232891205
0.00002176878207842
0.00000390624757108
0.00001164336852129
0.00000242122690826
0.00000154583433093
0.00000470146765028
0.00001912854138132
0.00000778030319795
0.00000308317361194
0.00000971203888816
0.00001164646405389
0.00001384578095318
0.00001310104624360
0.00000714721088615
0.00000680857215940
0.00000386889270979
0.00000259972513753
0.00000599526529321
0.00000379441706459
0.00000086480086007
0.00000073126095374
0.00000292304666305
0.00000272189656582
0.00000709865159512
0.00000563529182320
0.00000563146869689
0.00000867320160193
0.00000052929971781
0.00000099177208541
0.00000891988996871
0.00000052822608017
0.00000138566546018
0.00000830836673509
0.00000309706301507
0.00000059265179232
0.00000289547078545
0.00000000000245741
0.00000170865824555
0.00000164183093037
0.00001122259078615
0.00000714877608205
0.00000091757796473
0.00000943158707504
0.00001570878262377
0.00002132346538618
0.00000065365875636
0.00000111047487333
0.00000920422965287
0.00000182657227315
0.00000880079442818
0.00001739441124091
0.00000696614830253
0.00000897839187704
0.00000221059173694
0.00000168932720243
0.00000149341586993
0.00000428260214086
0.00000220472524943
0.00000187924852070
0.00000563401689848
0.00001119584328256
0.00000730805297363
0.00000510578425290
0.00000684627397319
0.00000580902759343
0.00000393462846448
0.00000309406188672
0.00000360735736281
0.00000218873847440
0.00001421740940753
0.00000912915321068
0.00002261513406349
0.00001373993509544
0.00000153991707218
0.00000884869252296
0.00000506223591937
0.00000275358855394
0.00000031997211768
0.00000844179515253
0.00001259049570960
0.00000459859634356
0.00000057445102154
0.00000829217264309
0.00000478082413200
0.00000509621407443
0.00000190983290253
0.00000057257985743
0.00000553130853853
0.00001029297896001
0.00002292191313904
0.00000399762676783
0.00001141436438351
0.00000722440535171
0.00000310321166885
0.00001303770812682
0.00000461716976288
0.00000511983972974
0.00000328468879118
0.00001350900686822
0.00000119862572897
0.00000605229430734
0.00000409525958984
0.00000491114854245
0.00000302029890012
0.00001370834423909
0.00001018038378394
0.00002725582546365
0.00000840998302854
0.00000451589846575
0.00001447920260897
0.00001346767008878
0.00001014122344734
0.00000950913127848
0.00000037511752280
0.00000762255826420
0.00000000000251704
0.00000661441441513
0.00002519356389270
0.00000623204917192
0.00000672632586172
0.00000049792609634
0.00001517714716016
0.00001286749827360
0.00001602754995813
0.00002228772395455
0.00000347443073254
0.00000310019588782
0.00000520503107887
0.00000284856784016
0.00000699312564156
0.00000278310782696
0.00001260878417393
0.00000796815449176
0.00001264222756142
