-nan
0.00000028610229688
0.00000028610229421
0.00000025431315625
0.00000038146973402
0.00000038146971775
0.00000006357827805
0.00000032697404708
0.00000076293945650
0.00000008477105966
0.00000053405763126
0.00000006935811414
0.00000012715659672
0.00000058687652623
0.00000087193077738
0.00000000000002823
0.00000095367428639
0.00000089757585880
0.00000110202362151
0.00000048185653097
0.00000083923343382
0.00000079926993968
0.00000104037201887
0.00000126050869987
0.00000139872236969
0.00000042724605407
0.00000199538007210
0.00000033908417507
0.00000010899136770
0.00000000000000882
0.00000020345052178
0.00000177198840084
0.00000104904176137
0.00000129468511277
0.00000125660618400
0.00000008719311203
0.00000042385521463
0.00000049487960302
0.00000064247537607
0.00000078250205495
0.00000022888189207
0.00000014886629507
0.00000014532173631
0.00000063873993919
0.00000048550699642
0.00000067816832762
0.00000059708312874
0.00000149341347924
0.00000044504809900
0.00000031140377083
0.00000103759774663
0.00000299191933095
0.00000211275550419
0.00000000000009803
0.00000045211216810
0.00000521573163682
0.00000119890474995
0.00000053539600035
0.00000168372833910
0.00000124139289729
0.00000203450509521
0.00000110063408016
0.00000019688748400
0.00000174386148858
0.00000247955334292
0.00000065730180460
0.00000092477497119
0.00000127536159894
0.00000071806078832
0.00000238833207307
0.00000008719320980
0.00000197719507164
0.00000339084214605
0.00000050165868503
0.00000420647711953
0.00000439453138597
0.00000160618818520
0.00000198166077886
0.00000172150426757
0.00000193149214579
0.00000038146958488
0.00000180844921681
0.00000327505730841
0.00000154426313424
0.00000058128734814
0.00000351849709592
0.00000141942238603
0.00000077170872355
0.00000034679051104
0.00000048005164038
0.00000006781668907
0.00000181093305538
0.00000059708289741
0.00000367523536871
0.00000370106783093
0.00000218441627363
0.00000101725244820
0.00000408998485386
0.00000068508864594
0.00000345249384500
0.00000341796859118
0.00000271938799025
0.00000131644438640
0.00000071108904494
0.00000035212604530
0.00000046502962808
0.00000380030230559
0.00000034225332694
0.00000158239283497
0.00000067194676985
0.00000110973020004
0.00000263935803068
0.00000566755015460
0.00000140434878784
0.00000396193114372
0.00000095533283733
0.00000220989362325
0.00000406901044348
0.00000237933661846
0.00000246192227999
0.00000213623046534
0.00000191680656405
0.00000090051868722
0.00000208412730544
0.00000049221902805
0.00000097656253311
0.00000465029765911
0.00000211460388549
0.00000257492060065
0.00000160867847654
0.00000084510223027
0.00000000000007325
0.00000009247758905
0.00000082603979447
0.00000382608451361
0.00000099464708876
0.00000125660605410
0.00000124743396023
0.00000168067833124
0.00000316153339476
0.00000139508915871
0.00000311668896234
0.00000094561523486
0.00000068291069574
0.00000000000014874
0.00000437769411950
0.00000685600369358
0.00000157777938505
0.00000024743965333
0.00000524328841634
0.00000056966127916
0.00000153598424858
0.00000361392391411
0.00000327116543042
0.00000348772341243
0.00000551285302531
0.00000375600940813
0.00000116627708275
0.00000169971342817
0.00000522061691786
0.00000129699684550
0.00000265370267472
0.00000090422477031
0.00000396915716289
0.00000238185999761
0.00000480883073799
0.00000161779957185
0.00000292383956685
0.00000087193054615
0.00000079454075684
0.00000093347912539
0.00000064247559781
0.00000042582639893
0.00000303411731767
0.00000154341802416
0.00000279017828793
0.00000013871655126
0.00000786215601092
0.00000411472934078
0.00000006819600280
0.00000128851966439
0.00000269768676834
0.00000281700751912
0.00000286831912918
0.00000033171249158
0.00000349714981058
0.00000032814568082
0.00000502642495603
0.00000246737898370
0.00000019376207092
0.00000122070279208
0.00000063911124783
0.00000406901075560
0.00000252995432133
0.00000339783309591
0.00000219100526127
0.00000037368427953
0.00000030982348158
0.00000117138214284
0.00000208562307065
0.00000494384729450
0.00000352242729234
0.00000132947901817
0.00000036079932305
0.00000179515202690
0.00000226276639318
0.00000272584230732
0.00000330238564598
0.00000035212551862
0.00000327078387816
0.00000337146538598
0.00000381831270211
0.00000126676700111
0.00000091696048908
0.00000239577209073
0.00000533702721632
0.00000248661787918
0.00000247515800548
0.00000257579599184
0.00000267551328936
0.00000077681066800
0.00000298271393190
0.00000461887710522
0.00000339388354605
0.00000261579283115
0.00000195312542261
0.00000324080518140
0.00000451713889028
0.00000235574244379
0.00000319834923024
0.00001114555070494
0.00000369910081405
0.00000441978673942
0.00000083825063363
0.00000469501157789
0.00000602559884759
0.00000031034780681
0.00000339942597679
0.00000707802697232
0.00000153226378795
0.00000020345006779
0.00000729382825577
0.00000413626633038
0.00000030140772034
0.00000230132602405
0.00001046316918050
0.00000238185929192
0.00000039536989918
0.00000127976987301
0.00000274535689524
0.00000078125047130
0.00000661416785365
0.00000155009968113
0.00000125447799626
0.00000115341979739
0.00000344669069658
0.00000514984082703
0.00000313487913739
0.00000832727761667
0.00000735249807340
0.00000460111226700
0.00000084186471391
0.00000186366938450
0.00000148526566674
0.00000675085868583
0.00000230321294729
0.00000174386110949
0.00000393185326137
0.00000473705740372
0.00000226896441411
0.00000822844379080
0.00000243239686559
0.00000341078763664
0.00000053657229398
0.00000035641018122
0.00000461647778387
0.00000451129364503
0.00000361363431365
0.00000702562898097
0.00000673793071075
0.00000174386212539
0.00000686373947146
0.00000225094245365
0.00000327821281683
0.00000747895628961
0.00000933730863915
0.00000307309930268
0.00000263705848789
0.00000000000052912
0.00000000000053043
0.00000378838847688
0.00000109066311895
0.00000785932095540
0.00000266638278817
0.00000224210831749
0.00000628972403813
0.00000808303474548
0.00000065761730447
0.00000385054060061
0.00000130643758398
0.00000382487033600
0.00000656989667207
0.00000420374531418
0.00000459274497864
0.00000160618887151
0.00000576331912182
0.00000303181223450
0.00000190859175787
0.00000673764656469
0.00000102712828807
0.00000267767081486
0.00000023550598329
0.00000406900985829
0.00000343200934544
0.00000513161767187
0.00000317770281130
0.00000185423203212
0.00000531410136826
0.00000122838106815
0.00000321439124007
0.00000289916935472
0.00000517182575577
0.00000697544585929
0.00000158729141883
0.00000670633141165
0.00000270432749550
0.00000224669344156
0.00000709277102556
0.00000870867415773
0.00000608496332926
0.00000103574752853
0.00000132765352415
0.00000441218054941
0.00000029326259253
0.00000621315903676
0.00000225921233622
0.00000000000058346
0.00000086934405624
0.00000346708638420
0.00000180044767336
0.00000272862992741
0.00000343658298948
0.00000342653449854
0.00000163709397986
0.00000702613948891
0.00000219372794704
0.00000282243437822
0.00000147750751140
0.00000126279693091
0.00001252182634776
0.00000383649493922
0.00000166933820423
0.00000152587950453
0.00000774610541503
0.00000193105519093
0.00000123789552585
0.00001220703185178
0.00000382965626011
0.00000143211041495
0.00000034002932997
0.00000318739088786
0.00000459877016959
0.00000532793015970
0.00000208494809393
0.00000093900179531
0.00000354505504133
0.00000220126732015
0.00000345921382626
0.00000092879646779
0.00001025522889281
0.00000805004284315
0.00000598835556705
0.00000538159503706
0.00000137451764828
0.00000189306963396
0.00000585937561737
0.00000350627431537
0.00000038855333775
0.00000639415984588
0.00000193251216398
0.00000032123704327
0.00000025631623876
0.00000306773497938
0.00000363342382171
0.00000171661439374
0.00000272676479713
0.00000297269735497
0.00000435289549077
0.00001082272810997
0.00000633886907007
0.00000732421937861
0.00000368396276582
0.00000429737387621
0.00000428643908495
0.00000167304426068
0.00000166880870329
0.00000086312405457
0.00000381277613733
0.00000723834077244
0.00000048950564747
0.00000012207094812
0.00000395739104075
0.00000176121410092
0.00000042406496408
0.00000471360676458
0.00000174816807728
0.00000408905416329
0.00000269934287932
0.00000370998072678
0.00000173106980456
0.00000035727832544
0.00000700938957924
0.00000059257494974
0.00000815772609118
0.00000342032819328
0.00000541227468285
0.00000328650783716
0.00000362990800694
0.00000093450901324
0.00000396218620805
0.00000476655559570
0.00000475523360227
0.00000485967069215
0.00001212045706685
0.00001623765427916
0.00000298713186588
0.00000057309958131
0.00000445971118332
0.00000171126652123
0.00000443892000595
0.00000056776933444
0.00000271896794704
0.00000621654411235
0.00000259364133280
0.00001395089245563
0.00000168372805604
0.00000078393740371
0.00000067040866511
0.00000178367543446
0.00000378167746257
0.00000388405505129
0.00000188226365940
0.00000176753360825
0.00000385775285896
0.00000340917120018
0.00000877809018931
0.00000021895990896
0.00000000000028404
0.00000337873213912
0.00000772115090270
0.00000097656224211
0.00000541331737824
0.00000734582435570
0.00000172461345444
0.00000161326426542
0.00000407795351178
0.00000696014919030
0.00000801336863367
0.00000191900908963
0.00000297862218586
0.00000031844412028
0.00000105917858142
0.00000274790329523
0.00000759314240009
0.00000052616499974
0.00000294018830426
0.00000094303258121
0.00000052278494817
0.00000511234631289
0.00000104111130719
0.00000457114352491
0.00000414676229226
0.00000848285230088
0.00000082584559751
0.00000329641356274
0.00000421463821074
0.00000348772316919
0.00000255912608559
0.00000347313025981
0.00000173293969614
0.00001047770183732
0.00000071059640691
0.00000222866960656
0.00000272952252381
0.00000221946021149
0.00001268524486861
0.00000421971453686
0.00000401052365206
0.00001100633960616
0.00001008515459953
0.00000378667085823
0.00001004407466009
0.00000406901049135
0.00000772534221018
0.00000256990140490
0.00000029592812658
0.00000098443810745
0.00000029473728357
0.00000166682342656
0.00000107637136832
0.00000654296861830
0.00000331368526843
0.00000116720632096
0.00000019414776692
0.00000494094106071
0.00000019337887928
0.00000800935664560
0.00000558586063375
0.00000096118374990
0.00000259009719762
0.00000622319220151
0.00000506436500809
0.00000066757223536
0.00000352171639738
0.00000322987619996
0.00000255992088268
0.00000378512572857
0.00000680004810891
0.00000245083227542
0.00000479813971092
0.00001117412833921
0.00000309276004367
0.00000402224046146
0.00000130706290539
0.00000288868707664
0.00000651041696533
0.00000705501395354
0.00000481795509663
0.00000027743221077
0.00000064611918024
0.00000350088410380
0.00000413797703131
0.00001211524940275
0.00000219864012364
0.00000603493644281
0.00000009126788444
0.00000118426459294
0.00000018185558744
0.00001025572180128
0.00000606954468038
0.00000307436381734
0.00000541531925139
0.00000216213139971
0.00000530544963668
0.00001023236401485
0.00000197104399919
0.00000786973400514
0.00000874800089000
0.00000124743341155
0.00000186774293098
0.00000150923340499
0.00000487395031509
0.00000796110779895
0.00000044148348344
0.00000035255011245
0.00000219946461092
0.00000017564122226
0.00000289286867466
0.00000376274131156
0.00000559034039443
0.00000444684760558
0.00000165371495051
0.00000625556101673
0.00000026018486671
0.00000086574742673
0.00000207411557932
0.00000595254473329
0.00000146398312979
0.00000868246644054
0.00000600697551295
0.00000376918915878
0.00000025654062897
0.00000239018736402
0.00000673197592743
0.00000272212485181
0.00000178328863251
0.00001161363330323
0.00000313109233800
0.00000802538326192
0.00000716820548920
0.00000168372906360
0.00000294145269273
0.00000327198713202
0.00000008375384700
0.00000108692680404
0.00000859708803405
0.00000191646159776
0.00000324411798526
0.00000290643666835
0.00000298440218952
0.00000339314155638
0.00000570074488679
0.00000833047470530
0.00000387002070688
0.00000526094344750
0.00000049238514530
0.00000532521427836
0.00000523450516125
0.00000473583750440
0.00000211941849083
0.00000472005279941
0.00000292481209104
0.00000502880949016
0.00000971704053160
0.00000072757213443
0.00000702156434242
0.00000628480742331
0.00000249369261925
0.00000337299472245
0.00000641420437173
0.00000384221387873
0.00000039957472232
0.00000191482765800
0.00000007965358574
0.00000326050919287
0.00001452934372484
0.00001355456146566
0.00000846776156160
0.00000932317029955
0.00001128016538572
0.00000212638527838
0.00000133668056529
0.00000274756248443
0.00000431066996520
0.00000156500317795
0.00000734374916704
0.00000280800635106
0.00000093451041128
0.00001049649099281
0.00000496820264682
0.00000356522731939
0.00000092858643807
0.00000896212334483
0.00000316264403586
0.00000754756419031
0.00000346025994964
0.00000199611743614
0.00001142133624685
0.00000122452889046
0.00000313294788189
0.00000495910734400
0.00000936951450264
0.00000212957463794
0.00000668254185679
0.00000962914978992
0.00001423207456333
0.00000181404891175
0.00000301874126836
0.00000097957564928
0.00000157995380138
0.00000353064809762
0.00000397525347130
0.00000381937882487
0.00000373875287525
0.00000731675171850
0.00001133110783164
0.00000922970752038
0.00000416191116744
0.00000267144659476
0.00000770580522653
0.00000236742522412
0.00000251158184332
0.00000398295982658
0.00000876402342961
0.00000073536233061
0.00000271675382122
0.00000102641804767
0.00000256219647435
0.00000745579052839
0.00000591192646586
0.00000553871166521
0.00000785907125492
0.00000108991453360
0.00000137850472479
0.00000253558616299
0.00000499131840371
0.00000967894681045
0.00000223585315328
0.00000633757269408
0.00000834176993070
0.00000394933257987
0.00001240420690260
0.00000393775094874
0.00000357453223777
0.00000049970195872
0.00000071281826442
0.00000512481670187
0.00000270082678872
0.00000681322565437
0.00000786635866701
0.00000969485850425
0.00000487574730202
0.00000007055976974
0.00000535488927557
0.00000499538343427
0.00000007025517949
0.00000463025435185
0.00000063049341109
0.00000013990754131
0.00000558834161631
0.00000495256583079
0.00000160206287863
0.00000459067727817
0.00000131968019823
0.00000263560787216
0.00000561004104486
0.00000020748379565
0.00000124314771017
0.00000655179759540
0.00000117077193063
0.00000178807335186
0.00000315906176728
0.00000390899432879
0.00000725915905927
0.00000656512723301
0.00000532670335942
0.00000340978407590
0.00000565234800517
0.00000612051586500
0.00000258062533041
0.00000908745539415
0.00000209940741309
0.00000236701316000
0.00000148577852404
0.00000323722254039
0.00000518588484054
0.00000228671782098
0.00000463430745071
0.00000342065038419
0.00000053583799581
0.00000234107324988
0.00001255771327799
0.00000053363946741
0.00000632833691882
0.00000319311864150
0.00000637755227315
0.00000437860777933
0.00000390889884253
0.00000092628005648
0.00000204827173251
0.00000448690751491
0.00000184505862699
0.00000184257202997
0.00000065717658126
0.00000262516672914
0.00000426017069509
0.00000379628725095
0.00000634046732185
0.00000202362420713
0.00000384627290159
0.00000123698046712
0.00000097526345403
0.00000305175650582
0.00000285317196050
0.00000362649335529
0.00000174617267355
0.00000923600909016
0.00000180605878361
0.00000650612352169
0.00000321661035320
0.00000044973406148
0.00000269484919138
0.00000173012907612
0.00000441564823376
0.00000249253383341
0.00000319138206524
0.00000191233000463
0.00000986748424013
0.00000362396104710
0.00000584159758707
0.00000323406925571
0.00000563645159109
0.00000025299683339
0.00000461119558087
0.00000914738638545
0.00000176411427908
0.00000276860640454
0.00000666123574830
0.00001142251628892
0.00000106557022573
0.00000062600021220
0.00000293844169413
0.00000337176450352
0.00001577715776448
0.00000647719885326
0.00000466510607939
0.00000173942289273
0.00000161312879282
0.00000427556058196
0.00000445579989508
0.00000358485110235
0.00000290129329898
0.00000733654766017
0.00000160092070394
0.00000239835735464
0.00001191529231325
0.00000552076933754
0.00000073518023378
0.00000195802149118
0.00000128334101551
0.00000189208839720
0.00000225547998017
0.00000024353324753
0.00000158098682211
0.00000212560391392
0.00000309346031109
0.00000617924016244
0.00000435641117384
0.00000169206520587
0.00000211246670579
0.00000162760564027
0.00000054186427588
0.00000781730917376
0.00000048047503633
0.00000101975051207
0.00000341497464639
0.00000203450669785
0.00000848664936463
0.00000501413359079
0.00000482915372238
0.00000011909148780
0.00000785056183478
0.00000201965330015
0.00000308512911189
0.00000237029884047
0.00000224905454326
0.00000496557354942
0.00000212553053865
0.00000035382851341
0.00000883500300030
0.00000176487351371
0.00000035255116729
0.00000446026294910
0.00000668235891080
0.00000491794218336
0.00000304079495158
0.00000350441242608
0.00000128341701535
0.00000874011629416
0.00000744934600609
0.00000069754309195
0.00000023223685327
0.00000197168045126
0.00000625556205654
0.00000566961484915
0.00000080898824964
0.00000530991586830
0.00000000000156815
0.00000886737018647
0.00000793672860482
0.00000425092069310
0.00000378690353374
0.00000447017887744
0.00000297662502924
0.00000205832686921
0.00000228435513762
0.00000444929335393
0.00000603941962030
0.00000443892204923
0.00000318320881476
0.00000919785450519
0.00000827979980156
0.00000294554974802
0.00000543163544198
0.00000214753488434
0.00000790281630784
0.00000067660380756
0.00000135164198271
0.00000056253438407
0.00000314657490418
0.00000572467834700
0.00000538174674573
0.00000291176729452
0.00000704735987721
0.00000815664167453
0.00000189731979418
0.00000601990745858
0.00000244975933565
0.00000189084019476
0.00000644375546684
0.00000155362380486
0.00000354710720989
0.00000409669240992
0.00000011059763216
0.00000000000165479
0.00000242761133732
0.00000495996589152
0.00000275242928551
0.00000956767480560
0.00000483338186841
0.00000219452414006
0.00000416491134871
0.00000886788984520
0.00000590530682594
0.00000032770385994
0.00000621944664485
0.00000261579409206
0.00001132246208457
0.00000521993487055
0.00000173804058131
0.00000086805724560
0.00000444384542210
0.00000259839076683
0.00000562361742187
0.00000043210560222
0.00000010790915937
0.00000194018869440
0.00001302801300605
0.00000602285071569
0.00000096689527368
0.00000332675308507
0.00000053598209544
0.00000074955626611
0.00000427847582876
0.00000373957021666
0.00000960553450885
0.00000447768659470
0.00000511177926159
0.00000840396749833
0.00001445184810644
0.00000498896233021
0.00000180256009493
0.00000370712619422
0.00001354279349433
0.00000824370767493
0.00000823479555459
0.00000653854116157
0.00000158019647328
0.00000494595406562
0.00000021024125569
0.00000756048211807
0.00000986002778321
0.00000702035449296
0.00000031400547578
0.00000261392708215
0.00000877339748487
0.00000114767136966
0.00000187600230058
0.00000510144766447
0.00001144002751551
0.00000820728235803
0.00000435872919255
0.00000103668877512
0.00000434948481173
0.00000651731507532
0.00000144676104206
0.00000536799861351
0.00000876534272224
0.00000875609657629
0.00000113194631264
0.00000657894916098
0.00000246450924650
0.00001415605124975
0.00000758296349826
0.00001197670810534
0.00001492964479460
0.00001195165583132
0.00000214292892205
0.00001314995613989
0.00000132380916129
0.00000661214373886
0.00000548744615716
0.00000873018269583
0.00000466478634499
0.00000496385321174
0.00001447134249480
0.00000828965914994
0.00000757416441076
0.00000675926341071
0.00000544214579159
0.00001067171208689
0.00000010057469550
0.00000120563088171
0.00000100365952044
0.00000370973250487
0.00000010016209629
0.00000130074738983
0.00000259883756516
0.00001158294805233
0.00000418954474814
0.00000189333730824
0.00001184617284984
0.00000009944813580
0.00001192141589315
0.00001141307614162
0.00001239292326874
0.00000752725473233
0.00000593655201371
0.00000711665166110
0.00000483837654719
0.00000118371025408
0.00000177377835731
0.00000728483935913
0.00000098344475390
0.00000451930519417
0.00000088332098829
0.00000049024034108
0.00001528021376735
0.00000009785007258
0.00000850460023141
0.00000839843561515
0.00000117070240911
0.00000048730474839
0.00000126573593793
0.00000223714327750
0.00000252643224181
0.00000077658856196
0.00000310327516355
0.00000096881010522
0.00000077427956632
0.00000125696353586
0.00000531265645385
0.00001244827502123
0.00000086762900506
0.00000645263381238
0.00000269396742798
0.00000297967095772
0.00000009602193050
0.00000153487421446
0.00000009583346030
0.00000038296760549
0.00000612145148014
0.00001318645844922
0.00000066822266030
0.00000371933175990
0.00000476371758459
0.00000371208160762
0.00000770219500187
0.00000018999077169
0.00000000000193425
0.00000075849708153
0.00000378879534663
0.00001154463614460
0.00000661755614240
0.00000226668084281
0.00000613300315184
0.00000009426473533
0.00000753375315277
0.00000028224154809
0.00001353464675000
0.00000469501397149
0.00000553479422092
0.00000309276227219
0.00000805219514981
0.00000271267556983
0.00001027960722347
0.00000112033742621
0.00000540980377823
0.00000782741131626
0.00001405728473486
0.00000744047815878
0.00000622547176057
0.00001206778557601
0.00000166933563376
0.00001324937934655
0.00001379221169185
0.00000582608507439
0.00000046195207398
0.00000867645519454
0.00000396526595894
0.00000110554046876
0.00000110450245688
0.00001186220184592
0.00000698200647785
0.00001073851820267
0.00000724398274993
0.00000174059181514
0.00000256267373141
0.00000246883977735
0.00001406834858356
0.00000794027253317
0.00001112424336425
0.00000091097047876
0.00000746301057742
0.00000681956852508
0.00000635901363504
0.00001288771871622
0.00000544045759984
0.00000788135057382
0.00001131327996083
0.00000108506742974
0.00000307151741025
0.00000018051264617
0.00001505871797154
0.00001441420866273
0.00000648041676871
0.00000647444549013
0.00001024177580371
0.00000215418401192
0.00000618758811626
0.00000134389537821
0.00000062657742062
0.00000554458765524
0.00000848796520874
0.00000303502260219
0.00000481592262059
0.00000106922697620
0.00000035608273681
0.00000489170855314
0.00000533155345313
0.00000053267249876
0.00001259508196885
0.00000505118739192
0.00000433831233866
0.00001583375997568
0.00001166572603330
0.00000935946181776
0.00000388155128644
0.00001850885399117
0.00000114475109885
0.00000395903510358
0.00000096689562435
0.00000526922418370
0.00000912511437188
0.00000788964111348
0.00000122617506439
0.00000105006927136
0.00000209825218399
0.00000462949815373
0.00000925072816598
0.00000017438823339
0.00000235211099461
0.00000713708986511
0.00000947865857728
0.00000017376349115
0.00000876736319072
0.00000182129981636
0.00000415927448700
0.00000640652495522
0.00000207595008491
0.00000155558419666
0.00000284938869267
0.00000845433757503
0.00001137742927508
0.00001360642427482
0.00001092717720347
0.00000507193342464
0.00000523925561410
0.00000583534919760
0.00000977420095741
0.00000059964574048
0.00000624794377931
0.00000812376650486
0.00001059437672345
0.00000051218102386
0.00000008528719446
0.00000502767990050
0.00002009317996475
0.00000161626408820
0.00000093491834368
0.00000356657397344
0.00000653304403489
0.00000737507926404
0.00000389608841408
0.00000685455269055
0.00000997700004437
0.00000388597746743
0.00000464226119792
0.00000632488453398
0.00000235925154160
0.00000218884485610
0.00000050468133458
0.00000352974184665
0.00000251907568544
0.00000335588274787
0.00000167650001278
0.00001758817752032
0.00000016736503203
0.00000234107662330
0.00000100246150526
0.00001093416346433
0.00000642146349865
0.00000616601110116
0.00001015691388386
0.00000158046956375
0.00000108044998171
0.00000174386375435
0.00001244556921938
0.00000572010507842
0.00000231923024933
0.00000604144812683
0.00000496136533165
0.00000561812821230
0.00000478788254486
0.00000618599772315
0.00000453256640686
0.00000938685492283
0.00000419584778023
0.00001249474121948
0.00001297703117946
0.00000492384670255
0.00000893747159554
0.00000286742128076
0.00000171901411313
0.00000008178698442
0.00002574202188761
0.00000498079753166
0.00001460356403379
0.00000130425926974
0.00000016289833928
0.00000821940321868
0.00000658630610650
0.00000032497702187
0.00000324708842614
0.00000551546708721
0.00000170189097043
0.00000056682513743
0.00000372177701913
0.00001026684303933
0.00000508878940874
0.00001154119537089
0.00000137089479566
0.00001563144814855
0.00000636013718855
0.00000297634589239
0.00000586741474649
0.00000578227576426
0.00000320973486090
0.00000994201340070
0.00000785095585031
0.00000112064769278
0.00000231943811533
0.00001182743233020
0.00001077971468018
0.00001124961923996
0.00000550063554825
0.00000007965215577
0.00000007959165498
0.00000302193828525
0.00000564165701214
0.00000452553132392
0.00000428386253028
0.00000110972789866
0.00000237606226075
0.00000870517847334
0.00000371647489049
0.00000616277083866
0.00000252627102098
0.00000552176110716
0.00000599021610516
0.00000756048164680
0.00001062336544042
0.00000558260588986
0.00000644232480379
0.00001413032779137
0.00001764871764965
0.00000470254592312
0.00000156625678956
0.00001565004229729
0.00000891338293889
0.00000039062723546
0.00000702562725980
0.00000499201501725
0.00000568947251016
0.00001004598011073
0.00000093376718129
0.00000707541525967
0.00000520522797914
0.00000031051496298
0.00000054296789283
0.00001069568227719
0.00001246840530080
0.00000541675145640
0.00000757744682629
0.00001274784683916
0.00000169837181731
0.00000061710335903
0.00001572365599351
0.00000739353086764
0.00001492932201458
0.00000076894910794
0.00000745291375236
0.00001374250461918
0.00000176441211940
0.00000758867475010
0.00001654411990999
0.00000971970739725
0.00001162392099249
0.00000901677199044
0.00000282508533997
0.00001106262433862
0.00002675826763686
0.00000060939710550
0.00000449081969164
0.00000441126135667
0.00000098796433592
0.00000265782723538
0.00001380997702323
0.00001721115358492
0.00001969792246992
0.00000408793376755
0.00000529506936987
0.00000899465688630
0.00000083079791242
0.00000656576252271
0.00001289514732967
0.00000203450749357
0.00000143058729014
0.00000142948057091
0.00000654048558690
0.00000713642055862
0.00001366136854714
0.00001282582314398
0.00000179873139896
0.00001707486350396
0.00000860572547463
0.00000164505398013
0.00000784537815736
0.00000321040959072
0.00000663973205420
0.00000931834216592
0.00001757961709855
0.00000290288927599
0.00000684262907575
0.00000958725972385
0.00000378742640242
0.00001432192954741
0.00001653556622010
0.00000844674465725
0.00001362301216475
0.00001686789541739
0.00000783615401010
0.00000258545522410
0.00000155009689349
0.00000789215686287
0.00000228479005070
0.00000986873346213
0.00000404754383989
0.00000205901500143
0.00001043429978799
0.00000499295344763
0.00000190763755748
0.00000307924880431
0.00000615388454333
0.00001076121862822
0.00000416959502138
0.00000657864192154
0.00000657372147406
0.00001007217161020
0.00000984585277676
0.00000094740905093
0.00000487917365800
0.00000196477040165
0.00000814407808437
0.00001009986280779
0.00000137953300367
0.00000050787287784
0.00001877726198750
0.00000210091572763
0.00000260609944736
0.00000679977085786
0.00001250520213782
0.00000267254764452
0.00000844477784111
0.00000952040016786
0.00000706296359874
0.00000136833744103
0.00000028785690229
0.00000280455858819
0.00000488640779312
0.00000078986907684
0.00000078928402046
0.00000846067599248
0.00001361312597607
0.00000164669865033
0.00000457875222512
0.00000764949892653
0.00000600082532550
0.00001820346529702
0.00000249669245964
0.00000463332808823
0.00000690930669913
0.00000106767273190
0.00001486536999865
0.00001059009060801
0.00000759942945520
0.00000276787572871
0.00000425517192711
0.00000956719666906
0.00000361165009888
0.00001245470777731
0.00001789068393979
0.00000169591409156
0.00000713180370800
0.00001813414706052
0.00000190377042271
0.00001388043617536
0.00000915307080550
0.00000246251113373
0.00000421841015117
0.00000547999338391
0.00000947778365008
0.00001297874250063
0.00002699041847477
0.00000623487056541
0.00000882056213486
0.00000643580109273
0.00000615157718618
0.00001082740730845
0.00001389106296379
0.00001039341756428
0.00001387123275776
0.00000397033494814
0.00000368908382105
0.00000507757094342
0.00000785420612683
0.00000875155822321
0.00000451148515670
0.00000547929482892
0.00001323800363572
0.00000311668643516
0.00000650580501774
0.00001687544503090
0.00000704949335644
0.00000310787456927
0.00001062831032181
0.00000406900801677
0.00000964846266626
0.00000034434742984
0.00000667558820234
0.00000247578985014
0.00000529171557604
0.00000913381000697
0.00001269599636420
0.00000274315549672
0.00001151315548701
0.00000171206368540
0.00000533790053380
0.00001101026107008
0.00000027335790450
0.00001345334111943
0.00000866690447042
0.00000027278523495
0.00000122666849971
0.00000871687828709
0.00000796221931521
0.00000652854911489
0.00000047570652426
0.00001432925746052
0.00001567657419599
0.00001091850886418
0.00000203309575932
0.00001767564822660
0.00000940694542372
0.00001142929553314
0.00001250270571190
0.00000162085304797
0.00000715381203247
0.00001240935530753
0.00000390894339662
0.00000895743291589
0.00000666296707403
0.00001674683382971
0.00000443586301937
0.00000470147251476
0.00000570500186245
0.00000939002647234
0.00000643445192353
0.00001647698288818
0.00000829977968104
0.00000327750184362
0.00001925051090896
0.00000774837307414
0.00000300377831905
0.00000293502146662
0.00001746480619552
0.00001472171543662
0.00000872049920500
0.00000472315406170
0.00000684724121241
0.00001122714466345
0.00000398325724110
0.00000272004745377
0.00001683957305196
0.00000987162662193
0.00000509798483872
0.00001065220858162
0.00001031440664869
0.00001579150211512
0.00000039617385222
0.00000554264957359
0.00000105502793065
0.00000349242753822
0.00000579484399323
0.00002263729538699
0.00001275778865267
0.00000269441628338
0.00000807782273470
0.00000853179357513
0.00000301691325465
0.00000360476336740
0.00000242339207170
0.00000248722106251
0.00000889567737549
0.00001124288575499
0.00001345631517431
0.00001096674218629
0.00001774382344212
0.00000743178651303
0.00000293163945951
0.00000292968996921
0.00000728681126412
0.00000318585388741
0.00000376850218579
0.00000071423871783
0.00000694300496478
0.00000103751412639
0.00001820929165271
0.00000330269563465
0.00000116488816207
0.00000640262583428
0.00000542893531180
0.00000897766038191
0.00000845536351543
0.00000090302757281
0.00000941109487892
0.00000264110159104
0.00000238186223841
0.00000501790759596
0.00001626532917899
0.00000366211185959
0.00000629212115726
0.00000705793936670
0.00000288544651181
0.00000403696847693
0.00001363985904572
0.00000492761143407
0.00000460461938575
0.00000760543033747
0.00000038321366296
0.00000440410788428
0.00000331687055297
0.00000592821633795
0.00000388586263934
0.00000197349907269
0.00001005191617662
0.00000050862879869
0.00000482880861315
0.00000120641411439
0.00000640889219992
0.00001097047233806
0.00000253487744777
0.00000253323855811
0.00000189869822440
0.00000550264888995
0.00000278114636405
0.00000675887621032
0.00000612324006152
0.00000252341480720
0.00000630447313238
0.00001455392894466
0.00000132222911711
0.00000981596076479
0.00001295375634469
0.00001778424379000
0.00000238645749447
0.00000194559115838
0.00000275971168195
0.00001980704680023
0.00000206712785858
0.00000494541517441
0.00000237727967601
0.00001037831854711
0.00000024992254192
0.00000124879863385
0.00000056159891994
0.00000280621156198
0.00002212378098426
0.00001625528392930
0.00001363079840968
0.00000180384408183
0.00000205134322859
0.00000894560816425
0.00001080240529597
0.00001458019232718
0.00000601438239575
0.00000080553760767
0.00000049540013700
0.00000953046038501
0.00000142248115340
0.00000537727705370
0.00001902474446643
0.00000632111504561
