-nan
0.00000009536742969
0.00000028610229421
0.00000000000000521
0.00000038146973402
0.00000068664549900
0.00000082651775060
0.00000098092215828
0.00000019073485991
0.00000025431314173
0.00000007629395938
0.00000048550690676
0.00000006357826656
0.00000035212592527
0.00000065394812887
0.00000040690101343
0.00000123977664135
0.00000008975755112
0.00000025431311804
0.00000248959186542
0.00000045776370726
0.00000116257436836
0.00000110973007630
0.00000212296199471
0.00000260670983714
0.00000042724613343
0.00000093900236777
0.00000135633677924
0.00000152587888899
0.00000063139815928
0.00000213623046970
0.00000039377519520
0.00000171661378285
0.00000073982009557
0.00000215418195938
0.00000235421320131
0.00000016954206359
0.00000032991980576
0.00000112433187278
0.00000070425175114
0.00000122070306887
0.00000022329929182
0.00000050862623780
0.00000092262438686
0.00000215010202347
0.00000067816847794
0.00000245467484070
0.00000058437923722
0.00000031789152348
0.00000062280780442
0.00000238037118413
0.00000293208094247
0.00000129112840083
0.00000069096413105
0.00000067816850320
0.00000077681097681
0.00000065394820764
0.00000010707911439
0.00000189419461349
0.00000206898823628
0.00000050862618896
0.00000110063408016
0.00000098443788723
0.00000416589149850
0.00000400543224917
0.00000291090757383
0.00000184955031290
0.00000273291756909
0.00000179515178097
0.00000088456760991
0.00000322614384377
0.00000249298512446
0.00000330607109570
0.00000275912336825
0.00000000000013473
0.00000105794257236
0.00000505949335263
0.00000015853301172
0.00000289525727237
0.00000139067430560
0.00000122070326668
0.00000210985739583
0.00000104206349952
0.00000007353647761
0.00000181652236168
0.00000100528507319
0.00000056776874769
0.00000063139801953
0.00000152587905572
0.00000082294577662
0.00000054253457102
0.00000194507625593
0.00000006634271400
0.00000236265105602
0.00000019479289742
0.00000057822795126
0.00000171661392550
0.00000056630541675
0.00000205526562298
0.00000191120170425
0.00000067138687757
0.00000006043068827
0.00000227385860209
0.00000237029717601
0.00000246488145395
0.00000093005965764
0.00000380030205762
0.00000444929164969
0.00000158239283497
0.00000403168014141
0.00000033291894769
0.00000164959874014
0.00000283377518023
0.00000194448291394
0.00000149910904942
0.00000212296199962
0.00000263082573532
0.00000344300878728
0.00000062069648535
0.00000297482273051
0.00000254313150701
0.00000181592200827
0.00000040023052123
0.00000119092985919
0.00000157510083249
0.00000009765628311
0.00000096881196391
0.00000259519566699
0.00000429153437018
0.00000189256292422
0.00000187800474088
0.00000186366896638
0.00000055486513640
0.00000431376283711
0.00000063768082891
0.00000144675935728
0.00000008975768671
0.00000044551219929
0.00000283061582637
0.00000412755745051
0.00000226702021629
0.00000129862021319
0.00000068772020845
0.00000589010613118
0.00000423855266610
0.00000353582958739
0.00000526741775334
0.00000199298452961
0.00000280431782056
0.00000122889593769
0.00000358072898750
0.00000097009501467
0.00000289113879148
0.00000119676757612
0.00000103046387509
0.00000551285261985
0.00000313000822008
0.00000241030574517
0.00000015451916676
0.00000437610532194
0.00000106811545919
0.00000113730127721
0.00000037676045703
0.00000202202381871
0.00000156309522342
0.00000214547846526
0.00000198548123601
0.00000423956799304
0.00000443231517558
0.00000238362174796
0.00000107709072756
0.00000235574314167
0.00000007097138450
0.00000056448727049
0.00000456009816065
0.00000390625028350
0.00000041614850555
0.00000041379796007
0.00000246883807495
0.00000197767515642
0.00000339084171300
0.00000445118297000
0.00000073778729544
0.00000066705119885
0.00000039805568097
0.00000006598427004
0.00000039377488109
0.00000065278274346
0.00000201286186269
0.00000342313541748
0.00000070672252892
0.00000159777929537
0.00000031789109987
0.00000025299580821
0.00000415290719385
0.00000231620627719
0.00000105877276805
0.00000285037242578
0.00000345249404309
0.00000233099125096
0.00000170898401325
0.00000006073113428
0.00000060430884490
0.00000234519282597
0.00000149596008450
0.00000190548817999
0.00000580722808103
0.00000224090466771
0.00000422551043449
0.00000268671462662
0.00000162760455450
0.00000208271584192
0.00000437610593521
0.00000103158050082
0.00000536196660008
0.00000068132227445
0.00000135633640323
0.00000292518761665
0.00000089592849210
0.00000724618252452
0.00000110972970209
0.00000375601002919
0.00000362911698262
0.00000131376162901
0.00000566754980278
0.00000119357681150
0.00000043210687612
0.00000666815846655
0.00000321237621572
0.00000351818324792
0.00000275985097668
0.00000338203419678
0.00000136802980153
0.00000345778611530
0.00000104333556294
0.00000020777881199
0.00000382762799749
0.00000236929765191
0.00000400062413618
0.00000704841089824
0.00000010172480737
0.00000182345740514
0.00000201769157252
0.00000210985771176
0.00000300172853538
0.00000249123040499
0.00000119092941387
0.00000316295499961
0.00000167354413909
0.00000264730751239
0.00000312499952870
0.00000272348060265
0.00000329396128827
0.00000308794514053
0.00000019223719080
0.00000785079704852
0.00000190734911438
0.00000341986916028
0.00000047314026124
0.00000584429344020
0.00000028170023300
0.00000654783236464
0.00000260913595901
0.00000139243653176
0.00000147964064605
0.00000451429785296
0.00000045891045159
0.00000813802033414
0.00000054658398954
0.00000117986125426
0.00000479239055006
0.00000216213049105
0.00000107709048591
0.00000268286451921
0.00000703909152246
0.00000372869369296
0.00000530740437873
0.00000616961816830
0.00000272243091442
0.00000656291951004
0.00001386370029504
0.00000034753165843
0.00000432873500684
0.00000232925736869
0.00000498597103433
0.00000188459377313
0.00000051218365583
0.00000161626250514
0.00000279744413234
0.00000109821095431
0.00000143116864929
0.00000260081024875
0.00000392966021054
0.00000283303060774
0.00000074736872332
0.00000115863401272
0.00000156711941609
0.00000106862953896
0.00000139274799000
0.00001077811509161
0.00000219726508067
0.00000413660140628
0.00000242523744994
0.00000604308422928
0.00000273051959889
0.00000656378128803
0.00000023935300243
0.00000286288625516
0.00000229872611015
0.00000639980223630
0.00000464654682292
0.00000314007179002
0.00000719901787111
0.00000600601593490
0.00000054426197920
0.00000100756504585
0.00000115889593466
0.00000053911122631
0.00000007677434645
0.00000489811855618
0.00000000000056716
0.00000829013280406
0.00000894676881463
0.00000204080455640
0.00000572675482986
0.00000255408596604
0.00000344492849096
0.00000380769839559
0.00000736887804493
0.00000571392894476
0.00000147964072905
0.00000059006855436
0.00000257377106957
0.00000175957149155
0.00000811365492000
0.00000211345557423
0.00000007266031684
0.00000173868635920
0.00000007223036876
0.00000460914395643
0.00000043083698435
0.00000007159490296
0.00000521118819007
0.00000149473793030
0.00000681322615315
0.00000106148157022
0.00000141121807843
0.00000056285963676
0.00000855895354011
0.00000272821842302
0.00000104631756078
0.00000486890075589
0.00000305175721422
0.00000408053795752
0.00000765525628556
0.00000378246098823
0.00000178305011020
0.00000123096053182
0.00000265963311048
0.00000333228090680
0.00000434027838297
0.00000256990192183
0.00000370931828125
0.00000329556154794
0.00000570108663189
0.00000341128057512
0.00001073951868627
0.00000239484052925
0.00000046439853980
0.00000357278902153
0.00000277132540010
0.00000177676404212
0.00000210013379359
0.00000248722290967
0.00000293752027246
0.00000188802145070
0.00000253231029235
0.00000531021987180
0.00000426277219778
0.00000276993383285
0.00000083521730642
0.00000307578802354
0.00000332337961289
0.00000248602662849
0.00001201629701094
0.00000253652659898
0.00000373168250255
0.00000498374981893
0.00000648105330113
0.00000182007086955
0.00000300480706371
0.00000661864672907
0.00000566755085325
0.00000037273440937
0.00000136322113251
0.00000364665806887
0.00000110973074649
0.00000516569647739
0.00000466198114968
0.00000544574389935
0.00000061035219812
0.00000030441538070
0.00000133609233565
0.00000284729824933
0.00000169206309929
0.00000976562436100
0.00000228506067662
0.00000467886274107
0.00000203450584933
0.00000525290406464
0.00000535918381325
0.00000213845865677
0.00000628128854198
0.00000579316676597
0.00000684065459658
0.00000247082019667
0.00000152587948256
0.00000667434858779
0.00000163539119027
0.00000268030225817
0.00000848679261860
0.00000382738324597
0.00000023141343108
0.00001061982911177
0.00000149708824142
0.00000666360342824
0.00000126082060649
0.00000205832892207
0.00000171126560494
0.00000011381892179
0.00000079487689258
0.00000351199928034
0.00000418203890402
0.00000608942015681
0.00001091319884622
0.00000774515046984
0.00000123190261923
0.00000290510546145
0.00000367883097099
0.00000722967717784
0.00000299627096038
0.00000099649268434
0.00000320365558859
0.00000110221469183
0.00000087978634658
0.00000021945194552
0.00000109480071614
0.00000131082186361
0.00000566754994793
0.00000576367649151
0.00000618489609123
0.00000227359365280
0.00000831806578269
0.00000538941800251
0.00000720591294383
0.00000279017835635
0.00000032123745784
0.00000309850226349
0.00000522396951540
0.00000425517447344
0.00000350288705506
0.00000116509642307
0.00000549580612036
0.00000980780927378
0.00000578781668129
0.00000871555766348
0.00001246898483443
0.00000292759647582
0.00000250400651831
0.00000166577815154
0.00000238946134406
0.00000217705024343
0.00001024149239622
0.00000629707313451
0.00001205251180646
0.00000472861847390
0.00000553932515013
0.00000450406188224
0.00000347313025981
0.00000886857387380
0.00000518798829565
0.00000182724792780
0.00000172215378706
0.00000748091355279
0.00000302653665777
0.00000865818301294
0.00000200938782939
0.00000270710340133
0.00000270155605084
0.00001118353777949
0.00000259088016218
0.00000576788435213
0.00000605389362143
0.00000009904293181
0.00000276758594328
0.00000078914131786
0.00000068910670624
0.00000206316032180
0.00000735363340075
0.00000430548584728
0.00000019531236831
0.00001247504976150
0.00001196386315115
0.00000145610725996
0.00000300331705278
0.00000860535255636
0.00000038599325628
0.00001280895568774
0.00000413308913395
0.00000095929538033
0.00000229779391720
0.00000315328420913
0.00000104904196192
0.00000799524875856
0.00000303988349568
0.00000227548520307
0.00000227107534098
0.00000113334114566
0.00000650413222716
0.00000150529839120
0.00000779371968537
0.00000552948083924
0.00000159018769946
0.00000821582246562
0.00000046591751557
0.00000065104136801
0.00000473428557902
0.00000148244750650
0.00000471635266532
0.00000350750268686
0.00000451429801889
0.00000864377387688
0.00000174386194974
0.00000219864012364
0.00000109726159090
0.00000739266975360
0.00000564802975152
0.00000436452476638
0.00000344882629351
0.00000434833062658
0.00000316478548821
0.00000063178759705
0.00000072071073550
0.00000404653010549
0.00000448787955132
0.00000053755776065
0.00000000000042710
0.00000267795889062
0.00000169294637859
0.00000711520991641
0.00000221945977682
0.00000992513565992
0.00000495357836055
0.00000017659311273
0.00000378990909259
0.00000000000047916
0.00001290959468448
0.00000105195291420
0.00000761298673503
0.00000192167983987
0.00000671386769486
0.00000235001619828
0.00000052129618968
0.00000424969419176
0.00000121204618560
0.00000432107247377
0.00000181164475433
0.00001076457836788
0.00001057369553128
0.00000429069695407
0.00000488281193771
0.00000025654062897
0.00000896320419094
0.00000835105860631
0.00000323252337098
0.00000203804288922
0.00000144110726157
0.00001159350568288
0.00000135164299375
0.00000050599154274
0.00000606142302911
0.00000554674115408
0.00000696346049972
0.00000737028364974
0.00000501658882095
0.00000817975363234
0.00000366627624354
0.00000191319675068
0.00000174386226359
0.00000008290070395
0.00000165519001141
0.00001214506595278
0.00000692831435719
0.00000419938275012
0.00001290574952387
0.00000927323985469
0.00000704566974008
0.00000719744485974
0.00000310278984553
0.00000660280225543
0.00000366211009107
0.00000812448075421
0.00000624545857462
0.00000461559463608
0.00000056588960132
0.00000161415215234
0.00000032229859979
0.00000659622041991
0.00000048185574219
0.00000160355014386
0.00000240138243274
0.00000071923511512
0.00000359030408219
0.00000215066704414
0.00000063619628570
0.00001206808864354
0.00000309139182281
0.00000308637987603
0.00000063208008920
0.00000260311570883
0.00001622353911677
0.00000149393537674
0.00000164853716289
0.00000172426683255
0.00000164325503519
0.00000382812583295
0.00000530401441570
0.00000739820159947
0.00000069976527626
0.00000310512633522
0.00000976562585521
0.00000766083016256
0.00000355394494294
0.00000863941461342
0.00000030806475290
0.00000292199715437
0.00000368514239090
0.00000000000088579
0.00000015306533246
0.00000687720159863
0.00000625610261692
0.00000365639715881
0.00000053239297906
0.00000926443520385
0.00000121312203372
0.00000476925780100
0.00000733177820741
0.00000369795598820
0.00000097957564928
0.00000165519161465
0.00000495793175147
0.00000315020066792
0.00000029955999819
0.00000082252679549
0.00000798870030748
0.00000618737976376
0.00000104206267779
0.00000364167045356
0.00000601075800250
0.00000496431522111
0.00000140565912564
0.00000044321951352
0.00000103261796797
0.00000036823524308
0.00000095597132910
0.00000895794273099
0.00000278598810848
0.00000197655179668
0.00000080405696411
0.00000598491116492
0.00000604885625476
0.00000298353772420
0.00000835600250508
0.00000841614144905
0.00000391204458626
0.00000079571863332
0.00000996787271616
0.00000252434810226
0.00000093623353747
0.00000582485838298
0.00000208237485929
0.00000838897195400
0.00000902103082410
0.00000243068157892
0.00000356930630813
0.00000000000107865
0.00000199298361150
0.00000099504293471
0.00000936818786305
0.00000517337282790
0.00000007076430136
0.00000190790178828
0.00000726777115511
0.00000937105540111
0.00000598038883772
0.00000168614996366
0.00000764693225015
0.00000007005357600
0.00000258830922469
0.00000495965105178
0.00001067243416919
0.00000480619091001
0.00000486890249390
0.00000847372751869
0.00000658902369743
0.00001025044441365
0.00001556137012708
0.00000193378828700
0.00000013793139471
0.00000234154502653
0.00000192561502842
0.00000604342358162
0.00000192020598722
0.00000520467974651
0.00000088902630340
0.00000778518238039
0.00000054556445300
0.00000422223794322
0.00000333228270741
0.00000271644765308
0.00000372992501221
0.00000900713106079
0.00000250227112399
0.00000364691268725
0.00000283257200380
0.00000336745567670
0.00000047079337048
0.00000530594603393
0.00000851809200506
0.00000140657273518
0.00000347816904463
0.00000414137187931
0.00000166762846292
0.00000013322692565
0.00000199569868238
0.00000259088135479
0.00000165856277254
0.00000642649551824
0.00000403592776871
0.00000085895339692
0.00000494879518383
0.00000342653381565
0.00000210579387299
0.00000604601150756
0.00000525033730310
0.00000281826633268
0.00000333811449626
0.00000091512009963
0.00000306807866720
0.00000254245373391
0.00000624999869954
0.00000006501878027
0.00000266217301545
0.00001005094075529
0.00000453311636590
0.00000297495992520
0.00000219597519467
0.00000438614729300
0.00000289876599017
0.00001074347281542
0.00000038548652858
0.00000141158970481
0.00000839433778739
0.00000556755949886
0.00000230080035828
0.00000382965820903
0.00001230264633347
0.00000681174489935
0.00001379648708875
0.00000952434031928
0.00000412185334662
0.00000101329305870
0.00000487016409375
0.00000486386101679
0.00000113553916363
0.00000025201750489
0.00000610351700377
0.00000050273625942
0.00000640162939947
0.00001259878588682
0.00000607221693522
0.00000175055878602
0.00000755524835901
0.00000704671675656
0.00000386140644255
0.00000460290464627
0.00000534251890115
0.00001222254350055
0.00000365591149925
0.00000111395103577
0.00000154519524792
0.00000839522898166
0.00000320588557053
0.00000314027176138
0.00000049197246274
0.00000644899620873
0.00000202428012853
0.00000361463051609
0.00000991247794480
0.00000446114427860
0.00000653076316529
0.00001286234149296
0.00000687977467520
0.00000182421243069
0.00001232849570495
0.00000855250534214
0.00000545227348519
0.00000556652872701
0.00000507619268111
0.00000428528809021
0.00000482252939058
0.00000186642795593
0.00000114253149741
0.00000234231006092
0.00000629846969676
0.00001216209887950
0.00001136929530078
0.00000603627834260
0.00000256676112191
0.00000274248470862
0.00000440643904877
0.00000749371804671
0.00000605896291085
0.00000427171781176
0.00000331841475175
0.00000201231211902
0.00000059113801231
0.00000047234130044
0.00000153325182259
0.00000577220447857
0.00000211784485978
0.00000775609358605
0.00000798152196352
0.00000093787668343
0.00000163931508505
0.00000140344157536
0.00000385485351460
0.00000373357382538
0.00000221416164023
0.00001396752240656
0.00000023251333005
0.00000290298163662
0.00000231962744660
0.00001204774770303
0.00000069424030487
0.00000219582256917
0.00000577164754679
0.00000484246024583
0.00000495190733270
0.00000908697575322
0.00000402113813042
0.00000309837848740
0.00000194854177983
0.00000274765691682
0.00000571758062492
0.00000217013730137
0.00000456337775813
0.00001709269093976
0.00000603237748455
0.00000079580340149
0.00000306595043544
0.00000362949897891
0.00000181264340743
0.00000135790685233
0.00000113027906242
0.00000259664178463
0.00000146596980676
0.00000788458604268
0.00000281267839329
0.00000112377570971
0.00000392869808976
0.00000392419077558
0.00000391969056097
0.00000223725495668
0.00000078214224662
0.00000725446592009
0.00001170537079481
0.00000133622983196
0.00000489393343848
0.00000144428874330
0.00000266335062695
0.00000288202162097
0.00000509318475686
0.00000199072598053
0.00000143611966874
0.00000143450024460
0.00000231464986443
0.00000055048452791
0.00000494879478897
0.00000659097466930
0.00002161604801643
0.00000230166412828
0.00000306544449768
0.00000798309937913
0.00001103275139907
0.00000632856313166
0.00000065394978402
0.00000054434753609
0.00000500243428311
0.00000173804395706
0.00000640190803217
0.00000227611850685
0.00000238185806173
0.00000811098252274
0.00000777792971725
0.00000744561294007
0.00000657509138284
0.00000721385920231
0.00000247367323804
0.00000504933134897
0.00000600961367316
0.00000225113371136
0.00000578227967619
0.00000909176650418
0.00000651754138070
0.00000256147368786
0.00000138594942222
0.00000276888122451
0.00000202120606043
0.00000042505267665
0.00000817340526498
0.00000445338121328
0.00000783791854546
0.00000010580134917
0.00000486167304290
0.00000696790366270
0.00000168736675553
0.00000347643433736
0.00000684014856993
0.00000000000175085
0.00000556535442991
0.00000335660755511
0.00001592676862931
0.00000690816092292
0.00000135924292797
0.00000543115149557
0.00000187800657265
0.00000938000090111
0.00000916177861482
0.00000499201100860
0.00000155834264196
0.00000186802781104
0.00000870820241382
0.00000000000177887
0.00000124139478931
0.00001570767017484
0.00000309692303211
0.00000061872841391
0.00000834404846587
0.00000761492539440
0.00000575657715479
0.00000985804236951
0.00000328256122876
0.00000532856947937
0.00000706318609277
0.00001237319845953
0.00000643550421048
0.00000336745870261
0.00000509687971602
0.00000112014287207
0.00001698811667776
0.00000091457647550
0.00000741050727295
0.00000101408541042
0.00000658470383415
0.00000354193834974
0.00000576232348742
0.00000131285365586
0.00000141238195411
0.00000554292257784
0.00000040270435495
0.00001076129451148
0.00000170797784673
0.00000612233611161
0.00000200526364502
0.00001812900457034
0.00001280737520743
0.00000099955404418
0.00000289573931983
0.00000698256965429
0.00000358737059991
0.00000398190436726
0.00001392248148608
0.00000854367820650
0.00000317581115179
0.00001229377986773
0.00000297128735690
0.00001236781467834
0.00000128494879435
0.00000533208863010
0.00000236742237529
0.00000128105892826
0.00000285487208239
0.00000521226899231
0.00000039298102313
0.00000372958355110
0.00001137362135569
0.00000264465458768
0.00000763245428612
0.00001495636072950
0.00000039062688484
0.00000907296017828
0.00001003851860488
0.00001372834432126
0.00000651689925358
0.00000544154039499
0.00000000000189529
0.00000290932034726
0.00000678168212901
0.00001171100908578
0.00000493115908040
0.00000086934537572
0.00000299144829890
0.00000057841615782
0.00000086677335874
0.00000365609796985
0.00000730499699117
0.00000902624331039
0.00001410163732775
0.00000795433827669
0.00000277650314470
0.00000459108909033
0.00000754877271512
0.00001584646679517
0.00000104904367397
0.00000495427022027
0.00000399762619826
0.00000161650853645
0.00000018999077169
0.00000711780441237
0.00000388728568545
0.00000066303758718
0.00000851653149102
0.00000567219070193
0.00000387225170070
0.00000094354059146
0.00000197951663532
0.00001045308174486
0.00000159937786794
0.00000845915348726
0.00000563401637533
0.00000103190846878
0.00000899711896579
0.00000327705732624
0.00000991528779221
0.00000018690387421
0.00001372415946669
0.00000540979985116
0.00001695938496231
0.00000567876948226
0.00000353422815879
0.00001440220820204
0.00000148526418820
0.00000853216801741
0.00001167427854010
0.00001240373025123
0.00000601104009332
0.00001533674116156
0.00001846053677138
0.00001447783678045
0.00000644899565743
0.00001270175740502
0.00001223002199658
0.00000670640485796
0.00001092208258237
0.00000935299096589
0.00000219863778147
0.00000073219106974
0.00000566918105596
0.00000063946830135
0.00000036506809393
0.00000264428488036
0.00000346169342651
0.00000245733140688
0.00000227318817127
0.00000063589915564
0.00001715337275896
0.00000743529279018
0.00000552600502652
0.00000036202703636
0.00001066984752232
0.00001617064437600
0.00000821323157748
0.00000459877279481
0.00000585577346902
0.00001008064718345
0.00000395660479032
0.00000655832939158
0.00000646254798250
0.00000618758811626
0.00000035836953004
0.00001306857444167
0.00000473972438687
0.00000929208803582
0.00001678187639228
0.00001435859221956
0.00000596986403656
0.00000204748950567
0.00000337972245777
0.00000835276183347
0.00000053266841033
0.00000931326839442
0.00000505118739192
0.00000743710540302
0.00000557277308587
0.00000309318644056
0.00000317868650132
0.00000211721072637
0.00000564079627954
0.00000352231534591
0.00001082137030179
0.00001309701076626
0.00000131730759199
0.00000482578261089
0.00000262987899500
0.00000507987874726
0.00000000000206706
0.00000069942015262
0.00000131023384247
0.00000296721610165
0.00001517159390944
0.00001088941028095
0.00000583152502554
0.00000808729615520
0.00000095570855343
0.00002083333125366
0.00000104073948204
0.00000251289582684
0.00000372271374157
0.00000864979862342
0.00000077779105507
0.00000431725451937
0.00000931702947441
0.00000310293259603
0.00001679274349408
0.00000473224328278
0.00000309473822217
0.00001065028793598
0.00000231697395704
0.00000934550382745
0.00000094229924926
0.00001138324596649
0.00000812377071052
0.00000350298220040
0.00000230482618768
0.00000562909177960
0.00001295266353922
0.00000893975922438
0.00000774104209645
0.00001359878366133
0.00000934103049517
0.00000347863059585
0.00000949435975502
0.00000262562125633
0.00001887117964027
0.00000270562558552
0.00001427673338893
0.00000708999355573
0.00001130046628636
0.00001575644625819
0.00000395676398009
0.00000807493752845
0.00000100850040808
0.00000612975814945
0.00000419485396780
0.00000217945065656
0.00000326637756324
0.00000251044558044
0.00000041805115241
0.00000384275876846
0.00000450721367802
0.00000416977796162
0.00000508279331105
0.00000582773656077
0.00000099819209356
0.00000756316703954
0.00000107953552306
0.00000132752976105
0.00000928480260406
0.00000008282757758
0.00000388970024548
0.00001223804195028
0.00000685742072498
0.00000346708364278
0.00000544367825525
0.00000527425944483
0.00001449199204171
0.00000551219150390
0.00000197285569762
0.00000862397714247
0.00000205160405550
0.00000172190078059
0.00000679988772370
0.00000769462706366
0.00001521278483297
0.00000049032209687
0.00000530740271915
0.00000073425969216
0.00001597714724107
0.00000504977889174
0.00000032552301036
0.00000552924428303
0.00000414348699642
0.00000487063372954
0.00000356883523835
0.00001150804160215
0.00000437266572614
0.00001027534912003
0.00001018600177277
0.00000339252262599
0.00001049199599073
0.00000120961717791
0.00000555963580355
0.00000338133540005
0.00000378075872045
0.00000176825912180
0.00000650506490183
0.00000818482730131
0.00000256568364360
0.00000256357450241
0.00000592340968426
0.00000351914194198
0.00000887057810347
0.00000550963086989
0.00000949435984454
0.00000127551241092
0.00001648845109538
0.00000915278405812
0.00000143144119357
0.00000444975811060
0.00000246125286864
0.00001221694538973
0.00000412185692276
0.00000261366870844
0.00000419430997882
0.00000798646476902
0.00000655782483283
0.00000947352243568
0.00000394411126762
0.00001174397417618
0.00000504032035648
0.00001219719257726
0.00000959264068820
0.00000589237005721
0.00001342381151324
0.00001717808511953
0.00000768082642071
0.00000751804107182
0.00000320826044635
0.00001063350457108
0.00002054687723542
0.00001163131770743
0.00000335401082396
0.00000615709572605
0.00001464065216016
0.00000210097335659
0.00000839719571348
0.00000372911918837
0.00000271698404337
0.00000062052992290
0.00000279018081802
0.00000658269501636
0.00000990491058794
0.00000255158622990
0.00000587173880162
0.00000092638114711
0.00001049072105253
0.00000023123252263
0.00000569918403770
0.00000530991204612
0.00000307578514402
0.00000076834411544
0.00000767738040436
0.00000744120453415
0.00001203455915881
0.00000030637028605
0.00000061226262624
0.00000917677925405
0.00000191033126275
0.00000038177025006
0.00000434875261447
0.00001524687517006
0.00001226416017100
0.00000121784652035
0.00001254928218998
0.00000630775550842
0.00000698629698700
0.00001115421264872
0.00000462502198557
0.00000303044768330
0.00000658612146499
0.00000453863056274
0.00000045350971585
0.00000604214775655
0.00000633935699721
0.00000271476605556
0.00000859013538708
0.00000752939247083
0.00000413797898224
0.00000669084163001
0.00000060096382787
0.00000983318349719
0.00000862554974383
0.00000442188928406
0.00000778853298251
0.00000202047643250
0.00001682439452374
0.00002062213313055
0.00000119457416310
0.00000096984586786
0.00001736939178423
0.00001400409762297
0.00000074433347552
0.00000007437412527
0.00000126343472057
0.00000920865249488
0.00001098262008693
0.00000511638436743
0.00000511250243420
0.00000266536918472
0.00000110972780379
0.00000258741241682
0.00001241017166694
0.00000937440717314
0.00000236027421717
0.00001046580420162
0.00000832214126757
0.00000066232341789
0.00001191288360081
0.00001939898651744
0.00000528665181550
0.00000418212572426
0.00000469218987038
0.00000146520772972
0.00001046840093695
0.00000395014277419
0.00000314312548113
0.00000299469660496
0.00000489010884567
0.00000546991924428
0.00000386252565055
0.00000735517104800
0.00001389891719745
0.00000632620765647
0.00000065394576912
0.00000515508595542
0.00001073783198840
0.00000260996425596
0.00000478138675752
0.00000680480677946
0.00000376157173471
0.00001583029009009
0.00000209470001139
0.00000194879668813
0.00001276599661938
0.00002054024212075
0.00000727380388645
0.00000748433811082
0.00000352368147071
0.00000323365301020
0.00000919117412166
0.00001047598038341
0.00000760026850350
0.00000265097435405
0.00000558444596109
0.00000972985112620
0.00000586223698120
0.00001471630159472
0.00001142178126926
0.00000634872861741
0.00000106922665628
0.00000619700256415
0.00000726015616750
0.00000689924216444
0.00000696529057827
0.00001235795690839
0.00000361952907173
0.00000964506409319
0.00000857504318575
0.00001218047734851
0.00000134454494005
0.00000021214483773
0.00001462724097286
0.00001659379282123
0.00000515094619350
0.00000345498883426
0.00000098642439459
0.00000802653872187
0.00000232179607609
0.00000752283329731
0.00000540973708894
0.00001039045412845
0.00001648651010120
0.00000063094252364
0.00000175136984806
0.00000427027567873
0.00000832456810562
0.00001286238606233
0.00000209563006634
0.00000111686680744
0.00000139509167145
0.00000223054722079
0.00000912479700618
0.00001955909451239
0.00000264311548818
0.00000444839618631
0.00000493143464569
0.00000610785598115
0.00000950206649084
0.00000083170449058
0.00001115081764082
0.00000041526160167
0.00000214401355076
0.00000179692789290
0.00000787327856502
0.00001649458682357
0.00000731042789422
0.00001254300698788
0.00000206606776762
0.00001383291250233
0.00001581755921631
0.00000852173006080
0.00000515064369193
0.00000260782436844
0.00000384041191899
0.00001144462478525
0.00000383502564192
0.00000855432923036
0.00000068386488663
0.00000184515199127
0.00000853638790150
0.00000600541820600
0.00001316177353799
0.00000817777631546
0.00001464162985611
0.00001048018051053
0.00000265222164275
0.00000101937388682
0.00000998294313507
0.00000033932225984
0.00000230577498996
0.00001267295089462
0.00000365703258863
0.00000649688391992
0.00000060865841406
0.00000364943529152
0.00000769903803084
0.00001073071683550
0.00001517448393322
0.00000181967924893
0.00001670258863577
0.00000706678826709
0.00000369910280936
0.00000383097227608
0.00000389550135042
0.00000382571119595
0.00000321943437928
0.00000268102508400
0.00000462158964263
0.00001311900030520
0.00000367883377280
0.00002326103939895
0.00000233786948318
0.00001501890135388
0.00000040022809231
0.00000646597452115
0.00000286440813787
0.00000712285094325
0.00000252788902412
0.00000498585102718
0.00000006643037776
0.00001015731464873
0.00000066342316443
0.00001365729199291
0.00000099378571286
0.00000834216346634
0.00001137999906265
0.00000238024467152
0.00000621088709321
0.00001459231567098
0.00000719224839115
0.00000448387668148
0.00000329474773167
0.00000388517539313
0.00001743861361477
0.00000144675680184
0.00001360353122668
0.00000466280928481
0.00000334708675391
0.00001265793143973
0.00000386692287419
0.00000111344908042
0.00000589079009736
0.00001288565142103
0.00000202633204016
0.00001652643984234
0.00000274168369700
0.00000169609806752
0.00000710583107245
0.00000078177364922
0.00001067708580252
0.00000585547382241
0.00001209324819498
0.00000630250163986
0.00000136355383535
0.00000058398839069
0.00000136174301172
0.00000051841159304
0.00000945478034949
0.00000847778163455
0.00001202918294050
0.00001066398742145
0.00000452112516367
0.00000716446794372
0.00000967531951467
0.00001076475083060
0.00000251226748814
0.00001242429300216
0.00002444623107327
0.00000450029050226
0.00000301963653064
0.00000757622203797
0.00000846952773726
0.00000134653805811
0.00000192236463836
0.00000544313275751
0.00000006399741049
0.00000415694829865
0.00000645502948669
0.00000185220892130
0.00001212724423986
0.00001020574538430
0.00000159360970642
0.00000025480833406
0.00000814863352509
0.00000273564489826
0.00000108083338853
0.00000400282362495
0.00001028628651358
0.00000380725870973
0.00000589742538917
0.00000602033737637
0.00001101957934927
0.00000316449537281
0.00000246670829915
0.00000486701302105
0.00000233717812343
0.00002714426866521
0.00000428981193697
0.00000012608690633
0.00000478830895852
0.00001215194077325
0.00002082745802636
0.00000490482382268
0.00000062842110700
0.00002317373643333
0.00000840998805111
0.00000558214665304
0.00000332206504182
0.00000231768911579
0.00000031300331545
0.00000919632596042
0.00000293844281650
0.00001443287896156
0.00001411145048804
0.00000018720299699
0.00000324273878922
0.00000361458746166
0.00000168158335536
0.00000628634626841
0.00000317227056784
0.00000758374695232
0.00001689726715375
0.00001011949950372
0.00001085758562701
0.00000043402525290
0.00000650628821719
0.00000538750143692
0.00000043320515690
0.00001255491751661
0.00000222508164231
0.00001031536353666
0.00000166877623401
