0.00000000000000000
10.00000095367431641
20.00000953674316406
30.00000190734863281
40.00003814697265625
50.00004196166992188
59.99996185302734375
70.00001525878906250
80.00003814697265625
89.99997711181640625
100.00003051757812500
110.00003051757812500
120.00017547607421875
129.99986267089843750
139.99986267089843750
149.99993896484375000
160.00048828125000000
169.99996948242187500
180.00012207031250000
190.00012207031250000
199.99990844726562500
209.99972534179687500
220.00059509277343750
229.99961853027343750
239.99977111816406250
250.00013732910156250
259.99981689453125000
269.99993896484375000
280.00012207031250000
289.99945068359375000
299.99990844726562500
310.00064086914062500
320.00018310546875000
330.00042724609375000
339.99954223632812500
350.00030517578125000
359.99993896484375000
370.00018310546875000
379.99993896484375000
389.99990844726562500
400.00067138671875000
410.00006103515625000
420.00000000000000000
429.99963378906250000
440.00018310546875000
449.99923706054687500
460.00106811523437500
470.00021362304687500
480.00018310546875000
490.00064086914062500
500.00076293945312500
509.99948120117187500
520.00018310546875000
529.99969482421875000
540.00152587890625000
549.99792480468750000
559.99932861328125000
570.00091552734375000
580.00061035156250000
589.99963378906250000
599.99792480468750000
609.99981689453125000
620.00000000000000000
629.99981689453125000
640.00152587890625000
650.00213623046875000
660.00036621093750000
669.99877929687500000
679.99755859375000000
690.00189208984375000
700.00048828125000000
709.99871826171875000
719.99853515625000000
729.99908447265625000
739.99896240234375000
750.00091552734375000
760.00146484375000000
769.99774169921875000
779.99578857421875000
790.00097656250000000
800.00036621093750000
810.00158691406250000
820.00048828125000000
829.99993896484375000
839.99816894531250000
849.99987792968750000
860.00177001953125000
870.00134277343750000
879.99884033203125000
889.99884033203125000
900.00231933593750000
909.99945068359375000
919.99639892578125000
930.00000000000000000
940.00036621093750000
949.99957275390625000
959.99981689453125000
969.99761962890625000
979.99981689453125000
989.99792480468750000
1000.00152587890625000
1010.00030517578125000
1020.00158691406250000
1029.99987792968750000
1039.99951171875000000
1050.00439453125000000
1060.00097656250000000
1070.00402832031250000
1079.99792480468750000
1089.99768066406250000
1100.00048828125000000
1110.00000000000000000
1120.00378417968750000
1130.00048828125000000
1139.99987792968750000
1150.00219726562500000
1159.99365234375000000
1169.99853515625000000
1180.00329589843750000
1189.99890136718750000
1199.99987792968750000
1209.99877929687500000
1219.99804687500000000
1229.99816894531250000
1240.00317382812500000
1250.00512695312500000
1259.99975585937500000
1270.00134277343750000
1279.99804687500000000
1289.99816894531250000
1300.00097656250000000
1309.99975585937500000
1320.00061035156250000
1330.00451660156250000
1339.99353027343750000
1350.00390625000000000
1360.00451660156250000
1370.00061035156250000
1379.99975585937500000
1389.99523925781250000
1400.00012207031250000
1409.99902343750000000
1419.99829101562500000
1429.99609375000000000
1439.99743652343750000
1450.00085449218750000
1459.99145507812500000
1470.00158691406250000
1480.00451660156250000
1490.00854492187500000
1500.00317382812500000
1509.99792480468750000
1519.99584960937500000
1529.99768066406250000
1540.00183105468750000
1550.00122070312500000
1560.00598144531250000
1570.00024414062500000
1580.00561523437500000
1590.00073242187500000
1599.99096679687500000
1609.99865722656250000
1620.00671386718750000
1630.00048828125000000
1640.00256347656250000
1649.99621582031250000
1659.99597167968750000
1669.99938964843750000
1679.99426269531250000
1690.00268554687500000
1699.99206542968750000
1709.99987792968750000
1719.99975585937500000
1729.99938964843750000
1740.00537109375000000
1750.00598144531250000
1759.99963378906250000
1769.99633789062500000
1780.00012207031250000
1790.00024414062500000
1799.99377441406250000
1810.00024414062500000
1819.98864746093750000
1830.00415039062500000
1840.00195312500000000
1850.01062011718750000
1860.00280761718750000
1869.99938964843750000
1879.99475097656250000
1889.99841308593750000
1899.99902343750000000
1909.99975585937500000
1919.99743652343750000
1929.99914550781250000
1939.99768066406250000
1949.99829101562500000
1960.00036621093750000
1969.99963378906250000
1980.00769042968750000
1990.00048828125000000
2000.00476074218750000
2010.00561523437500000
2019.99475097656250000
2030.00280761718750000
2039.99731445312500000
2049.99487304687500000
2060.00537109375000000
2069.99975585937500000
2079.99804687500000000
2090.00146484375000000
2099.99243164062500000
2110.00048828125000000
2119.99658203125000000
2130.01245117187500000
2139.99682617187500000
2149.99877929687500000
2159.99829101562500000
2169.99731445312500000
2179.99267578125000000
2189.99438476562500000
2200.00415039062500000
2210.01757812500000000
2220.00390625000000000
2230.00390625000000000
2240.00097656250000000
2249.99121093750000000
2260.00463867187500000
2269.99414062500000000
2279.99975585937500000
2290.00488281250000000
2299.98632812500000000
2310.00805664062500000
2319.99902343750000000
2329.98901367187500000
2340.00463867187500000
2350.00122070312500000
2360.00244140625000000
2370.01147460937500000
2380.00708007812500000
2390.00195312500000000
2399.98583984375000000
2410.01025390625000000
2420.00830078125000000
2429.99951171875000000
2439.98632812500000000
2449.99951171875000000
2460.00512695312500000
2470.00512695312500000
2479.98486328125000000
2489.99877929687500000
2500.00219726562500000
2510.00390625000000000
2520.01489257812500000
2530.00854492187500000
2539.98999023437500000
2550.01489257812500000
2559.99902343750000000
2570.00610351562500000
2580.00292968750000000
2589.99755859375000000
2599.99584960937500000
2609.99389648437500000
2619.99316406250000000
2629.98291015625000000
2640.00683593750000000
2650.00097656250000000
2660.00756835937500000
2670.00195312500000000
2679.98559570312500000
2689.99975585937500000
2699.98950195312500000
2709.97290039062500000
2720.00537109375000000
2730.01538085937500000
2739.99194335937500000
2750.00048828125000000
2759.99145507812500000
2770.00097656250000000
2779.99584960937500000
2790.01977539062500000
2799.98510742187500000
2810.03125000000000000
2819.97851562500000000
2830.01147460937500000
2840.00000000000000000
2850.01318359375000000
2859.98999023437500000
2870.00073242187500000
2879.99169921875000000
2890.01879882812500000
2900.00000000000000000
2910.00561523437500000
2920.00952148437500000
2930.00195312500000000
2940.01782226562500000
2950.00073242187500000
2960.00073242187500000
2969.98681640625000000
2980.01782226562500000
2989.99975585937500000
3000.00878906250000000
3010.00585937500000000
3019.96606445312500000
3030.02294921875000000
3039.99365234375000000
3049.99584960937500000
3059.98681640625000000
3070.01928710937500000
3080.01684570312500000
3089.99267578125000000
3100.01586914062500000
3109.99829101562500000
3119.99975585937500000
3129.98999023437500000
3139.99682617187500000
3150.01220703125000000
3159.98925781250000000
3169.99853515625000000
3180.01220703125000000
3190.00805664062500000
3200.00073242187500000
3209.98217773437500000
3220.01123046875000000
3230.02319335937500000
3239.99023437500000000
3249.99096679687500000
3260.01977539062500000
3270.01367187500000000
3280.01440429687500000
3290.00781250000000000
3300.00341796875000000
3310.03369140625000000
3320.01440429687500000
3329.96215820312500000
3339.98852539062500000
3349.97558593750000000
3359.96264648437500000
3370.00000000000000000
3380.00976562500000000
3390.01586914062500000
3400.00292968750000000
3410.01879882812500000
3420.00756835937500000
3429.97705078125000000
3439.98754882812500000
3450.00830078125000000
3460.03002929687500000
3470.00463867187500000
3480.01733398437500000
3490.01611328125000000
3500.00927734375000000
3510.00146484375000000
3519.97460937500000000
3529.98608398437500000
3539.98876953125000000
3549.98217773437500000
3559.99829101562500000
3570.00903320312500000
3579.98779296875000000
3589.98681640625000000
3600.00659179687500000
3610.01293945312500000
3620.01977539062500000
3629.98486328125000000
3639.97070312500000000
3649.97021484375000000
3659.99438476562500000
3669.99536132812500000
3680.00195312500000000
3690.00415039062500000
3699.96704101562500000
3709.99658203125000000
3720.02856445312500000
3729.99951171875000000
3740.02343750000000000
3750.00097656250000000
3759.99047851562500000
3770.00903320312500000
3780.00610351562500000
3789.98730468750000000
3800.01293945312500000
3810.00244140625000000
3820.00903320312500000
3830.00439453125000000
3840.02050781250000000
3849.99780273437500000
3860.02709960937500000
3869.97045898437500000
3879.98535156250000000
3889.99121093750000000
3899.98559570312500000
3909.96850585937500000
3919.98144531250000000
3929.98876953125000000
3940.00488281250000000
3950.00561523437500000
3959.99731445312500000
3970.00219726562500000
3980.00341796875000000
3989.98779296875000000
4000.00903320312500000
4010.00585937500000000
4020.00634765625000000
4030.03344726562500000
4040.00756835937500000
4050.00170898437500000
4059.98608398437500000
4070.00634765625000000
4079.98632812500000000
4089.97656250000000000
4099.99414062500000000
4109.99169921875000000
4119.98535156250000000
4129.97753906250000000
4139.96191406250000000
4150.01953125000000000
4159.99218750000000000
4169.99169921875000000
4180.00097656250000000
4190.01220703125000000
4199.98632812500000000
4209.98632812500000000
4220.00927734375000000
4230.00292968750000000
4239.99365234375000000
4250.03808593750000000
4260.00683593750000000
4269.98046875000000000
4280.03906250000000000
4290.00292968750000000
4300.00195312500000000
4310.00292968750000000
4319.99023437500000000
4330.02539062500000000
4339.99951171875000000
4349.99853515625000000
4360.02880859375000000
4369.96582031250000000
4380.00488281250000000
4389.98974609375000000
4399.97509765625000000
4410.00781250000000000
4420.02001953125000000
4429.99902343750000000
4439.98291015625000000
4450.01367187500000000
4460.03125000000000000
4469.99267578125000000
4479.97509765625000000
4489.97851562500000000
4500.04248046875000000
4510.01660156250000000
4520.02587890625000000
4529.99902343750000000
4539.99169921875000000
4550.02832031250000000
4560.03271484375000000
4569.98681640625000000
4580.02587890625000000
4590.02685546875000000
4600.02734375000000000
4610.02490234375000000
4619.99414062500000000
4630.02539062500000000
4640.01025390625000000
4649.99072265625000000
4660.00830078125000000
4669.99072265625000000
4679.98486328125000000
4689.94384765625000000
4700.00048828125000000
4709.97705078125000000
4720.05371093750000000
4729.93798828125000000
4739.99169921875000000
4749.96923828125000000
4760.02050781250000000
4770.03662109375000000
4779.97412109375000000
4790.05615234375000000
4800.00341796875000000
4809.97753906250000000
4820.00195312500000000
4830.00781250000000000
4840.01269531250000000
4850.06933593750000000
4859.98779296875000000
4870.00292968750000000
4880.02392578125000000
4889.99755859375000000
4899.98876953125000000
4909.99853515625000000
4919.99853515625000000
4930.02050781250000000
4940.00976562500000000
4950.01806640625000000
4959.97070312500000000
4970.01220703125000000
4980.00488281250000000
4989.99853515625000000
4999.97753906250000000
5010.06201171875000000
5019.98437500000000000
5030.00927734375000000
5039.98828125000000000
5050.01513671875000000
5059.99511718750000000
5069.98583984375000000
5079.99951171875000000
5089.99414062500000000
5100.05078125000000000
5109.98095703125000000
5120.02246093750000000
5129.99951171875000000
5139.99609375000000000
5149.95654296875000000
5159.98193359375000000
5169.98095703125000000
5180.00146484375000000
5189.97998046875000000
5199.99414062500000000
5210.02636718750000000
5220.01855468750000000
5230.00292968750000000
5240.01660156250000000
5250.01025390625000000
5259.96630859375000000
5270.03515625000000000
5279.98046875000000000
5289.96191406250000000
5299.94580078125000000
5310.02539062500000000
5319.98193359375000000
5330.00732421875000000
5340.00341796875000000
5349.99023437500000000
5360.02978515625000000
5370.00781250000000000
5380.04296875000000000
5390.02880859375000000
5399.97216796875000000
5410.02001953125000000
5419.99511718750000000
5429.98388671875000000
5440.04199218750000000
5450.00146484375000000
5460.00292968750000000
5469.97851562500000000
5479.95214843750000000
5490.01708984375000000
5499.98437500000000000
5509.94238281250000000
5519.99804687500000000
5530.00537109375000000
5540.02246093750000000
5550.02587890625000000
5560.00830078125000000
5569.94335937500000000
5580.06054687500000000
5589.99853515625000000
5600.04589843750000000
5610.01611328125000000
5619.96093750000000000
5630.00341796875000000
5640.01806640625000000
5650.02880859375000000
5659.98828125000000000
5669.98974609375000000
5679.99560546875000000
5690.01171875000000000
5699.99023437500000000
5709.96972656250000000
5719.98535156250000000
5730.01464843750000000
5740.00537109375000000
5750.02099609375000000
5760.00634765625000000
5769.99511718750000000
5780.02587890625000000
5789.97802734375000000
5799.99804687500000000
5810.00683593750000000
5819.99511718750000000
5829.95361328125000000
5839.99365234375000000
5849.98876953125000000
5859.99072265625000000
5869.99609375000000000
5879.96337890625000000
5889.95654296875000000
5899.95263671875000000
5909.98291015625000000
5919.97119140625000000
5929.94628906250000000
5940.00439453125000000
5950.03320312500000000
5960.02539062500000000
5970.03125000000000000
5980.00732421875000000
5989.98144531250000000
5999.98046875000000000
6009.95117187500000000
6020.00781250000000000
6030.00195312500000000
6039.95703125000000000
6050.01123046875000000
6060.04003906250000000
6070.00585937500000000
6079.96923828125000000
6090.05273437500000000
6099.99902343750000000
6110.02148437500000000
6119.96582031250000000
6129.96289062500000000
6139.94433593750000000
6149.95996093750000000
6160.00976562500000000
6170.02490234375000000
6180.03320312500000000
6190.02636718750000000
6200.02099609375000000
6210.01513671875000000
6220.00683593750000000
6230.05712890625000000
6240.06445312500000000
6249.94531250000000000
6260.01025390625000000
6269.95166015625000000
6279.97705078125000000
6290.07226562500000000
6300.02392578125000000
6310.05566406250000000
6319.99951171875000000
6329.97216796875000000
6340.00000000000000000
6350.00927734375000000
6359.97167968750000000
6370.03759765625000000
6379.97851562500000000
6390.03076171875000000
6400.00390625000000000
6409.96728515625000000
6419.99072265625000000
6430.01123046875000000
6440.04833984375000000
6450.02343750000000000
6460.01464843750000000
6469.99462890625000000
6480.00537109375000000
6490.06689453125000000
6500.03857421875000000
6509.95556640625000000
6519.99511718750000000
6529.98437500000000000
6539.98535156250000000
6550.04833984375000000
6560.02539062500000000
6570.02783203125000000
6580.01074218750000000
6590.07373046875000000
6599.96679687500000000
6609.91992187500000000
6619.96386718750000000
6629.98144531250000000
6640.00537109375000000
6650.00732421875000000
6660.00683593750000000
6670.00927734375000000
6679.93652343750000000
6689.97021484375000000
6700.03857421875000000
6710.00878906250000000
6719.99560546875000000
6730.01953125000000000
6740.00439453125000000
6750.00048828125000000
6760.04785156250000000
6770.00927734375000000
6780.00537109375000000
6789.99755859375000000
6800.00634765625000000
6809.99707031250000000
6819.99804687500000000
6830.01660156250000000
6839.95654296875000000
6849.98388671875000000
6859.97607421875000000
6870.06445312500000000
6880.01269531250000000
6890.03076171875000000
6899.99853515625000000
6910.03759765625000000
6920.04443359375000000
6929.98583984375000000
6939.99560546875000000
6950.03564453125000000
6959.93457031250000000
6970.02246093750000000
6980.01855468750000000
6990.00976562500000000
6999.97998046875000000
7010.00537109375000000
7019.97998046875000000
7030.03027343750000000
7039.97656250000000000
7050.02539062500000000
7060.02783203125000000
7070.03906250000000000
7079.96826171875000000
7089.96582031250000000
7100.01074218750000000
7109.97265625000000000
7120.05908203125000000
7129.99853515625000000
7139.95410156250000000
7149.94921875000000000
7160.05175781250000000
7170.02978515625000000
7179.94775390625000000
7189.99169921875000000
7199.96533203125000000
7209.96582031250000000
7220.03076171875000000
7229.99707031250000000
7239.97558593750000000
7249.99121093750000000
7259.98437500000000000
7269.97753906250000000
7279.95703125000000000
7289.91943359375000000
7300.09423828125000000
7309.96972656250000000
7319.98632812500000000
7330.09277343750000000
7339.99609375000000000
7349.98291015625000000
7359.97460937500000000
7369.99658203125000000
7380.02929687500000000
7389.97705078125000000
7400.03076171875000000
7410.04248046875000000
7419.95312500000000000
7430.09033203125000000
7440.00292968750000000
7449.99218750000000000
7460.00195312500000000
7469.96826171875000000
7480.02099609375000000
7490.04687500000000000
7500.00390625000000000
7510.00439453125000000
7520.00390625000000000
7529.95068359375000000
7539.98779296875000000
7550.02832031250000000
7560.04833984375000000
7570.05810546875000000
7579.91552734375000000
7590.00146484375000000
7600.00976562500000000
7609.97460937500000000
7620.04052734375000000
7629.96972656250000000
7640.06738281250000000
7649.99462890625000000
7660.02343750000000000
7670.04687500000000000
7680.01074218750000000
7690.04443359375000000
7699.94433593750000000
7710.00537109375000000
7720.00146484375000000
7730.00097656250000000
7740.06542968750000000
7749.97998046875000000
7760.03955078125000000
7770.02148437500000000
7780.01904296875000000
7790.05078125000000000
7800.02099609375000000
7810.00195312500000000
7820.02880859375000000
7830.00927734375000000
7839.97363281250000000
7850.00097656250000000
7859.93554687500000000
7870.06201171875000000
7879.98388671875000000
7890.00195312500000000
7899.92285156250000000
7910.02001953125000000
7920.05029296875000000
7930.05322265625000000
7939.96826171875000000
7949.99707031250000000
7960.00341796875000000
7970.03271484375000000
7980.04296875000000000
7989.99072265625000000
8000.01660156250000000
8009.96337890625000000
8020.00830078125000000
8029.97216796875000000
8039.96972656250000000
8049.94970703125000000
8059.97119140625000000
8069.95898437500000000
8079.94921875000000000
8090.03027343750000000
8099.99853515625000000
8110.00146484375000000
8120.03662109375000000
8129.94677734375000000
8140.12304687500000000
8150.04541015625000000
8160.05273437500000000
8169.98437500000000000
8179.99072265625000000
8190.01318359375000000
8199.94921875000000000
8209.99316406250000000
8219.99804687500000000
8230.00781250000000000
8239.96875000000000000
8250.01757812500000000
8259.98730468750000000
8269.98242187500000000
8279.97558593750000000
8290.06445312500000000
8299.98242187500000000
8310.00976562500000000
8319.94531250000000000
8330.09277343750000000
8339.97851562500000000
8350.06152343750000000
8360.01757812500000000
8370.01171875000000000
8380.03515625000000000
8390.02734375000000000
8400.04882812500000000
8409.99707031250000000
8420.01660156250000000
8430.04589843750000000
8439.98339843750000000
8450.00683593750000000
8459.99804687500000000
8469.97363281250000000
8479.99511718750000000
8489.98339843750000000
8500.02734375000000000
8510.00097656250000000
8520.05175781250000000
8530.07128906250000000
8539.94042968750000000
8549.97949218750000000
8560.00585937500000000
8569.94335937500000000
8580.07519531250000000
8590.09765625000000000
8599.94726562500000000
8609.99902343750000000
8620.01171875000000000
8630.04980468750000000
8639.97363281250000000
8649.91308593750000000
8659.99609375000000000
8669.94531250000000000
8679.97656250000000000
8689.95898437500000000
8700.06933593750000000
8710.02636718750000000
8719.98144531250000000
8730.04882812500000000
8739.98730468750000000
8750.07031250000000000
8760.00390625000000000
8770.15820312500000000
8779.94042968750000000
8790.02636718750000000
8800.10449218750000000
8810.03417968750000000
8820.09667968750000000
8829.98046875000000000
8839.96093750000000000
8850.04003906250000000
8859.95800781250000000
8870.06152343750000000
8880.00097656250000000
8890.08886718750000000
8900.04687500000000000
8910.03515625000000000
8919.91406250000000000
8930.06152343750000000
8940.06152343750000000
8949.89062500000000000
8960.08398437500000000
8969.92382812500000000
8980.02050781250000000
8990.00097656250000000
8999.93750000000000000
9009.92382812500000000
9020.06152343750000000
9030.12695312500000000
9040.07031250000000000
9050.05566406250000000
9059.99023437500000000
9070.00976562500000000
9080.05175781250000000
9090.04101562500000000
9100.01953125000000000
9110.03027343750000000
9119.92871093750000000
9129.96777343750000000
9139.87304687500000000
9149.95605468750000000
9160.01367187500000000
9169.94921875000000000
9180.01171875000000000
9190.01660156250000000
9200.07128906250000000
9210.06933593750000000
9219.97656250000000000
9229.95800781250000000
9240.00585937500000000
9249.97265625000000000
9259.98046875000000000
9270.03222656250000000
9279.92187500000000000
9290.01757812500000000
9299.99218750000000000
9309.93847656250000000
9320.11718750000000000
9329.99902343750000000
9339.93652343750000000
9349.91992187500000000
9359.93359375000000000
9369.83398437500000000
9379.93847656250000000
9389.79980468750000000
9400.19824218750000000
9410.00976562500000000
9419.96679687500000000
9430.00683593750000000
9440.02734375000000000
9450.08203125000000000
9459.98730468750000000
9470.02539062500000000
9480.09863281250000000
9490.06152343750000000
9500.05078125000000000
9509.93457031250000000
9519.78906250000000000
9530.05273437500000000
9540.03515625000000000
9550.00878906250000000
9559.97753906250000000
9570.02441406250000000
9579.95117187500000000
9590.08593750000000000
9599.88769531250000000
9609.92773437500000000
9619.93164062500000000
9629.98632812500000000
9640.05078125000000000
9650.06152343750000000
9659.98242187500000000
9669.95996093750000000
9680.06445312500000000
9689.96582031250000000
9699.85156250000000000
9710.13671875000000000
9719.99414062500000000
9730.03222656250000000
9739.85253906250000000
9749.91992187500000000
9759.99414062500000000
9770.04785156250000000
9780.10644531250000000
9789.97851562500000000
9799.97265625000000000
9810.01269531250000000
9819.94726562500000000
9830.03613281250000000
9839.93652343750000000
9850.08203125000000000
9859.91601562500000000
9869.92382812500000000
9879.90039062500000000
9889.99218750000000000
9900.10546875000000000
9909.96093750000000000
9920.03613281250000000
9930.05468750000000000
9939.86328125000000000
9949.90429687500000000
9960.16894531250000000
9970.07128906250000000
9979.95117187500000000
9989.99902343750000000
10000.00585937500000000
10010.07617187500000000
10019.94238281250000000
10029.94628906250000000
10039.91992187500000000
10050.06835937500000000
10060.01855468750000000
10070.11035156250000000
10080.09863281250000000
10090.03222656250000000
10100.11621093750000000
10110.14062500000000000
10120.01855468750000000
10129.86035156250000000
10140.01367187500000000
10150.01464843750000000
10159.87988281250000000
10169.94335937500000000
10179.90722656250000000
10189.89941406250000000
10199.95019531250000000
10210.04199218750000000
10220.00097656250000000
10230.25000000000000000
10240.02929687500000000
10250.03710937500000000
10259.99609375000000000
10270.00097656250000000
10280.05957031250000000
10289.79687500000000000
10300.08203125000000000
10310.01171875000000000
10319.94921875000000000
10329.99218750000000000
10339.95410156250000000
10349.90332031250000000
10360.03613281250000000
10370.00781250000000000
10380.06738281250000000
10390.02050781250000000
10399.86523437500000000
10410.10351562500000000
10419.90722656250000000
10429.88964843750000000
10440.03125000000000000
10450.20117187500000000
10460.04296875000000000
10469.95507812500000000
10480.09472656250000000
10490.05175781250000000
10500.04199218750000000
10509.89843750000000000
10520.04785156250000000
10530.12207031250000000
10539.97656250000000000
10550.02734375000000000
10560.05957031250000000
10570.04492187500000000
10580.03613281250000000
10590.10058593750000000
10600.03125000000000000
10610.02734375000000000
10620.03808593750000000
10630.13574218750000000
10640.03027343750000000
10650.02050781250000000
10659.90234375000000000
10670.01367187500000000
10679.96679687500000000
10689.99511718750000000
10699.91894531250000000
10710.02050781250000000
10719.93554687500000000
10730.05664062500000000
10740.12011718750000000
10749.91992187500000000
10759.83300781250000000
10769.96484375000000000
10780.05273437500000000
10789.98437500000000000
10799.98339843750000000
10810.03515625000000000
10819.93066406250000000
10829.90429687500000000
10840.11328125000000000
10850.05078125000000000
10860.01562500000000000
10869.98730468750000000
10880.04687500000000000
10890.01562500000000000
10899.95214843750000000
10909.99707031250000000
10920.04296875000000000
10930.03613281250000000
10939.86523437500000000
10950.15039062500000000
10959.92480468750000000
10970.10937500000000000
10979.95605468750000000
10990.08300781250000000
11000.01171875000000000
11009.90332031250000000
11020.13964843750000000
11029.97656250000000000
11039.82031250000000000
11050.12109375000000000
11060.01757812500000000
11069.98632812500000000
11080.06738281250000000
11089.97460937500000000
11099.90722656250000000
11110.04101562500000000
11119.97851562500000000
11129.99414062500000000
11140.03125000000000000
11150.16113281250000000
11159.91699218750000000
11170.10839843750000000
11179.98437500000000000
11190.00585937500000000
11199.85937500000000000
11210.35058593750000000
11220.02246093750000000
11230.04492187500000000
11240.03027343750000000
11249.87695312500000000
11259.80273437500000000
11269.99316406250000000
11280.05664062500000000
11290.04394531250000000
11300.07421875000000000
11309.96191406250000000
11319.82617187500000000
11329.98339843750000000
11340.03222656250000000
11350.08203125000000000
11360.09765625000000000
11370.00585937500000000
11379.96777343750000000
11389.90625000000000000
11399.99414062500000000
11409.89746093750000000
11419.89453125000000000
11429.96386718750000000
11439.96582031250000000
11449.80761718750000000
11459.99023437500000000
11469.94140625000000000
11480.04492187500000000
11490.11230468750000000
11500.04882812500000000
11509.95605468750000000
11519.86035156250000000
11530.05078125000000000
11539.98535156250000000
11550.03222656250000000
11559.79199218750000000
11569.98632812500000000
11579.95703125000000000
11590.00195312500000000
11600.06445312500000000
11610.02246093750000000
11619.96191406250000000
11630.05468750000000000
11640.00390625000000000
11650.02539062500000000
11659.88085937500000000
11669.99511718750000000
11680.07226562500000000
11690.24707031250000000
11700.16992187500000000
11709.88183593750000000
11720.10156250000000000
11730.19726562500000000
11740.06347656250000000
11750.12597656250000000
11759.94433593750000000
11769.88476562500000000
11780.04003906250000000
11790.01269531250000000
11799.90039062500000000
11810.00195312500000000
11820.02832031250000000
11829.98339843750000000
11839.95117187500000000
11849.91601562500000000
11859.98535156250000000
11869.88085937500000000
11880.05371093750000000
11890.00878906250000000
11900.10253906250000000
11910.03417968750000000
11919.98339843750000000
11929.93359375000000000
11940.09277343750000000
11950.10351562500000000
11959.85644531250000000
11970.00097656250000000
11980.03417968750000000
11990.02148437500000000
12000.08105468750000000
12010.03808593750000000
12020.20703125000000000
12030.03808593750000000
12039.81054687500000000
12049.93847656250000000
12059.95117187500000000
12070.04980468750000000
12079.83398437500000000
12089.88378906250000000
12100.12597656250000000
12110.02929687500000000
12120.12109375000000000
12130.01855468750000000
12140.07617187500000000
12150.09863281250000000
12159.95312500000000000
12170.05566406250000000
12179.95019531250000000
12189.91699218750000000
12199.91210937500000000
12209.97656250000000000
12219.97851562500000000
12229.96289062500000000
12239.84960937500000000
12250.11523437500000000
12260.13183593750000000
12269.85351562500000000
12280.02246093750000000
12289.72167968750000000
12299.85644531250000000
12309.82128906250000000
12319.86230468750000000
12330.05859375000000000
12340.00390625000000000
12350.01367187500000000
12359.96484375000000000
12369.93457031250000000
12380.02734375000000000
12389.97363281250000000
12400.13964843750000000
12410.15722656250000000
12419.88964843750000000
12429.98339843750000000
12440.11816406250000000
12449.82519531250000000
12460.18945312500000000
12470.11523437500000000
12479.97851562500000000
12490.06640625000000000
12500.21191406250000000
12509.91796875000000000
12519.94921875000000000
12529.80761718750000000
12540.04101562500000000
12550.01464843750000000
12559.84960937500000000
12569.92968750000000000
12579.91308593750000000
12590.01074218750000000
12599.95117187500000000
12609.97265625000000000
12619.81250000000000000
12629.95019531250000000
12640.07519531250000000
12649.94824218750000000
12660.04589843750000000
12670.03710937500000000
12679.99414062500000000
12689.96679687500000000
12700.22851562500000000
12709.92675781250000000
12719.89941406250000000
12729.93847656250000000
12739.90527343750000000
12749.92968750000000000
12759.86718750000000000
12769.97167968750000000
12780.04296875000000000
12790.08789062500000000
12800.13085937500000000
12810.10253906250000000
12820.30273437500000000
12830.01464843750000000
12840.06250000000000000
12850.12500000000000000
12860.12792968750000000
12870.04296875000000000
12879.81445312500000000
12889.98925781250000000
12900.00976562500000000
12909.90527343750000000
12919.84960937500000000
12929.88769531250000000
12940.21679687500000000
12949.89062500000000000
12960.05957031250000000
12970.03613281250000000
12979.97656250000000000
12989.85546875000000000
13000.01757812500000000
13010.12109375000000000
13020.05175781250000000
13030.06054687500000000
13039.81933593750000000
13050.06640625000000000
13059.87402343750000000
13069.91992187500000000
13080.06054687500000000
13090.00781250000000000
13100.07812500000000000
13109.87890625000000000
13119.86718750000000000
13129.81542968750000000
13140.07128906250000000
13149.97753906250000000
13160.17382812500000000
13169.88964843750000000
13179.98535156250000000
13190.00878906250000000
13199.79687500000000000
13209.95214843750000000
13219.89746093750000000
13229.95312500000000000
13239.91796875000000000
13249.81835937500000000
13260.08300781250000000
13270.04785156250000000
13280.02832031250000000
13289.82226562500000000
13299.87695312500000000
13310.09960937500000000
13320.20214843750000000
13330.15625000000000000
13339.92382812500000000
13350.15722656250000000
13359.88574218750000000
13370.16894531250000000
13379.93457031250000000
13390.08398437500000000
13400.01660156250000000
13409.86816406250000000
13420.04785156250000000
13430.05566406250000000
13439.81250000000000000
13449.96777343750000000
13459.82617187500000000
13469.85546875000000000
13480.06445312500000000
13490.03125000000000000
13500.06933593750000000
13510.15722656250000000
13519.97070312500000000
13530.25390625000000000
13539.80957031250000000
13550.17871093750000000
13560.03808593750000000
13570.08496093750000000
13580.11425781250000000
13589.96289062500000000
13600.16796875000000000
13610.12597656250000000
13620.07519531250000000
13629.67285156250000000
13640.17773437500000000
13650.05468750000000000
13659.96484375000000000
13669.89453125000000000
13679.89648437500000000
13690.02246093750000000
13699.99023437500000000
13710.14941406250000000
13719.95019531250000000
13729.73242187500000000
13740.23144531250000000
13749.90820312500000000
13759.87890625000000000
13769.86816406250000000
13779.88085937500000000
13790.14453125000000000
13800.08203125000000000
13809.94628906250000000
13820.02539062500000000
13830.06835937500000000
13839.95019531250000000
13849.98144531250000000
13860.20703125000000000
13870.07714843750000000
13879.95019531250000000
13890.07226562500000000
13900.07128906250000000
13910.06347656250000000
13920.04589843750000000
13929.97851562500000000
13939.97167968750000000
13949.86914062500000000
13960.03906250000000000
13970.04492187500000000
13979.93847656250000000
13990.05078125000000000
14000.05566406250000000
14009.96093750000000000
14019.77148437500000000
14030.01171875000000000
14040.04687500000000000
14050.03906250000000000
14060.16992187500000000
14070.10937500000000000
14079.98925781250000000
14089.97363281250000000
14099.96484375000000000
14110.02734375000000000
14119.89941406250000000
14130.18945312500000000
14140.00683593750000000
14150.04785156250000000
14160.09082031250000000
14169.93261718750000000
14179.99707031250000000
14189.86816406250000000
14199.69042968750000000
14209.93359375000000000
14219.92675781250000000
14229.92480468750000000
14239.92675781250000000
14249.79492187500000000
14260.01855468750000000
14270.29882812500000000
14279.91601562500000000
14289.81640625000000000
14299.89941406250000000
14309.89160156250000000
14319.95019531250000000
14329.88867187500000000
14340.07519531250000000
14349.98144531250000000
14360.11230468750000000
14369.88281250000000000
14380.10937500000000000
14389.67773437500000000
14400.11035156250000000
14409.85839843750000000
14420.24707031250000000
14430.20312500000000000
14440.13964843750000000
14450.11523437500000000
14459.83398437500000000
14470.19335937500000000
14479.99707031250000000
14490.31542968750000000
14500.05664062500000000
14510.16894531250000000
14520.03515625000000000
14529.97753906250000000
14540.06835937500000000
14550.27832031250000000
14560.11328125000000000
14570.04492187500000000
14580.14160156250000000
14589.83007812500000000
14600.20214843750000000
14609.80859375000000000
14619.89550781250000000
14629.90039062500000000
14640.05664062500000000
14649.96191406250000000
14660.08789062500000000
14669.94433593750000000
14680.01269531250000000
14689.98925781250000000
14699.95703125000000000
14709.95996093750000000
14720.10449218750000000
14729.91699218750000000
14739.91699218750000000
14749.87207031250000000
14760.00781250000000000
14769.98535156250000000
14779.86816406250000000
14790.00781250000000000
14799.97949218750000000
14809.87695312500000000
14819.95410156250000000
14830.00878906250000000
14839.95703125000000000
14850.00000000000000000
14859.97460937500000000
14870.02441406250000000
14880.16699218750000000
14890.10644531250000000
14899.98632812500000000
14910.14062500000000000
14919.76562500000000000
14930.31835937500000000
14939.99023437500000000
14949.98339843750000000
14960.13769531250000000
14969.97265625000000000
14980.13183593750000000
14989.73925781250000000
14999.89550781250000000
15009.86523437500000000
15020.03320312500000000
15030.02539062500000000
15039.97753906250000000
15049.93554687500000000
15059.96679687500000000
15070.02832031250000000
15079.91503906250000000
15090.16894531250000000
15099.88964843750000000
15110.07714843750000000
15119.89648437500000000
15130.08789062500000000
15140.05957031250000000
15149.95312500000000000
15159.94531250000000000
15169.96679687500000000
15180.21582031250000000
15190.13867187500000000
15199.65625000000000000
15209.79101562500000000
15219.97656250000000000
15230.13476562500000000
15239.92285156250000000
15249.95800781250000000
15260.00488281250000000
15270.12890625000000000
15280.19238281250000000
15289.92968750000000000
15299.99121093750000000
15309.87304687500000000
15319.92675781250000000
15330.07812500000000000
15340.02929687500000000
15349.99121093750000000
15360.08496093750000000
15370.15820312500000000
15380.35253906250000000
15389.93847656250000000
15400.17578125000000000
15410.11132812500000000
15420.04785156250000000
15430.20117187500000000
15439.92871093750000000
15450.07910156250000000
15459.94921875000000000
15470.20898437500000000
15479.98144531250000000
15489.90625000000000000
15500.06347656250000000
15509.92382812500000000
15519.95312500000000000
15530.21289062500000000
15539.84179687500000000
15550.42382812500000000
15560.13085937500000000
15569.92968750000000000
15579.77441406250000000
15589.79003906250000000
15600.15820312500000000
15609.85156250000000000
15620.00585937500000000
15630.11914062500000000
15640.00000000000000000
15650.10351562500000000
15660.39453125000000000
15670.09765625000000000
15679.89453125000000000
15690.00781250000000000
15700.23828125000000000
15710.20214843750000000
15720.25195312500000000
15730.35058593750000000
15739.94531250000000000
15750.04882812500000000
15759.91796875000000000
15769.95507812500000000
15780.11035156250000000
15790.04394531250000000
15799.80078125000000000
15810.12597656250000000
15819.8