-nan
0.00000019073486524
0.00000200271606374
0.00000260670979297
0.00000095367432387
0.00000381469727444
0.00000572204590815
0.00000708443778328
0.00000810623168608
0.00000890096027714
0.00000953674314999
0.00001005692913687
0.00001049041745927
0.00000974214991607
0.00000468662804301
0.00000030517575302
0.00000352859500072
0.00000691133390108
0.00000991821292363
0.00001260857836485
0.00001502990726195
0.00001722063340694
0.00001921220262967
0.00002103059191998
0.00002269744876943
0.00002423095707093
0.00002558781554088
0.00002690068000317
0.00002811976843244
0.00002925478179761
0.00003031412760511
0.00003130512852181
0.00003223419188121
0.00003310694837034
0.00003392836624247
0.00003470284595047
0.00003543429900803
0.00003612621406248
0.00003678171253511
0.00003740359570146
0.00003799438470949
0.00003855635474152
0.00003909156429583
0.00003960188038250
0.00004008900028341
0.00004055447041095
0.00004099970270685
0.00004142598894762
0.00004183451326168
0.00004222636311394
0.00004260253897212
0.00004296396283585
0.00003861647376263
0.00003328143415904
0.00002814398861485
0.00002319335927227
0.00001841953812049
0.00001381321946526
0.00000936573938435
0.00000506902134009
0.00000091552723063
0.00000310178674409
0.00000698950994543
0.00001075381336261
0.00001440048229799
0.00001793494603537
0.00002136230481100
0.00002468735436946
0.00002791460835266
0.00003104831874215
0.00003409249454908
0.00003705091892483
0.00003992716484570
0.00004272460950846
0.00004544644755871
0.00004809570326096
0.00005067524170789
0.00005318777915619
0.00005563589256736
0.00005802202842382
0.00006034851088386
0.00006261754933255
0.00006483124538004
0.00006699159935411
0.00006910051632879
0.00007115981172759
0.00007317121653573
0.00007513638215288
0.00007705688491509
0.00007893423031185
0.00008076985692202
0.00008256514009021
0.00008432139536344
0.00008603988170607
0.00008772180450948
0.00008936831841178
0.00009098052994111
0.00009255949999560
0.00009410624617144
0.00009562174494978
0.00009710693375256
0.00009856271287607
0.00009998994731088
0.00010133021101572
0.00010270338806452
0.00010405040936000
0.00010537201515935
0.00010666891804656
0.00010794180421363
0.00010919133467122
0.00011041814639321
0.00011162285339949
0.00011280604778066
0.00011396830066836
0.00011511016315452
0.00011623216716266
0.00011733482627411
0.00011841863651186
0.00011948407708456
0.00012053161109301
0.00012156168620133
0.00012257473527479
0.00012357117698640
0.00012455141639375
0.00012551584548808
0.00012646484371690
0.00012739877848177
0.00012831800561255
0.00012922286981941
0.00013011370512384
0.00013099083526973
0.00013185457411570
0.00013270522600944
0.00013354308614539
0.00013436844090618
0.00013518156818903
0.00013598273771772
0.00013677221134088
0.00013755024331732
0.00013831708058907
0.00013907296304266
0.00013981812375931
0.00014055278925460
0.00014127717970800
0.00014199150918288
0.00014269598583741
0.00014339081212682
0.00014407618499732
0.00014475229607228
0.00014541933183079
0.00014607747377919
0.00014672689861569
0.00014736777838855
0.00014800028064804
0.00014862456859247
0.00014924080120859
0.00014984913340655
0.00015044971614976
0.00015104269657977
0.00015162821813644
0.00015220642067366
0.00015277744057066
0.00015334141083930
0.00015389846122734
0.00015444871831797
0.00015499230562569
0.00015552934368873
0.00015605995015820
0.00015658423988399
0.00015710232499764
0.00015761431499230
0.00015812031679990
0.00015862043486554
0.00015911477121944
0.00015960342554629
0.00016008649525226
0.00016056407552975
0.00016103625941992
0.00016150313787313
0.00016196479980731
0.00016242133216444
0.00016287281996513
0.00016331934636143
0.00016376099268782
0.00016419783851066
0.00016462996167596
0.00016505743835560
0.00016548034309216
0.00016589874884215
0.00016631272701807
0.00016672234752897
0.00016712767881987
0.00016752878790983
0.00016792574042890
0.00016831860065396
0.00016870743154338
0.00016909229477066
0.00016947325075706
0.00016985035870319
0.00017022367661971
0.00017059326135706
0.00017095916863434
0.00017132145306729
0.00017168016819549
0.00017203536650870
0.00017137480907617
0.00016580229786265
0.00016028362733718
0.00015481802095138
0.00014940471701903
0.00014404296836222
0.00013873204196757
0.00013347121865211
0.00012825979273867
0.00012309707174031
0.00011798237605357
0.00011291503866022
0.00010789440483732
0.00010291983187517
0.00009799068880310
0.00009310635612258
0.00008826622554778
0.00008346969975292
0.00007871619212663
0.00007400512653272
0.00006933593707742
0.00006470806788278
0.00006012097286608
0.00005557411552495
0.00005106696872829
0.00004659901451248
0.00004216974388294
0.00003777865662090
0.00003342526109502
0.00002910907407791
0.00002482962056732
0.00002058643361191
0.00001637905414135
0.00001220703080080
0.00000806991978946
0.00000396728470321
0.00000010130361884
0.00000413626724401
0.00000813802129201
0.00001210697407733
0.00001604352724808
0.00001994807592150
0.00002382100881619
0.00002766270838109
0.00003147355092136
0.00003525390672132
0.00003900414016430
0.00004272460984980
0.00004641566870774
0.00005007766411011
0.00005371093797992
0.00005731582689761
0.00006089266220505
0.00006444177010701
0.00006796347177034
0.00007145808342088
0.00007492591643808
0.00007836727744752
0.00008178246841125
0.00008517178671617
0.00008853552526030
0.00009187397253718
0.00009518741271835
0.00009847612573399
0.00010174038735174
0.00010498046925381
0.00010819663911232
0.00011138916066305
0.00011455829377751
0.00011770429453346
0.00012082741528393
0.00012392790472460
0.00012700600795993
0.00013006196656766
0.00013309601866208
0.00013610839895582
0.00013909933882043
0.00014206906634557
0.00014501780639703
0.00014794578067349
0.00015085320776203
0.00015374030319262
0.00015660727949129
0.00015945434623233
0.00016228171008934
0.00016508957488528
0.00016787814164138
0.00017064760862517
0.00017339817139748
0.00017613002285840
0.00017884335329248
0.00018153835041281
0.00018421519940438
0.00018687408296648
0.00018951518135425
0.00019213867241944
0.00019474473165030
0.00019733353221077
0.00019990524497875
0.00020246003858379
0.00020499807944387
0.00020751953180161
0.00021002455775962
0.00021251331731530
0.00021498596839489
0.00021744266688688
0.00021988356667473
0.00022230881966908
0.00022471857583918
0.00022711298324386
0.00022949218806185
0.00023185633462150
0.00023420556542998
0.00023654002120193
0.00023885984088753
0.00024116516170010
0.00024345611914313
0.00024573284703681
0.00024799547754416
0.00025024414119652
0.00025247896691872
0.00025470008205366
0.00025690761238656
0.00025910168216864
0.00026128241414050
0.00026344992955495
0.00026560434819953
0.00026774578841854
0.00026987436713473
0.00027199019987059
0.00027409340076921
0.00027618408261487
0.00027826235685313
0.00028032833361070
0.00028238212171483
0.00028442382871246
0.00028645356088899
0.00028847142328672
0.00029047751972294
0.00029247195280778
0.00029445482396170
0.00029642623343265
0.00029838628031299
0.00030033506255609
0.00030227267699263
0.00030419921934668
0.00030611478425142
0.00030801946526465
0.00030991335488405
0.00031179654456209
0.00031366912472081
0.00031553118476629
0.00031738281310283
0.00031922409714698
0.00032105512334131
0.00032287597716789
0.00032468674316163
0.00032648750492337
0.00032827834513270
0.00033005934556066
0.00033183058708217
0.00033359214968825
0.00033534411249812
0.00033708655377098
0.00033881955091770
0.00034054318051227
0.00034225751830310
0.00034396263922409
0.00034565861740556
0.00034734552618498
0.00034902343811758
0.00035069242498671
0.00035235255781409
0.00035400390686990
0.00035564654168267
0.00035728053104906
0.00035890594304345
0.00036052284502739
0.00036213130365894
0.00036373138490178
0.00036532315403427
0.00036690667565830
0.00036848201370805
0.00037004923145857
0.00037160839153428
0.00037315955591730
0.00037470278595564
0.00037623814237134
0.00037776568526839
0.00037928547414058
0.00038079756787923
0.00038230202478083
0.00038379890255445
0.00038528825832921
0.00038677014866150
0.00038824462954212
0.00038971175640339
0.00039117158412604
0.00039262416704610
0.00039406955896161
0.00039550781313926
0.00039693898232096
0.00039836311873027
0.00039978027407875
0.00040119049957222
0.00040253429941872
0.00040393096169839
0.00040532084406407
0.00040670399576455
0.00040808046557275
0.00040945030179152
0.00041081355225923
0.00041217026435540
0.00041352048500613
0.00041486426068956
0.00041620163744115
0.00041753266085902
0.00041885737610902
0.00042017582792995
0.00042148806063851
0.00042279411813433
0.00042409404390481
0.00042538788103000
0.00042667567218731
0.00042795745965625
0.00042923328532300
0.00043050319068504
0.00043176721685559
0.00043302540456807
0.00043427779418050
0.00043552442567976
0.00043676533868591
0.00043800057245633
0.00043923016588990
0.00044045415753107
0.00044167258557386
0.00044288548786589
0.00044409290191226
0.00044529486487941
0.00044649141359897
0.00044768258457146
0.00044886841397009
0.00045004893764435
0.00045122419112362
0.00045239420962081
0.00045355902803579
0.00045471868095890
0.00045587320267439
0.00045702262716377
0.00045816698810913
0.00045930631889650
0.00046044065261901
0.00046157002208015
0.00046269445979692
0.00046381399800294
0.00046492866865154
0.00046603850341881
0.00046714353370656
0.00046824379064533
0.00046933930509731
0.00047043010765916
0.00047151622866496
0.00047259769818893
0.00047367454604827
0.00047474680180587
0.00047581449477301
0.00047687765401204
0.00047793630833905
0.00047899048632641
0.00048004021630539
0.00048108552636866
0.00048212644437285
0.00048316299794095
0.00048419521446484
0.00048522312110763
0.00048624674480607
0.00048726611227292
0.00048828124999924
0.00048929218425672
0.00049029894109991
0.00049130154636849
0.00049230002568946
0.00049329440447934
0.00049428470794631
0.00049527096109235
0.00049625318871534
0.00049723141541116
0.00049820566557569
0.00049917596340689
0.00050014233290680
0.00050110479788347
0.00050206338195298
0.00050301810854133
0.00050396900088634
0.00050491608203960
0.00050585937486824
0.00050679890205685
0.00050773468610924
0.00050866674935030
0.00050959511392770
0.00051051980181370
0.00051144083480688
0.00051235823453381
0.00051327202245079
0.00051418221984550
0.00051508884783867
0.00051599192738568
0.00051689147927820
0.00051778752414581
0.00051868008245751
0.00051956917452334
0.00052045482049589
0.00052133704037184
0.00052221585399344
0.00052309128105002
0.00052396334107946
0.00052483205346964
0.00052569743745985
0.00052655951214226
0.00052741829646328
0.00052827380922499
0.00052912606908646
0.00052997509456516
0.00053082090403826
0.00053166351574397
0.00053250294778287
0.00053333921811917
0.00053417234458203
0.00053500234486679
0.00053582923653625
0.00053665303702191
0.00053747376362515
0.00053829143351851
0.00053910606374684
0.00053991767122850
0.00054072627275652
0.00054153188499978
0.00054233452450413
0.00054313420769355
0.00054393095087125
0.00054472477022077
0.00054551568180710
0.00054630370157777
0.00054708884536387
0.00054787112888116
0.00054865056773112
0.00054942717740196
0.00055020097326963
0.00055097197059891
0.00055174018454433
0.00055250563015120
0.00055326832235661
0.00055402827599037
0.00055478550577598
0.00055554002633159
0.00055629185217092
0.00055704099770423
0.00055778747723921
0.00055853130498187
0.00055927249503751
0.00056001106141153
0.00056074701801038
0.00056148037864239
0.00056221115701865
0.00056293936675387
0.00056366502136722
0.00056438813428314
0.00056510871883223
0.00056582678825199
0.00056654235568772
0.00056725543419324
0.00056796603673172
0.00056867417617648
0.00056937986531175
0.00057008311683342
0.00057078394334985
0.00057148235738257
0.00057217837136706
0.00057287199765350
0.00057356324850745
0.00057425213611061
0.00057493867256155
0.00057562286987637
0.00057630473998944
0.00057698429475407
0.00057766154594323
0.00057833650525020
0.00057900918428923
0.00057967959459627
0.00058034774762954
0.00058101365477026
0.00058167732732326
0.00058233877651763
0.00058299801350733
0.00058365504937186
0.00058430989511684
0.00058496256167465
0.00058561305990502
0.00058626140059566
0.00058690759446282
0.00058755165215190
0.00058819358423805
0.00058883340122672
0.00058947111355424
0.00059010673158841
0.00059074026562902
0.00059137172590844
0.00059200112259219
0.00059262846577941
0.00059325376550348
0.00059387703173252
0.00059449827436990
0.00059511750325481
0.00059573472816274
0.00059634995880604
0.00059696320483435
0.00059757447583519
0.00059818378133443
0.00059879113079675
0.00059939653362618
0.00059999999916655
0.00060060153670200
0.00060120115545744
0.00060179886459900
0.00060239467323455
0.00060298859041411
0.00060358062513035
0.00060417078631900
0.00060475908285935
0.00060534552357465
0.00060593011723258
0.00060651287254567
0.00060709379817175
0.00060767290271437
0.00060825019472320
0.00060882568269451
0.00060939937507152
0.00060997128024487
0.00061054140655298
0.00061110976228249
0.00061167635566866
0.00061224119489573
0.00061280428809738
0.00061336564335704
0.00061392526870835
0.00061448317213551
0.00061503936157364
0.00061559384490920
0.00061614662998033
0.00061669772457724
0.00061724713644256
0.00061779487327170
0.00061834094271324
0.00061888535236923
0.00061942810979562
0.00061996922250254
0.00062050869795467
0.00062104654357159
0.00062158276672813
0.00062211737475469
0.00062265037493755
0.00062318177451927
0.00062371158069894
0.00062423980063256
0.00062476644143335
0.00062529151017204
0.00062581501387724
0.00062633695953570
0.00062685735409264
0.00062737620445209
0.00062789351747713
0.00062840929999027
0.00062892355877368
0.00062943630056953
0.00062994753208027
0.00063045725996891
0.00063096549085936
0.00063147223133663
0.00063197748794720
0.00063248126719927
0.00063298357556301
0.00063348441947087
0.00063398380531787
0.00063448173946183
0.00063497822822365
0.00063547327788762
0.00063596689470161
0.00063645908487742
0.00063694985459096
0.00063743920998255
0.00063792715715720
0.00063841370218479
0.00063889885110039
0.00063938260990448
0.00063986498456322
0.00064034598100864
0.00064082560513896
0.00064130386281876
0.00064178075987927
0.00064225630211859
0.00064273049530191
0.00064320334516176
0.00064367485739825
0.00064414503767927
0.00064461389164074
0.00064508142488682
0.00064554764299016
0.00064601255149208
0.00064647615590283
0.00064693846170179
0.00064739947433768
0.00064785919922877
0.00064831764176312
0.00064877480729877
0.00064923070116394
0.00064968532865727
0.00065013869504798
0.00065059080557611
0.00065104166545271
0.00065149127986004
0.00065193965395177
0.00065238679285315
0.00065283270166128
0.00065327738544520
0.00065372084924618
0.00065416309807785
0.00065460413692638
0.00065504397075075
0.00065548260448282
0.00065592004302761
0.00065635629126343
0.00065679135404210
0.00065722523618907
0.00065765794250366
0.00065808947775922
0.00065851984670327
0.00065894905405773
0.00065937710451905
0.00065980400275841
0.00066022975342185
0.00066065436113049
0.00066107783048066
0.00066150016604409
0.00066192137236804
0.00066234145397550
0.00066276041536535
0.00066317826101248
0.00066359499536799
0.00066401062285935
0.00066442514789051
0.00066483857484213
0.00066525090807165
0.00066566215191351
0.00066607231067927
0.00066648138865777
0.00066688939011527
0.00066729631929561
0.00066770218042037
0.00066810697768897
0.00066851071527885
0.00066891339734562
0.00066931502802318
0.00066971561142388
0.00067011515163864
0.00067051365273711
0.00067091111876779
0.00067130755375818
0.00067170296171491
0.00067209734662390
0.00067249071245043
0.00067288306313934
0.00067327440261514
0.00067366473478212
0.00067405406352451
0.00067444239270658
0.00067482972617280
0.00067521606774795
0.00067560142123722
0.00067598579042639
0.00067636917908192
0.00067675159095106
0.00067713302976201
0.00067751349922402
0.00067789300302749
0.00067827154484413
0.00067864912832706
0.00067902575711092
0.00067940143481199
0.00067977616502832
0.00068014995133982
0.00068052279730839
0.00068089470647806
0.00068126568237502
0.00068163572850783
0.00068200484836747
0.00068237304542746
0.00068274032314398
0.00068310668495597
0.00068347213428524
0.00068383667453657
0.00068420030909784
0.00068456304134010
0.00068492487461770
0.00068528581226837
0.00068564585761335
0.00068600501395748
0.00068636328458930
0.00068672067278113
0.00068707718178922
0.00068743281485380
0.00068778757519921
0.00068814146603396
0.00068849449055089
0.00068884665192718
0.00068705166211574
0.00068145007471849
0.00067586213308834
0.00067028778742323
0.00066472698816314
0.00065917968598863
0.00065364583181939
0.00064812537681278
0.00064261827236243
0.00063712447009673
0.00063164392187752
0.00062617657979859
0.00062072239618435
0.00061528132358841
0.00060985331479223
0.00060443832280371
0.00059903630085588
0.00059364720240553
0.00058827098113189
0.00058290759093528
0.00057755698593579
0.00057221912047202
0.00056689394909972
0.00056158142659053
0.00055628150793072
0.00055099414831986
0.00054571930316962
0.00054045692810248
0.00053520697895049
0.00052996941175404
0.00052474418276066
0.00051953124842372
0.00051433056540133
0.00050914209055505
0.00050396578094873
0.00049880159384735
0.00049364948671579
0.00048850941721772
0.00048338134321439
0.00047826522276352
0.00047316101411812
0.00046806867572539
0.00046298816622556
0.00045791944445078
0.00045286246942403
0.00044781720035799
0.00044278359665396
0.00043776161790074
0.00043275122387360
0.00042775237453315
0.00042276503002433
0.00041778915067530
0.00041282469699642
0.00040787162967918
0.00040292990959520
0.00039799949779517
0.00039308035550783
0.00038817244413895
0.00038327572527033
0.00037839016065883
0.00037351571223529
0.00036865234210362
0.00036380001253979
0.00035895868599084
0.00035412832507394
0.00034930889257540
0.00034450035144975
0.00033970266481873
0.00033491579597042
0.00033013970835825
0.00032537436560011
0.00032061973147738
0.00031587576993404
0.00031114244507579
0.00030641972116906
0.00030170756264020
0.00029700593407453
0.00029231480021548
0.00028763412596370
0.00028296387637618
0.00027830401666538
0.00027365451219838
0.00026901532849602
0.00026438643123202
0.00025976778623217
0.00025515935947347
0.00025056111708330
0.00024597302533858
0.00024139505066496
0.00023682715963600
0.00023226931897234
0.00022772149554091
0.00022318365635411
0.00021865576856904
0.00021413779948667
0.00020962971655109
0.00020513148734871
0.00020064307960746
0.00019616446119608
0.00019169560012328
0.00018723646453704
0.00018278702272382
0.00017834724310779
0.00017391709425016
0.00016949654484834
0.00016508556373526
0.00016068411987865
0.00015629218238026
0.00015190972047518
0.00014753670353110
0.00014317310104761
0.00013881888265548
0.00013447401811597
0.00013013847732010
0.00012581223028800
0.00012149524716817
0.00011718749823683
0.00011288895389723
0.00010859958467895
0.00010431936123725
0.00010004825435241
0.00009578623492902
0.00009153327399538
0.00008728934270278
0.00008305441232491
0.00007882845425716
0.00007461144001601
0.00007040334123837
0.00006620412968095
0.00006201377721965
0.00005783225584890
0.00005365953768102
0.00004949559494568
0.00004534039998919
0.00004119392527395
0.00003705614337783
0.00003292702699352
0.00002880654892802
0.00002469468210194
0.00002059139954898
0.00001649667441532
0.00001241047995902
0.00000833278954946
0.00000426357666673
0.00000020281490111
0.00000384952204758
0.00000789346037046
0.00001192902615023
0.00001595624536169
0.00001997514387230
0.00002398574744274
0.00002798808172747
0.00003198217227526
0.00003596804452974
0.00003994572382995
0.00004391523541085
0.00004787660440390
0.00005182985583753
0.00005577501463773
0.00005971210562852
0.00006364115353251
0.00006756218297138
0.00007147521846645
0.00007538028443912
0.00007927740521144
0.00008316660500658
0.00008704790794935
0.00009092133806667
0.00009478691928811
0.00009864467544636
0.00010249463027768
0.00010633680742249
0.00011017123042572
0.00011399792273742
0.00011781690771314
0.00012162820861447
0.00012543184860946
0.00012922785077314
0.00013301623808794
0.00013679703344419
0.00014057025964057
0.00014433593938456
0.00014809409529290
0.00015184474989204
0.00015558792561860
0.00015932364481981
0.00016305192975395
0.00016677280259080
0.00017048628541209
0.00017419240021191
0.00017789116889716
0.00018158261328799
0.00018526675511820
0.00018894361603570
0.00019261321760292
0.00019627558129723
0.00019993072851135
0.00020357868055379
0.00020721945864924
0.00021085308393901
0.00021447957748139
0.00021809896025213
0.00022171125314476
0.00022531647697107
0.00022891465246145
0.00023250580026532
0.00023608994095153
0.00023966709500872
0.00024323728284574
0.00024680052479203
0.00025035684109800
0.00025390625193541
0.00025744877739777
0.00026098443750071
0.00026451325218234
0.00026803524130367
0.00027155042464891
0.00027505882192592
0.00027856045276652
0.00028205533672689
0.00028554349328791
0.00028902494185555
0.00029249970176119
0.00029596779226202
0.00029942923254138
0.00030288404170909
0.00030633223880184
0.00030977384278351
0.00031320887254554
0.00031663734690726
0.00032005928461624
0.00032347470434864
0.00032688362470951
0.00033028606423320
0.00033368204138362
0.00033707157455464
0.00034045468207035
0.00034383138218546
0.00034720169308560
0.00035056563288762
0.00035392321963998
0.00035727447132299
0.00036061940584919
0.00036395804106368
0.00036729039474436
0.00037061648460233
0.00037393632828217
0.00037724994336223
0.00038055734735499
0.00038385855770730
0.00038715359180078
0.00039044246695202
0.00039372520041297
0.00039700180937119
0.00040027231095018
0.00040353672220966
0.00040679506014587
0.00041004734169186
0.00041329358371780
0.00041653380303126
0.00041976801637750
0.00042299624043977
0.00042621849183958
0.00042943478713698
0.00043264514283088
0.00043584957535929
0.00043904810109963
0.00044224073636900
0.00044542749742443
0.00044860840046323
0.00045178346162316
0.00045495269698280
0.00045811612256176
0.00046127375432098
0.00046442560816298
0.00046757169993214
0.00047071204541497
0.00047384666034035
0.00047697556037981
0.00048009876114780
0.00048321627820192
0.00048632812704322
0.00048943432311641
0.00049253488181016
0.00049562981845732
0.00049871914833520
0.00050180288666578
0.00050488104861602
0.00050795364929805
0.00051102070376947
0.00051408222703355
0.00051713823403949
0.00052018873968268
0.00052323375880494
0.00052627330619472
0.00052930739658739
0.00053233604466545
0.00053535926505879
0.00053837707234488
0.00054138948104907
0.00054439650564477
0.00054739816055368
0.00055039446014608
0.00055338541874098
0.00055637105060642
0.00055935136995964
0.00056232639096735
0.00056529612774591
0.00056826059436160
0.00057121980483081
0.00057417377312027
0.00057712251314727
0.00058006603877988
0.00058300436383717
0.00058593750208941
0.00058886546725831
0.00059178827301723
0.00059470593299136
0.00059761846075797
0.00060052586984661
0.00060342817373931
0.00060632538587079
0.00060921751962869
0.00061210458835373
0.00061498660533997
0.00061786358383498
0.00062073553704004
0.00062360247811036
0.00062646442015528
0.00062932137623844
0.00063217335937803
0.00063502038254695
0.00063786245867300
0.00064069960063910
0.00064353182128350
0.00064635913339992
0.00064918154973778
0.00065199908300239
0.00065481174585514
0.00065761955091366
0.00066042251075207
0.00066322063790110
0.00066601394484833
0.00066880244403833
0.00067158614787288
0.00067436506871116
0.00067713921886989
0.00067990861062354
0.00068267325620452
0.00068543316780334
0.00068818835756881
0.00069093883760817
0.00069368461998735
0.00069642571673108
0.00069916213982306
0.00070189390120620
0.00070462101278273
0.00070734348641440
0.00071006133392265
0.00071277456708879
0.00071548319765413
0.00071818723732021
0.00072088669774892
0.00072358159056270
0.00072627192734466
0.00072895771963882
0.00073163897895020
0.00073431571674504
0.00073698794445093
0.00073965567345697
0.00074231891511397
0.00074497768073457
0.00074763198159342
0.00075028182892734
0.00075292723393547
0.00075556820777944
0.00075820476158349
0.00076083690643470
0.00076346465338307
0.00076608801344170
0.00076870699758698
0.00077132161675868
0.00077393188186015
0.00077653780375846
0.00077913939328454
0.00078173666123333
0.00078432961836395
0.00078691827539982
0.00078950264302884
0.00079208273190351
0.00079465855264109
0.00079723011582372
0.00079979743199862
0.00080236051167818
0.00080491936534014
0.00080747400342769
0.00081002443634966
0.00081257067448065
0.00081511272816113
0.00081765060769764
0.00082018432336288
0.00082271388539589
0.00082523930400214
0.00082776058935371
0.00083027775158943
0.00083279080081495
0.00083529974710296
0.00083780460049327
0.00084030537099297
0.00084280206857655
0.00084529470318603
0.00084778328473111
0.00085026782308927
0.00085274832810594
0.00085522480959461
0.00085769727733693
0.00086016574108292
0.00086263021055100
0.00086509069542818
0.00086754720537019
0.00086999975000155
0.00087244833891576
0.00087489298167540
0.00087733368781224
0.00087977046682738
0.00088220332819136
0.00088463228134433
0.00088705733569608
0.00088947850062626
0.00089189578548443
0.00089430919959023
0.00089671875223346
0.00089912445267422
0.00090152631014304
0.00090392433384095
0.00090631853293966
0.00090870891658165
0.00091109549388025
0.00091347827391983
0.00091585726575584
0.00091823247841499
0.00092060392089532
0.00092297160216632
0.00092533553116907
0.00092769571681630
0.00093005216799258
0.00093240489355434
0.00093475390233007
0.00093709920312036
0.00093944080469805
0.00094177871580832
0.00094411294516881
0.00094644350146972
0.00094877039337393
0.00095109362951710
0.00095341321850777
0.00095572916892747
0.00095804148933084
0.00096035018824572
0.00096265527417324
0.00096495675558799
0.00096725464093802
0.00096954893864504
0.00097183965710446
0.00097412680468554
0.00097641038973144
0.00097869042055938
0.00098096690546068
0.00098323985270090
0.00098550927051994
0.00098777516713213
0.00099003755072631
0.00099229642946597
0.00099455181148932
0.00099680370490938
0.00099905211781410
0.00100129705826647
0.00100353853430456
0.00100577655394166
0.00100801112516638
0.00101024225594272
0.00101246995421017
0.00101469422788382
0.00101691508485443
0.00101913253298857
0.00102134658012863
0.00102355723409299
0.00102576450267610
0.00102796839364852
0.00103016891475706
0.00103236607372488
0.00103455987825152
0.00103675033601306
0.00103893745466216
0.00104112124182816
0.00104330170511720
0.00104547885211227
0.00104765269037330
0.00104982322743727
0.00105199047081830
0.00105415442800769
0.00105631510647407
0.00105847251366343
0.00106062665699926
0.00106277754388258
0.00106492518169205
0.00106706957778408
0.00106921073949286
0.00107134867413049
0.00107348338898704
0.00107561489133064
0.00107774318840755
0.00107986828744228
0.00108199019563761
0.00108410892017474
0.00108622446821331
0.00108833684689152
0.00109044606332620
0.00109255212461289
0.00109465503782591
0.00109675481001844
0.00109885144822263
0.00110094495944962
0.00110303535068970
0.00110512262891229
0.00110720680106609
0.00110928787407915
0.00111136585485890
0.00111344075029229
0.00111551256724580
0.00111758131256558
0.00111964699307748
0.00112170961558714
0.00112376918688007
0.00112582571372171
0.00112787920285754
0.00112992966101308
0.00113197709489407
0.00113402151118643
0.00113606291655642
0.00113810131765065
0.00114013672109623
0.00114216913350073
0.00114419856145237
0.00114622501151999
0.00114824849025321
0.00115026900418242
0.00115228655981891
0.00115430116365491
0.00115631282216366
0.00115832154179950
0.00116032732899791
0.00116233019017561
0.00116433013173061
0.00116632716004226
0.00116832128147136
0.00117031250236020
0.00117230082903263
0.00117428626779414
0.00117626882493190
0.00117824850671486
0.00118022531939378
0.00118219926920133
0.00118417036235215
0.00118613860504287
0.00118810400345226
0.00119006656374119
0.00119202629205280
0.00119398319451248
0.00119593727722798
0.00119788854628946
0.00119983700776956
0.00120178266772344
0.00120372553218889
0.00120566560718634
0.00120760289871893
0.00120953741277263
0.00121146915531622
0.00121339813230141
0.00121532434966288
0.00121724781331832
0.00121916852916854
0.00122108650309749
0.00122300174097233
0.00122491424864350
0.00122682403194478
0.00122873109669330
0.00123063544868970
0.00123253709371809
0.00123443603754615
0.00123633228592520
0.00123822584459023
0.00124011671926000
0.00124200491563703
0.00124389043940772
0.00124577329624239
0.00124765349179531
0.00124953103170480
0.00125140592159324
0.00125327816706717
0.00125514777371732
0.00125701474711866
0.00125887909283049
0.00126074081639645
0.00126259992334461
0.00126445641918750
0.00126631030942220
0.00126816159953034
0.00127001029497820
0.00127185640121675
0.00127369992368169
0.00127554086779354
0.00127737923895765
0.00127921504256426
0.00128104828398859
0.00128287896859085
0.00128470710171631
0.00128653268869536
0.00128835573484353
0.00129017624546160
0.00129199422583559
0.00129380968123683
0.00129562261692204
0.00129743303813335
0.00129924095009835
0.00130104635803016
0.00130284926712745
0.00130464968257455
0.00130644760954141
0.00130824305318374
0.00131003601864298
0.00131182651104642
0.00131361453550719
0.00131540009712435
0.00131718320098292
0.00131896385215393
0.00132074205569446
0.00132251781664771
0.00132429114004303
0.00132606203089597
0.00132783049420833
0.00132959653496820
0.00133136015815004
0.00133312136871466
0.00133488017160933
0.00133663657176782
0.00133839057411038
0.00134014218354389
0.00134189140496180
0.00134363824324427
0.00134538270325815
0.00134712478985704
0.00134886450788135
0.00135060186215835
0.00135233685750219
0.00135406949871394
0.00135579979058168
0.00135752773788049
0.00135925334537253
0.00136097661780708
0.00136269755992054
0.00136441617643656
0.00136613247206600
0.00136784645150699
0.00136955811944504
0.00137126748055298
0.00137297453949107
0.00137467930090705
0.00137638176943611
0.00137808194970103
0.00137977984631212
0.00138147546386737
0.00138316880695239
0.00138485988014050
0.00138654868799281
0.00138823523505816
0.00138991952587325
0.00139160156496266
0.00139328135683886
0.00139495890600227
0.00139663421694131
0.00139830729413243
0.00139997814204016
0.00140164676511711
0.00140331316780408
0.00140497735453002
0.00140663932971215
0.00140829909775591
0.00140995666305510
0.00141161202999182
0.00141326520293657
0.00141491618624829
0.00141656498427435
0.00141821160135064
0.00141985604180158
0.00142149830994017
0.00142313841006802
0.00142477634647538
0.00142641212344120
0.00142804574523315
0.00142967721610767
0.00143130654030999
0.00143293372207417
0.00143455876562315
0.00143618167516879
0.00143780245491187
0.00143942110904217
0.00144103764173849
0.00144265205716867
0.00144426435948966
0.00144587455284749
0.00144748264137742
0.00144908862920384
0.00145069252044040
0.00145229431919004
0.00145389402954495
0.00145549165558670
0.00145708720138620
0.00145868067100379
0.00146027206848925
0.00146186139788180
0.00146344866321020
0.00146503386849276
0.00146661701773733
0.00146819811494141
0.00146977716409211
0.00147135416916624
0.00147292913413032
0.00147450206294059
0.00147607295954310
0.00147764182787369
0.00147920867185805
0.00148077349541174
0.00148233630244023
0.00148389709683893
0.00148545588249323
0.00148701266327853
0.00148856744306024
0.00149012022569387
0.00149167101502503
0.00149321981488943
0.00149476662911298
0.00149631146151177
0.00149785431589212
0.00149939519605062
0.00150093410577414
0.00150247104883986
0.00150400602901533
0.00150553905005847
0.00150707011571764
0.00150859922973160
0.00151012639582962
0.00151165161773147
0.00151317489914743
0.00151469624377838
0.00151621565531576
0.00151773313744168
0.00151924869382885
0.00152076232814071
0.00152227404403138
0.00152378384514575
0.00152529173511948
0.00152679771757900
0.00152830594437166
