0.00000000000000000
0.00000004903490714
0.00000018537800418
0.00000044622752394
0.00000000072879767
0.00000055920468691
0.00000048598401502
0.00000030340667501
0.00000017838010393
0.00000022948233145
0.00000025856111880
0.00000050309219317
0.00000018099526316
0.00000060719379222
0.00000058112866876
0.00000138651037487
0.00000154388462944
0.00000134239472011
0.00000005092812678
0.00000035578273809
0.00000132651541288
0.00000066056103503
0.00000015893401349
0.00000005779991677
0.00000121118695127
0.00000139734176376
0.00000037287712194
0.00000206309790892
0.00000183865448279
0.00000125137131412
0.00000136775721823
