0.00000000000000000
0.00000005767102208
0.00000000564998320
0.00000036073159079
0.00000030538570148
0.00000021669538874
0.00000024071606273
0.00000024545039927
0.00000011639375643
0.00000031743442197
0.00000010110678648
0.00000092591102473
0.00000112717312570
0.00000151059352700
0.00000048004792610
0.00000084363751931
0.00000049102934535
0.00000010999184578
0.00000007885320582
0.00000116896654446
0.00000070260765720
0.00000103287350088
0.00000049219619278
0.00000173204636025
0.00000194549050244
0.00000187536761409
0.00000015893325589
0.00000168008951901
0.00000132440010340
0.00000201856531965
0.00000129908459249
