0.00000000000000000
0.00000004903490714
0.00000000564998320
0.00000001874785819
0.00000015232845190
0.00000021669538874
0.00000030203305081
0.00000035522181413
0.00000047315396429
0.00000049333860303
0.00000057346978344
0.00000057356199843
0.00000062254493235
0.00000060719379222
0.00000068220941141
0.00000066267990079
0.00000065300708136
0.00000061745185285
0.00000072775986881
0.00000082045919887
0.00000080659228315
0.00000093979538442
0.00000099208946172
0.00000113543093458
0.00000114443208298
0.00000115832883860
0.00000122865258612
0.00000120132903161
0.00000123869104016
0.00000125137131412
0.00000123041196676
