-nan
0.00000000000000000
0.00000000000000011
0.00000000000000015
0.00000000000000022
0.00000000000000036
0.00000000000000044
0.00000034059796964
0.00000011920928999
0.00000000000000000
0.00000009536743200
0.00000000000000065
0.00000015894571851
0.00000036679781291
0.00000027247837485
0.00000038146972514
0.00000023841858066
0.00000011219698007
0.00000010596381116
0.00000020077353843
0.00000028610229297
0.00000045413062889
0.00000000000000210
0.00000082928201643
0.00000007947286192
0.00000007629394759
0.00000058687650473
0.00000014128508628
0.00000040871756176
0.00000065770642756
0.00000012715657303
0.00000012305474798
0.00000047683716076
0.00000000000000215
0.00000022439395513
0.00000010899135166
0.00000074174669133
0.00000030929977791
0.00000020077354030
0.00000029343825157
0.00000038146972727
0.00000009304139776
0.00000072660900433
0.00000000000000165
0.00000017339532832
0.00000025431314883
0.00000008292819896
0.00000073047394176
0.00000007947286266
0.00000007785096141
0.00000007629394872
0.00000037398993162
0.00000073359563183
0.00000007197541608
0.00000042385524753
0.00000020807439191
0.00000040871755961
0.00000013384902213
0.00000006577064741
0.00000000000000506
0.00000025431314583
0.00000068789622287
0.00000006152736975
0.00000018165224510
0.00000047683715243
0.00000046950120783
0.00000011559689287
0.00000011387156632
0.00000134636373454
0.00000033171281209
0.00000032697404484
0.00000042982503741
0.00000052981905796
0.00000031353676837
0.00000030929978521
0.00000030517578826
0.00000010038677725
0.00000049541522210
0.00000019562550809
0.00000019314923601
0.00000009536743910
0.00000000000000754
0.00000009304140435
0.00000009192042374
0.00000009082611759
0.00000035903033874
0.00000017742778773
0.00000035077676806
0.00000008669767320
0.00000042861766215
0.00000050862629387
0.00000008383949207
0.00000099513842546
0.00000090240149529
0.00000089280149617
0.00000008030940759
0.00000055631000932
0.00000031461421612
0.00000077850965475
0.00000046238753859
0.00000137329100681
0.00000022661567028
0.00000082277783269
0.00000051850253199
0.00000014671913462
0.00000014532179153
0.00000043185251152
0.00000114084405122
0.00000176606355811
0.00000000000000926
0.00000048550691541
0.00000034366641098
0.00000040871755478
0.00000074268441396
0.00000093694319752
0.00000152587891577
0.00000013154127547
0.00000084771049388
0.00000012931178135
0.00000089757581753
0.00000006357827805
0.00000050442278867
0.00000081296827951
0.00000055824837051
0.00000049221899216
0.00000042724608386
0.00000012110149057
0.00000018022190810
0.00000005960465477
0.00000035485556907
0.00000035212591041
0.00000034943792592
0.00000034679065254
0.00000045891095673
0.00000022774312734
0.00000067816839625
0.00000112196979007
0.00000011137801675
0.00000088456747674
0.00000032932637794
0.00000087193079931
0.00000054109180690
0.00000042982504061
0.00000117375300183
0.00000095367431384
0.00000168372845043
0.00000073158577522
0.00000010380128749
0.00000010309992514
0.00000163852768514
0.00000071207682311
0.00000060630949898
0.00000040154708003
0.00000019946129401
0.00000039633218473
0.00000009844380205
0.00000039125099960
0.00000009718974160
0.00000028972384026
0.00000038386890419
0.00000143051147123
0.00000018955017840
0.00000037676021973
0.00000056167322138
0.00000046520697893
0.00000018495502393
0.00000101112458174
0.00000063958995509
0.00000027247838204
0.00000108346430591
0.00000062830308556
0.00000026769806054
0.00000044356945660
0.00000061740764253
0.00000035077675238
0.00000069754463490
0.00000138716265028
0.00000112070203005
0.00000008572352528
0.00000008524464068
0.00000110202364520
0.00000075872432760
0.00000008383951018
0.00000066705089807
0.00000124392301105
0.00000107223924202
0.00000098443801488
0.00000228473848035
0.00000056814638992
0.00000080734332506
0.00000016061882042
0.00000111844528365
0.00000007947287199
0.00000055342759510
0.00000133711039451
0.00000086075219055
0.00000015570194240
0.00000023236733271
0.00000038532296976
0.00000076677330587
