-nan
0.00000011920928955
0.00000011920928966
0.00000007947285985
0.00000011920928977
0.00000009536743200
0.00000007947285926
0.00000006811959352
0.00000011920928911
0.00000021192762587
0.00000009536743200
0.00000026009299603
0.00000000000000089
0.00000007335956171
0.00000020435878082
0.00000012715657410
0.00000035762786710
0.00000011219698007
0.00000000000000178
0.00000030116030857
0.00000019073486133
0.00000018165225277
0.00000034679065841
0.00000024878460212
0.00000047683716042
0.00000000000000227
0.00000022007869072
0.00000000000000237
0.00000013623919047
0.00000019731192508
0.00000000000000249
0.00000000000000252
0.00000023841857655
0.00000011559688468
0.00000044878791193
0.00000032697405012
0.00000031789143959
0.00000020619985181
0.00000000000000000
0.00000058687650277
0.00000000000000071
0.00000018608279448
0.00000027247837476
0.00000070971111753
0.00000000000000194
0.00000008477105256
0.00000082928201179
0.00000008116376889
0.00000015894572236
0.00000023355289700
0.00000022888183253
0.00000007479798922
0.00000051351693578
0.00000050382793672
0.00000014128507970
0.00000027743252402
0.00000054495675680
0.00000020077353556
0.00000013154128012
0.00000045259120606
0.00000000000000521
0.00000050028816063
0.00000006152738075
0.00000006055074461
0.00000071525574308
0.00000035212589554
0.00000046238755338
0.00000056935780699
0.00000067318186413
0.00000055285468256
0.00000065394810917
0.00000032236877641
0.00000116560193556
0.00000010451226067
0.00000092789934180
0.00000030517577424
0.00000040154708770
0.00000029724913038
0.00000078250201049
0.00000000000000738
0.00000028610230238
0.00000018838010434
0.00000074433116616
0.00000027576125582
0.00000009082611759
0.00000000000000786
0.00000017742778773
0.00000008769418201
0.00000017339532218
0.00000042861767844
0.00000059339734422
0.00000067071599447
0.00000000000000834
0.00000073832849462
0.00000048698262119
0.00000000000000853
0.00000031789144739
0.00000023596066425
0.00000116776447777
0.00000015412917369
0.00000106811522556
0.00000060430848659
0.00000134636374973
0.00000111107686451
0.00000014671911658
0.00000014532180966
0.00000079172963028
0.00000035651375398
0.00000056514034486
0.00000069994444315
0.00000055486504752
0.00000096226596757
0.00000034059797953
0.00000006751675633
0.00000000000000947
0.00000059708304076
0.00000013154127547
0.00000032604251093
0.00000064655886821
0.00000025645024602
0.00000044504800461
0.00000000000000975
0.00000031268011352
0.00000031013797925
0.00000067680111792
0.00000006103516614
0.00000066605826265
0.00000072088766229
0.00000000000000999
0.00000011828519600
0.00000035212589248
0.00000046591723174
0.00000034679066848
0.00000126200510295
0.00000068322936801
0.00000022605612773
0.00000033659092914
0.00000011137801675
0.00000033171281086
0.00000054887729970
0.00000054495675650
0.00000032465508261
0.00000010745625760
0.00000128045782641
0.00000031789144137
0.00000094709725000
0.00000062707352487
0.00000051900643205
0.00000030929977925
0.00000020481596000
0.00000030517578144
0.00000040420633297
0.00000090348093077
0.00000029919194333
0.00000029724913629
0.00000000000000165
0.00000029343825321
0.00000009718974160
0.00000048287306890
0.00000115160671866
0.00000038146972319
0.00000085297578981
0.00000056514033161
0.00000074889762706
0.00000055824837566
0.00000083229759022
0.00000156264706736
0.00000027410997754
0.00000108991351039
0.00000045144346961
0.00000035903032436
0.00000053539610064
0.00000079842500198
0.00000008820110024
0.00000000000000768
0.00000061035155454
0.00000052018598253
0.00000189657264333
0.00000008572352528
0.00000034097851749
0.00000135633679624
0.00000151744864563
0.00000108991351430
0.00000091719496087
0.00000066342562176
0.00000041239971499
0.00000032814599049
0.00000040798900127
0.00000016232755456
0.00000056514034723
0.00000024092823654
0.00000015977790800
0.00000031789145109
0.00000007906109574
0.00000125845681715
0.00000054775138927
0.00000038925480983
0.00000015491157750
0.00000030825835126
0.00000107348266147
