-nan
0.00000000000000000
0.00000011920928966
0.00000007947285955
0.00000000000000022
0.00000009536743129
0.00000007947285926
0.00000006811959454
0.00000000000000044
0.00000000000000000
0.00000019073486364
0.00000008669766448
0.00000007947286059
0.00000022007868949
0.00000006811959530
0.00000006357828918
0.00000017881393277
0.00000056098489368
0.00000031789143703
0.00000000000000187
0.00000009536743359
0.00000018165225277
0.00000043348832774
0.00000074635381068
0.00000007947285748
0.00000007629394304
0.00000000000000232
0.00000000000000237
0.00000006811959644
0.00000006577064006
0.00000025431314855
0.00000024610950353
0.00000035762786610
0.00000011559688899
0.00000011219698007
0.00000021798270211
0.00000063578287839
0.00000030929977868
0.00000030116031044
0.00000048906375237
0.00000009536743235
0.00000046520698257
0.00000054495675359
0.00000026614166804
0.00000043348832370
0.00000093248155161
0.00000074635381037
0.00000008116376889
0.00000015894571644
0.00000070065868463
0.00000083923339503
0.00000007479798922
0.00000014671912177
0.00000007197542413
0.00000035321270557
0.00000027743252402
0.00000047683716277
0.00000000000000474
0.00000026308256514
0.00000012931177677
0.00000031789144401
0.00000025014407763
0.00000024610950651
0.00000006055075589
0.00000005960465055
0.00000011737530638
0.00000023119377970
0.00000011387155402
0.00000000000000627
0.00000033171279932
0.00000043596540828
0.00000021491252861
0.00000063578287089
0.00000020902451452
0.00000020619985911
0.00000020345051382
0.00000030116031755
0.00000000000000720
0.00000048906374472
0.00000038629846465
0.00000028610230238
0.00000094190056696
0.00000102345535632
0.00000009192042374
0.00000108991351225
0.00000062830308690
0.00000106456668671
0.00000078924770213
0.00000008669765705
0.00000051434119621
0.00000093248156203
0.00000000000000828
0.00000033171281405
0.00000073832851143
0.00000040581884958
0.00000008030942464
0.00000000000000859
0.00000110114971752
0.00000015570192051
0.00000007706458247
0.00000022888184475
0.00000022661568801
0.00000029919195132
0.00000007407180053
0.00000044015736778
0.00000014532179153
0.00000057580335173
0.00000049911927756
0.00000070642542877
0.00000055995555267
0.00000027743253771
0.00000020619984285
0.00000020435877270
0.00000006751675633
0.00000040154707112
0.00000046439791847
0.00000019731191798
0.00000013041701013
0.00000012931178135
0.00000083346327779
0.00000050862629237
0.00000081968700601
0.00000037521611470
0.00000049622079234
0.00000036916424166
0.00000067138670886
0.00000060550751241
0.00000078096163497
0.00000023841856911
0.00000023657036359
0.00000011737530944
0.00000023295862010
0.00000046238753938
0.00000091782190598
0.00000125258716885
0.00000033908419486
0.00000056098489806
0.00000122515824029
0.00000033171280056
0.00000054887729970
0.00000032697405560
0.00000064931017670
0.00000000000000340
0.00000085363855193
0.00000074174668797
0.00000073663119828
0.00000083609802907
0.00000010380128749
0.00000164959881853
0.00000061444788114
0.00000020345052064
0.00000020210316658
0.00000000000000056
0.00000099730647560
0.00000178349482678
0.00000029533140286
0.00000078250200521
0.00000019437948086
0.00000057944768322
0.00000057580335781
0.00000104904175142
0.00000009477508364
0.00000056514033968
0.00000046806100983
0.00000018608279812
0.00000009247751447
0.00000018384083739
0.00000054821996070
0.00000018165225667
0.00000036115477693
0.00000107709099917
0.00000196311905386
0.00000088713889188
0.00000141121749294
0.00000008769419769
0.00000130789619740
0.00000052018599900
0.00000034483138273
0.00000008572354284
0.00000042622314912
0.00000016954209138
0.00000050581622160
0.00000176062949737
0.00000050028817608
0.00000033171281606
0.00000016495989236
0.00000032814601219
0.00000040798900127
0.00000040581886938
0.00000032293732308
0.00000024092823654
0.00000159777894737
0.00000055631000562
0.00000079061081974
0.00000047192129847
0.00000039125101457
0.00000000000001320
0.00000015491157750
0.00000038532296976
0.00000030670931404
