-nan
0.00000000000000000
0.00000005960464466
0.00000000000000015
0.00000011920928933
0.00000019073486293
0.00000007947285926
0.00000034059796964
0.00000011920928911
0.00000052981906467
0.00000019073486364
0.00000000000000065
0.00000000000000089
0.00000014671912669
0.00000034059797141
0.00000031789143738
0.00000017881393277
0.00000000000000167
0.00000021192762409
0.00000060232062276
0.00000057220458789
0.00000018165224871
0.00000008669766723
0.00000016585640069
0.00000047683716042
0.00000015258789290
0.00000007335956512
0.00000028257017019
0.00000013623919047
0.00000000000000245
0.00000006357829025
0.00000006152737273
0.00000035762787121
0.00000023119377152
0.00000033659093353
0.00000032697405012
0.00000063578287839
0.00000010309992571
0.00000040154708059
0.00000009781275004
0.00000047683715891
0.00000018608279241
0.00000018165224939
0.00000017742777814
0.00000008669766707
0.00000033908419918
0.00000049756920609
0.00000016232754050
0.00000031789143584
0.00000031140386161
0.00000129699707372
0.00000022439395318
0.00000029343825503
0.00000050382794476
0.00000056514033144
0.00000041614879701
0.00000054495675680
0.00000013384902213
0.00000013154128012
0.00000045259120606
0.00000025431314583
0.00000031268009838
0.00000024610949551
0.00000030275375688
0.00000023841857333
0.00000035212590735
0.00000023119376765
0.00000079710092733
0.00000011219697213
0.00000011057094162
0.00000000000000650
0.00000150438764744
0.00000042385524503
0.00000094061027786
0.00000051549963740
0.00000020345052784
0.00000040154708770
0.00000049541522210
0.00000019562550809
0.00000067602230761
0.00000009536742418
0.00000075352045507
0.00000000000000763
0.00000018384083978
0.00000027247838390
0.00000008975757486
0.00000026614167763
0.00000017538837202
0.00000052018599884
0.00000025717059403
0.00000033908419318
0.00000041919749344
0.00000082928202261
0.00000008203649193
0.00000040581884958
0.00000000000000853
0.00000095367432499
0.00000047192130257
0.00000070065869014
0.00000023119378243
0.00000030517577244
0.00000045323136716
0.00000067318187932
0.00000000000000897
0.00000007335955378
0.00000007266090937
0.00000007197542922
0.00000049911927756
0.00000014128509312
0.00000020998332647
0.00000034679066981
0.00000089353270219
0.00000061307635565
0.00000006751677520
0.00000020077354977
0.00000006634255163
0.00000052616514964
0.00000058687651200
0.00000051724709650
0.00000051290046302
0.00000031789142909
0.00000012610568498
0.00000018760807203
0.00000062027596833
0.00000073832849317
0.00000006103514636
0.00000121101501489
0.00000042051781877
0.00000065565110252
0.00000059142594213
0.00000046950121089
0.00000034943792592
0.00000000000000797
0.00000068836641639
0.00000000000000700
0.00000158239293329
0.00000022439396286
0.00000077964615088
0.00000022114187562
0.00000054887730911
0.00000032697405560
0.00000054109180690
0.00000042982504061
0.00000000000000298
0.00000180138481731
0.00000105233027802
0.00000094061028292
0.00000083041028776
0.00000072169948365
0.00000040963192057
0.00000000000000019
0.00000111156741496
0.00000080309416175
0.00000159569035855
0.00000089174741145
0.00000049221900037
0.00000029343824920
0.00000087470765091
0.00000009657461702
0.00000028790167739
0.00000009536743502
0.00000000000000371
0.00000103609061939
0.00000009361219848
0.00000065128977238
0.00000055486505182
0.00000018384082677
0.00000118780992140
0.00000045413062094
0.00000072230953520
0.00000000000000652
0.00000062462878522
0.00000070971112629
0.00000070560873538
0.00000035077675238
0.00000078473773117
0.00000069358131279
0.00000008620783930
0.00000025717061096
0.00000008524464068
0.00000084771049416
0.00000033721081759
0.00000067071601259
0.00000033352543389
0.00000041464099678
0.00000123719912378
0.00000098443799318
0.00000000000001110
0.00000073047393314
0.00000024220301257
0.00000056216592465
0.00000007988893592
0.00000079472860929
0.00000071154973651
0.00000094384263517
0.00000039125098863
0.00000054495673904
0.00000085201361589
0.00000015412916881
0.00000023003198206
