-nan
0.00000011920928955
0.00000000000000011
0.00000007947285985
0.00000000000000022
0.00000019073486293
0.00000007947286014
0.00000027247837662
0.00000011920928911
0.00000010596381293
0.00000009536743129
0.00000008669766448
0.00000007947286059
0.00000022007868731
0.00000020435878336
0.00000025431315246
0.00000011920929111
0.00000011219698007
0.00000010596381116
0.00000010038677202
0.00000009536742969
0.00000027247837815
0.00000034679065841
0.00000024878460644
0.00000015894571718
0.00000053405761946
0.00000022007868608
0.00000028257017019
0.00000034059796773
0.00000032885321500
0.00000012715657801
0.00000012305474798
0.00000035762787121
0.00000034679066266
0.00000000000000167
0.00000032697405256
0.00000021192762508
0.00000051549963011
0.00000010038677015
0.00000058687650277
0.00000019073486399
0.00000018608279448
0.00000072660900433
0.00000026614167135
0.00000008669766319
0.00000050862629987
0.00000000000000247
0.00000024349131755
0.00000015894571644
0.00000046710578444
0.00000007629394190
0.00000044878791723
0.00000036679781018
0.00000007197541608
0.00000035321270557
0.00000048550692032
0.00000081743512378
0.00000013384903160
0.00000046039450248
0.00000025862353837
0.00000063578288281
0.00000000000000536
0.00000073832849752
0.00000084771049783
0.00000011920928378
0.00000023475060686
0.00000034679066654
0.00000022774312649
0.00000078537885507
0.00000066342561780
0.00000010899135694
0.00000053728129841
0.00000000000000671
0.00000062707351630
0.00000082479940187
0.00000020345051382
0.00000020077354740
0.00000049541523650
0.00000068468924552
0.00000019314922126
0.00000123977660387
0.00000113028067884
0.00000018608280107
0.00000055152250394
0.00000054495676001
0.00000044878790575
0.00000000000000793
0.00000017538837202
0.00000026009298731
0.00000000000000814
0.00000033908419318
0.00000041919750999
0.00000041464099879
0.00000041018249328
0.00000129862035421
0.00000088340356878
0.00000143051148320
0.00000031461419883
0.00000062280772554
0.00000000000000876
0.00000183105469631
0.00000030215424773
0.00000029919193349
0.00000007407180053
0.00000022007867938
0.00000043596541085
0.00000043185251152
0.00000064172478282
0.00000063578286839
0.00000006999443598
0.00000006935812280
0.00000061859954724
0.00000081743511896
0.00000027006705362
0.00000026769804425
0.00000039805535733
0.00000006577063296
0.00000039125099201
0.00000025862355307
0.00000006411254941
0.00000006357827805
0.00000050442278867
0.00000131325644549
0.00000074433118360
0.00000043069161691
0.00000030517579114
0.00000006055074032
0.00000000000000996
0.00000035762787864
0.00000011828517706
0.00000070425179392
0.00000093183443810
0.00000046238755532
0.00000000000000748
0.00000056935779384
0.00000033908420792
0.00000022439396286
0.00000011137802796
0.00000055285468133
0.00000109775461352
0.00000065394810694
0.00000075752853885
0.00000032236878641
0.00000053352409011
0.00000031789143624
0.00000042093210991
0.00000000000000175
0.00000103801286275
0.00000082479940782
0.00000102407980342
0.00000010172526061
0.00000050525791579
0.00000100386770204
0.00000009973064654
0.00000009908304457
0.00000009844380205
0.00000029343825321
0.00000068032817241
0.00000028972384566
0.00000009596722985
0.00000066757202486
0.00000000000000371
0.00000103609061132
0.00000093612203273
0.00000000000000468
0.00000036991004287
0.00000045960207489
0.00000027410998877
0.00000009082613129
0.00000009028869890
0.00000017951517196
0.00000008923269139
0.00000017742778690
0.00000052920654969
0.00000131541285789
0.00000026157924903
0.00000043348833388
0.00000103449418224
0.00000042861766151
0.00000017048925422
0.00000016954211001
0.00000084302702961
0.00000058687651224
0.00000133410176586
0.00000066342562176
0.00000115471918290
0.00000041018249083
0.00000048958682593
0.00000048698264099
0.00000008073434524
0.00000040154706877
0.00000047933367577
0.00000015894570711
0.00000102779406941
0.00000000000001275
0.00000093900241682
0.00000038925483622
0.00000092946939794
0.00000053945212494
0.00000023003200977
