-nan
0.00000011920928955
0.00000005960464466
0.00000000000000015
0.00000000000000022
0.00000009536743200
0.00000000000000044
0.00000013623918857
0.00000005960464522
0.00000010596381293
0.00000009536743129
0.00000017339533090
0.00000015894571851
0.00000014671912669
0.00000006811959530
0.00000000000000142
0.00000011920928800
0.00000011219697673
0.00000010596381116
0.00000010038676828
0.00000019073486524
0.00000018165224871
0.00000008669766723
0.00000008292820359
0.00000047683716042
0.00000045776366960
0.00000007335956512
0.00000000000000237
0.00000047683715579
0.00000013154128747
0.00000076293945064
0.00000024610949849
0.00000023841858166
0.00000023119377152
0.00000056098489368
0.00000010899134923
0.00000042385525253
0.00000072169948307
0.00000020077354030
0.00000039125100124
0.00000019073486257
0.00000037216558793
0.00000018165225210
0.00000008871388825
0.00000034679065857
0.00000059339735022
0.00000033171280324
0.00000048698262693
0.00000015894572236
0.00000054495675542
0.00000091552734034
0.00000007479798198
0.00000029343824738
0.00000021592626434
0.00000000000000421
0.00000076293944873
0.00000034059797471
0.00000006692450870
0.00000026308257494
0.00000045259120606
0.00000044504801953
0.00000056282418137
0.00000012305474500
0.00000024220300663
0.00000041723251920
0.00000035212589554
0.00000046238754132
0.00000079710092733
0.00000044878790733
0.00000022114186409
0.00000087193081007
0.00000053728129841
0.00000105963812263
0.00000020902450089
0.00000010309991918
0.00000101725261118
0.00000020077354740
0.00000039633217624
0.00000009781274311
0.00000019314922126
0.00000028610228746
0.00000028257016028
0.00000055824838796
0.00000018384083978
0.00000054495674445
0.00000062830307119
0.00000017742778773
0.00000043847095808
0.00000026009298731
0.00000008572352592
0.00000008477104214
0.00000067071601102
0.00000058049740165
0.00000106647451277
0.00000040581886651
0.00000016061882371
0.00000023841857052
0.00000055057485444
0.00000038925483172
0.00000038532296488
0.00000053405762600
0.00000007553856858
0.00000044878792252
0.00000044443075836
0.00000088031474459
0.00000000000000907
0.00000007197541099
0.00000078433026975
0.00000007064255117
0.00000034997221695
0.00000006935814140
0.00000158086554285
0.00000006811958464
0.00000108026826164
0.00000100386769201
0.00000026537025408
0.00000006577063296
0.00000071729349334
0.00000025862353380
0.00000006411256876
0.00000069936115565
0.00000037831709394
0.00000081296827951
0.00000006202760764
0.00000024610949115
0.00000000000000989
0.00000024220301092
0.00000078096165489
0.00000035762785866
0.00000059142592318
0.00000011737529152
0.00000011647931428
0.00000161835642369
0.00000011472772983
0.00000000000000700
0.00000022605612773
0.00000089757583327
0.00000022275603911
0.00000044228374609
0.00000021955092647
0.00000021798269663
0.00000097396526314
0.00000075219382362
0.00000085363854597
0.00000063578288017
0.00000000000000216
0.00000020902450946
0.00000020760257363
0.00000020619985124
0.00000122889576400
0.00000071207682311
0.00000060630949898
0.00000060232062033
0.00000059838388388
0.00000000000000129
0.00000019688759916
0.00000078250200521
0.00000009718973690
0.00000048287307430
0.00000038386890419
0.00000066757201811
0.00000132685122653
0.00000000000000404
0.00000084250982118
0.00000018608278877
0.00000055486506181
0.00000027576124281
0.00000045684996631
0.00000027247838204
0.00000063202085497
0.00000035903032436
0.00000116002489267
0.00000141942223127
0.00000061740765732
0.00000070155351244
0.00000008719307240
0.00000034679066875
0.00000060345492616
0.00000042861766151
0.00000119342485193
0.00000194973416730
0.00000016860541358
0.00000058687651224
0.00000041690679489
0.00000049756921891
0.00000041239971499
0.00000188683951858
0.00000187674944579
0.00000016232753188
0.00000016146865575
0.00000112433181384
0.00000023966685597
0.00000087420144442
0.00000086967192800
0.00000188768525759
0.00000046950121490
0.00000062280770364
0.00000038727892363
0.00000092477508106
0.00000099680532949
