-nan
0.00000000000000000
0.00000005960464466
0.00000007947285985
0.00000017881393455
0.00000009536743200
0.00000007947285926
0.00000006811959454
0.00000029802322432
0.00000042385525174
0.00000028610229457
0.00000017339532961
0.00000015894571851
0.00000022007868731
0.00000013623918933
0.00000000000000142
0.00000023841858066
0.00000011219697673
0.00000000000000178
0.00000020077353843
0.00000009536743359
0.00000009082612740
0.00000008669766303
0.00000016585640069
0.00000023841858132
0.00000015258788835
0.00000073359562568
0.00000000000000237
0.00000000000000241
0.00000006577064496
0.00000000000000249
0.00000018458212828
0.00000011920929210
0.00000023119377152
0.00000011219698007
0.00000043596540300
0.00000042385525095
0.00000020619985258
0.00000040154708059
0.00000009781275004
0.00000019073486257
0.00000000000000104
0.00000018165224939
0.00000079842500743
0.00000034679065857
0.00000016954209848
0.00000024878460181
0.00000056814640398
0.00000007947286266
0.00000007785096141
0.00000030517578466
0.00000014959597482
0.00000029343825503
0.00000064777877693
0.00000035321271399
0.00000027743253280
0.00000013623918349
0.00000000000000474
0.00000026308257494
0.00000109915006464
0.00000120798747266
0.00000012507203614
0.00000018458212026
0.00000024220300663
0.00000053644180875
0.00000023475060686
0.00000000000000603
0.00000011387155402
0.00000056098489827
0.00000011057092885
0.00000054495675873
0.00000064473755942
0.00000095367432312
0.00000031353676837
0.00000072169948960
0.00000010172525341
0.00000010038676304
0.00000009908303866
0.00000000000000729
0.00000009657462169
0.00000028610230238
0.00000000000000754
0.00000055824837271
0.00000101112458414
0.00000009082613315
0.00000071806066962
0.00000008871388197
0.00000017538838803
0.00000017339532218
0.00000094295888279
0.00000042385525995
0.00000008383950862
0.00000041464101547
0.00000049221901042
0.00000048698262119
0.00000000000000853
0.00000071525572872
0.00000062922840630
0.00000062280770814
0.00000007706459998
0.00000068664549900
0.00000000000000886
0.00000007479797668
0.00000081478969825
0.00000073359561899
0.00000108991349540
0.00000050382793163
0.00000057042201186
0.00000007064253275
0.00000048996112594
0.00000062422317962
0.00000061859954724
0.00000034059796076
0.00000027006705362
0.00000113771671887
0.00000013268513180
0.00000059193577304
0.00000013041701013
0.00000038793530551
0.00000038467534484
0.00000000000000971
0.00000031526424658
0.00000093804032100
0.00000049622079234
0.00000043069161691
0.00000036621092761
0.00000030275374132
0.00000024029590071
0.00000041723252342
0.00000000000000947
0.00000129112829632
0.00000023295862010
0.00000104037197357
0.00000011472774479
0.00000056935779384
0.00000056514034217
0.00000134636373475
0.00000089102418443
0.00000044228374609
0.00000098797915263
0.00000054495674797
0.00000064931017670
0.00000064473756942
0.00000042681927149
0.00000031789144137
0.00000010523302586
0.00000041804901366
0.00000062280771548
0.00000051549963145
0.00000010240797971
0.00000030517578144
0.00000111156741534
0.00000080309416175
0.00000129649841800
0.00000227891005608
0.00000078755040488
0.00000088031475160
0.00000029156922011
0.00000067602229754
0.00000028790167739
0.00000152587890963
0.00000113730105184
0.00000028257017186
0.00000000000000436
0.00000046520698829
0.00000009247750447
0.00000137880624590
0.00000027410998877
0.00000063578288353
0.00000018057739158
0.00000035903032436
0.00000035693073149
0.00000062099723639
0.00000052920654969
0.00000219235475804
0.00000069754465082
0.00000060688366413
0.00000034483138273
0.00000120012946804
0.00000042622314912
0.00000025431316036
0.00000025290809643
0.00000025151849119
0.00000025014409309
0.00000008292821178
0.00000049487965587
0.00000057425551320
0.00000008159779138
0.00000073047395582
0.00000032293734624
0.00000024092823654
0.00000023966683186
0.00000039736431079
0.00000039530540361
0.00000031461419473
0.00000015650038767
0.00000116776448226
0.00000054219046088
0.00000177248561181
0.00000038338664601
