-nan
0.00000011920928955
0.00000000000000011
0.00000000000000015
0.00000011920928977
0.00000000000000036
0.00000015894571896
0.00000006811959352
0.00000000000000044
0.00000010596381293
0.00000009536743129
0.00000008669766448
0.00000000000000089
0.00000000000000109
0.00000027247837485
0.00000012715657694
0.00000023841857755
0.00000011219698007
0.00000021192762764
0.00000030116031231
0.00000009536742969
0.00000018165224871
0.00000000000000210
0.00000000000000216
0.00000039736430072
0.00000015258788835
0.00000022007869072
0.00000000000000237
0.00000013623919047
0.00000052616514254
0.00000038146972408
0.00000006152737777
0.00000017881393177
0.00000011559688468
0.00000056098489368
0.00000054495675345
0.00000042385525095
0.00000051549963011
0.00000000000000000
0.00000029343825157
0.00000066757202219
0.00000018608279448
0.00000009082612402
0.00000008871388825
0.00000034679065857
0.00000050862630429
0.00000041464100466
0.00000016232754594
0.00000023841857614
0.00000015570193240
0.00000068664550440
0.00000074797985238
0.00000044015738063
0.00000021592626434
0.00000007064253775
0.00000013871625981
0.00000006811959860
0.00000060232061615
0.00000019731192263
0.00000064655886364
0.00000019073486849
0.00000018760806760
0.00000012305474500
0.00000030275375688
0.00000011920928378
0.00000011737529458
0.00000034679065448
0.00000034161467435
0.00000089757582094
0.00000055285468256
0.00000010899134395
0.00000161184390845
0.00000074174668383
0.00000041804902222
0.00000000000000691
0.00000091552733674
0.00000060232062799
0.00000000000000720
0.00000019562549351
0.00000038629844990
0.00000000000000746
0.00000122447073478
0.00000027912419779
0.00000009192042374
0.00000063578288539
0.00000053854548847
0.00000079842501702
0.00000026308256204
0.00000043348833371
0.00000094295888279
0.00000033908420960
0.00000067071599447
0.00000066342560307
0.00000008203650874
0.00000008116378008
0.00000104402241807
0.00000071525572872
0.00000007865354322
0.00000015570193791
0.00000030825837366
0.00000015258789944
0.00000015107712829
0.00000014959598012
0.00000029628717523
0.00000007335957182
0.00000029064361026
0.00000050382794986
0.00000021390826705
0.00000042385526095
0.00000062994999791
0.00000027743253771
0.00000075606613406
0.00000013623919745
0.00000074268441396
0.00000020077354977
0.00000013268513180
0.00000013154129458
0.00000052166799254
0.00000084052650652
0.00000083346325845
0.00000019073485357
0.00000075663417814
0.00000006253601096
0.00000024811038144
0.00000024610951086
0.00000012207032239
0.00000036330451141
0.00000024029588079
0.00000065565110252
0.00000047314073665
0.00000011737530944
0.00000046591723174
0.00000011559689480
0.00000149146059254
0.00000079710091418
0.00000022605612773
0.00000011219698446
0.00000011137802796
0.00000055285468133
0.00000065865276999
0.00000119890485917
0.00000075752853885
0.00000032236877961
0.00000064022890873
0.00000000000000257
0.00000031569908190
0.00000052256127102
0.00000041520514591
0.00000061859955563
0.00000030722394028
0.00000040690104186
0.00000080841266537
0.00000010038677071
0.00000149595971108
0.00000009908304457
0.00000039377520326
0.00000097812750200
0.00000009718974160
0.00000019314922594
0.00000047983613100
0.00000162124633452
0.00000009477508364
0.00000000000000404
0.00000074889761834
0.00000055824837566
0.00000018495501394
0.00000027576125343
0.00000018273998316
0.00000136239188650
0.00000117375299859
0.00000026927275468
0.00000107079220810
0.00000088713889188
0.00000008820108545
0.00000114002447786
0.00000104631697224
0.00000043348833388
0.00000120690986084
0.00000171447067240
0.00000127866948356
0.00000093248156314
0.00000008430269242
0.00000041919751156
0.00000100057632187
0.00000008292819108
0.00000057735959675
0.00000098443801488
0.00000057118460622
0.00000121745658547
0.00000064587465773
0.00000032123765266
0.00000063911157172
0.00000079472860929
0.00000015812215393
0.00000055057485033
0.00000015650041361
0.00000062280770364
0.00000077455780701
0.00000115596885473
0.00000069009597390
