-nan
0.00000011920928955
0.00000000000000011
0.00000000000000015
0.00000011920928933
0.00000038146972692
0.00000007947285926
0.00000006811959454
0.00000005960464522
0.00000010596381293
0.00000019073486293
0.00000008669766577
0.00000039736429761
0.00000022007868731
0.00000006811959276
0.00000019073486470
0.00000011920929111
0.00000011219697673
0.00000031789143703
0.00000010038677202
0.00000000000000195
0.00000009082612740
0.00000034679066261
0.00000049756920640
0.00000063578287982
0.00000022888183821
0.00000000000000232
0.00000021192762350
0.00000040871756176
0.00000039462385261
0.00000025431314855
0.00000018458212323
0.00000011920929210
0.00000023119377583
0.00000000000000167
0.00000043596540057
0.00000010596381372
0.00000020619985258
0.00000040154708059
0.00000000000000036
0.00000066757202219
0.00000018608279241
0.00000045413062821
0.00000062099722764
0.00000017339532832
0.00000016954209848
0.00000041464100960
0.00000008116376889
0.00000007947286266
0.00000007785096779
0.00000038146972997
0.00000014959597482
0.00000022007869223
0.00000014395083619
0.00000028257016361
0.00000041614878822
0.00000061307634169
0.00000033462257190
0.00000059193578750
0.00000051724708181
0.00000031789144401
0.00000031268009838
0.00000086138324803
0.00000012110150614
0.00000041723251920
0.00000023475060686
0.00000046238754132
0.00000056935780699
0.00000011219698467
0.00000000000000638
0.00000043596540828
0.00000053728131162
0.00000095367430970
0.00000041804900860
0.00000144339895846
0.00000020345051382
0.00000040154708770
0.00000029724914478
0.00000078250199592
0.00000019314922126
0.00000028610228746
0.00000037676021622
0.00000120953814977
0.00000073536332061
0.00000090826124594
0.00000000000000786
0.00000044356944156
0.00000087694189214
0.00000069358131295
0.00000000000000814
0.00000050862631029
0.00000058687649413
0.00000058049740165
0.00000057425551076
0.00000081163772456
0.00000184711657925
0.00000111262004439
0.00000015730711238
0.00000000000000870
0.00000107890428590
0.00000099182129787
0.00000045323136716
0.00000044878792252
0.00000037035894886
0.00000051351694862
0.00000050862631115
0.00000014395083110
0.00000035651375398
0.00000021192761666
0.00000083993333363
0.00000076293946243
0.00000020619986154
0.00000027247836673
0.00000006751675633
0.00000020077354977
0.00000039805537636
0.00000065770641555
0.00000097812751360
0.00000090518241165
0.00000089757581753
0.00000044504800461
0.00000075663417814
0.00000043775213545
0.00000000000000982
0.00000006152736540
0.00000073242188489
0.00000060550749256
0.00000006007396273
0.00000053644181297
0.00000059142592318
0.00000011737530944
0.00000151423098413
0.00000092477510266
0.00000034418321942
0.00000011387156717
0.00000067816840930
0.00000067318186434
0.00000089102417323
0.00000011057094038
0.00000065865276999
0.00000032697404708
0.00000075752853119
0.00000161184391165
0.00000000000000298
0.00000000000000257
0.00000042093210991
0.00000062707352136
0.00000041520514320
0.00000092789933584
0.00000092167182314
0.00000050862630227
0.00000030315474940
0.00000090348093189
0.00000049865323641
0.00000029724913629
0.00000029533140286
0.00000029343824920
0.00000029156921540
0.00000048287307430
0.00000038386890419
0.00000009536742827
0.00000104252596450
0.00000075352044350
0.00000037444880699
0.00000046520698829
0.00000101725260916
0.00000036768165885
0.00000027410998877
0.00000027247837019
0.00000099317561323
0.00000161563649549
0.00000098155952352
0.00000097585279599
0.00000000000000739
0.00000017538838771
0.00000061035157046
0.00000078027897791
0.00000060345494319
0.00000000000000878
0.00000059671241239
0.00000101725259485
0.00000092732973161
0.00000033535799154
0.00000083381359988
0.00000132685123318
0.00000041239971499
0.00000024610951186
0.00000106077144325
0.00000032465509777
0.00000113028065972
0.00000016061884405
0.00000031955577983
0.00000000000001229
0.00000039530540361
0.00000007865353912
0.00000023475061393
0.00000031140387161
0.00000038727892363
0.00000084771048984
0.00000076677330587
