-nan
0.00000005960464478
0.00000005960464466
0.00000007947285955
0.00000011920928933
0.00000019073486293
0.00000000000000044
0.00000013623918755
0.00000011920928911
0.00000042385525174
0.00000028610229457
0.00000017339532961
0.00000023841857821
0.00000000000000109
0.00000020435878336
0.00000012715657410
0.00000000000000155
0.00000033659093353
0.00000031789144058
0.00000040154707872
0.00000019073486524
0.00000045413062483
0.00000000000000210
0.00000033171280787
0.00000039736429628
0.00000022888183821
0.00000022007868608
0.00000035321270741
0.00000020435877968
0.00000032885321500
0.00000006357829025
0.00000036916425403
0.00000047683716076
0.00000011559688899
0.00000067318187208
0.00000010899135166
0.00000031789143959
0.00000020619985181
0.00000030116031044
0.00000039125100197
0.00000047683715749
0.00000009304139776
0.00000036330450013
0.00000017742777814
0.00000052018599270
0.00000050862630429
0.00000008292819896
0.00000008116377433
0.00000039736430146
0.00000007785096779
0.00000114440917628
0.00000082277783798
0.00000022007869223
0.00000035987709651
0.00000014128507970
0.00000034679065612
0.00000054495675680
0.00000020077354503
0.00000059193577770
0.00000019396765252
0.00000012715658073
0.00000018760806760
0.00000012305475601
0.00000048440599634
0.00000059604644198
0.00000070425180879
0.00000034679066654
0.00000056935780699
0.00000044878790733
0.00000055285468256
0.00000010899135694
0.00000021491252861
0.00000084771051018
0.00000125414703942
0.00000061859954967
0.00000040690104868
0.00000050193384363
0.00000079266435969
0.00000068468926009
0.00000019314922126
0.00000019073485582
0.00000018838011943
0.00000037216559452
0.00000000000000770
0.00000099908737131
0.00000035903032302
0.00000017742777186
0.00000070155351211
0.00000060688366397
0.00000034289412809
0.00000042385524353
0.00000008383950862
0.00000024878461262
0.00000065629199428
0.00000040581886651
0.00000088340358583
0.00000047683716679
0.00000047192130257
0.00000101206253116
0.00000077064590349
0.00000022888184475
0.00000007553855085
0.00000000000000892
0.00000007407180053
0.00000007335955378
0.00000108991351353
0.00000057580336997
0.00000092693577501
0.00000021192763508
0.00000048996110743
0.00000062422317962
0.00000034366641098
0.00000006811958464
0.00000040510058515
0.00000013384903634
0.00000039805537636
0.00000072347707717
0.00000026083399147
0.00000000000000963
0.00000006411256876
0.00000050862629237
0.00000069358133077
0.00000056282417695
0.00000018608280327
0.00000061527376238
0.00000091552733386
0.00000024220299107
0.00000024029590071
0.00000041723252342
0.00000035485555012
0.00000082162711233
0.00000081535514921
0.00000104037197357
0.00000172091606716
0.00000000000000700
0.00000022605614079
0.00000000000000606
0.00000033413407266
0.00000055285467103
0.00000065865276999
0.00000043596539752
0.00000086574689333
0.00000021491252541
0.00000106704818321
0.00000084771050091
0.00000073663119396
0.00000135865929833
0.00000103801286004
0.00000082479940782
0.00000122889576400
0.00000000000000019
0.00000040420633259
0.00000040154708115
0.00000019946129586
0.00000029724913629
0.00000029533139956
0.00000068468925481
0.00000077751791166
0.00000019314923134
0.00000019193445666
0.00000066757202486
0.00000142162630646
0.00000037676022780
0.00000074889761834
0.00000037216558221
0.00000092477509969
0.00000101112458174
0.00000137054991018
0.00000090826124780
0.00000099317561323
0.00000008975757620
0.00000008923269139
0.00000070971112629
0.00000079380982823
0.00000026308256237
0.00000017438615276
0.00000104037197330
0.00000077587063881
0.00000008572352528
0.00000076720169376
0.00000084771051279
0.00000008430269242
0.00000008383951018
0.00000066705089807
0.00000024878459393
0.00000140215898433
0.00000024610949016
0.00000171355386303
0.00000016232755456
0.00000000000001158
0.00000040154709241
0.00000000000001205
0.00000031789145109
0.00000015812217897
0.00000047192129847
0.00000156500399344
0.00000124561544687
0.00000116183674406
0.00000069358130739
0.00000038338664601
