-nan
0.00000011920928955
0.00000011920928966
0.00000007947285985
0.00000000000000022
0.00000000000000036
0.00000007947286014
0.00000006811959454
0.00000000000000044
0.00000010596381293
0.00000009536743200
0.00000026009299603
0.00000023841857999
0.00000044015737571
0.00000000000000127
0.00000031789143738
0.00000000000000155
0.00000011219697673
0.00000042385524996
0.00000010038677202
0.00000019073486133
0.00000036330449946
0.00000017339533236
0.00000024878460644
0.00000015894572162
0.00000030517577898
0.00000029343824888
0.00000028257017019
0.00000047683715579
0.00000006577064006
0.00000000000000249
0.00000030763687878
0.00000011920929210
0.00000000000000215
0.00000033659093687
0.00000054495675345
0.00000031789143959
0.00000020619985258
0.00000010038677015
0.00000019562550117
0.00000028610229563
0.00000046520698465
0.00000018165225210
0.00000017742778145
0.00000026009299732
0.00000016954210291
0.00000041464100960
0.00000024349131755
0.00000007947285674
0.00000023355289062
0.00000015258789404
0.00000059838388118
0.00000000000000383
0.00000043185252466
0.00000049449778948
0.00000013871625981
0.00000061307634169
0.00000046847159876
0.00000026308256514
0.00000006465588080
0.00000044504801953
0.00000018760805689
0.00000024610949551
0.00000006055074461
0.00000005960465055
0.00000070425180879
0.00000115596886234
0.00000056935780699
0.00000033659092893
0.00000011057092885
0.00000010899135694
0.00000032236878962
0.00000010596381964
0.00000020902450089
0.00000051549962358
0.00000122070313201
0.00000040154707349
0.00000049541523650
0.00000088031476089
0.00000009657462169
0.00000076293944566
0.00000084771051102
0.00000018608280107
0.00000018384082437
0.00000054495676001
0.00000008975757486
0.00000008871389783
0.00000096463609816
0.00000026009300346
0.00000060006473027
0.00000000000000821
0.00000058687649413
0.00000008292819309
0.00000016407299227
0.00000000000000847
0.00000072278473654
0.00000055631000932
0.00000015730711238
0.00000038925481432
0.00000000000000876
0.00000045776368069
0.00000030215424773
0.00000082277785052
0.00000022221538366
0.00000014671913462
0.00000021798270996
0.00000028790167131
0.00000078433026975
0.00000035321271899
0.00000097992222411
0.00000041614880192
0.00000116846581976
0.00000061307633687
0.00000006751675633
0.00000060232061141
0.00000072976816304
0.00000065770641555
0.00000006520849067
0.00000038793532478
0.00000025645024602
0.00000069936115565
0.00000018915855185
0.00000093804032100
0.00000012405518581
0.00000055374636741
0.00000067138672864
0.00000030275376117
0.00000072088768220
0.00000023841858909
0.00000106456666931
0.00000035212591041
0.00000093183445503
0.00000080917819989
0.00000045891095673
0.00000022774312734
0.00000056514032912
0.00000033659092914
0.00000000000000560
0.00000000000000515
0.00000065865276058
0.00000065394810694
0.00000086574689333
0.00000064473756942
0.00000117375300183
0.00000021192762330
0.00000021046605388
0.00000010451225560
0.00000072660900433
0.00000123719911414
0.00000081926384171
0.00000010172526061
0.00000111156741534
0.00000120464124122
0.00000009973064840
0.00000079266436818
0.00000049221900037
0.00000097812750200
0.00000116627686867
0.00000086917152618
0.00000057580335781
0.00000038146972319
0.00000047387543302
0.00000113028067533
0.00000046806101855
0.00000065128977238
0.00000018495502393
0.00000036768166946
0.00000009137000000
0.00000000000000592
0.00000144461908906
0.00000008975758924
0.00000008923269139
0.00000053228333228
0.00000132301640010
0.00000008769419769
0.00000069754465082
0.00000138716263381
0.00000060345492616
0.00000094295888343
0.00000213111579990
0.00000016954209138
0.00000143314592447
0.00000041919751156
0.00000141748314705
0.00000049756919821
0.00000041239971499
0.00000073832849218
0.00000048958682593
0.00000056814641260
0.00000129174932705
0.00000080309417300
0.00000007988893592
0.00000127156576749
0.00000173934381844
0.00000165172457649
0.00000007825018735
0.00000023355288062
0.00000054219048772
0.00000084771051711
0.00000161022395757
