-nan
0.00000011920928955
0.00000005960464466
0.00000015894571925
0.00000000000000022
0.00000019073486364
0.00000000000000044
0.00000000000000051
0.00000011920928911
0.00000000000000000
0.00000028610229457
0.00000008669766448
0.00000007947285881
0.00000007335956171
0.00000000000000127
0.00000044504801574
0.00000005960464322
0.00000056098489033
0.00000010596381116
0.00000020077353843
0.00000009536743359
0.00000027247837409
0.00000008669766723
0.00000033171280787
0.00000000000000222
0.00000000000000227
0.00000058687650473
0.00000028257017019
0.00000020435878450
0.00000026308257249
0.00000025431314855
0.00000012305475303
0.00000059604645031
0.00000034679065836
0.00000044878791193
0.00000010899135166
0.00000021192762666
0.00000030929977791
0.00000040154708059
0.00000039125100124
0.00000047683715891
0.00000000000000104
0.00000009082612673
0.00000008871389155
0.00000043348832758
0.00000000000000221
0.00000049756920609
0.00000056814639854
0.00000000000000296
0.00000007785096141
0.00000015258788721
0.00000044878790998
0.00000036679781783
0.00000043185251661
0.00000049449779790
0.00000006935812771
0.00000061307635083
0.00000020077354503
0.00000032885320765
0.00000032327942423
0.00000038146972135
0.00000012507204685
0.00000036916424601
0.00000024220299535
0.00000011920929532
0.00000035212589554
0.00000000000000603
0.00000011387156632
0.00000044878791987
0.00000022114186409
0.00000000000000650
0.00000075219383363
0.00000021192761916
0.00000010451226067
0.00000000000000691
0.00000081380207632
0.00000060232061378
0.00000019816608452
0.00000019562549351
0.00000077259690718
0.00000009536742418
0.00000028257016028
0.00000037216557926
0.00000055152248853
0.00000027247838390
0.00000143612131567
0.00000035485556752
0.00000078924771813
0.00000121376730372
0.00000034289414438
0.00000016954210891
0.00000033535800965
0.00000041464099879
0.00000041018249328
0.00000040581886651
0.00000088340356878
0.00000127156576379
0.00000047192130257
0.00000031140386712
0.00000038532294737
0.00000091552735256
0.00000030215423000
0.00000059838387589
0.00000044443074043
0.00000044015738582
0.00000021798269182
0.00000028790168954
0.00000085563304071
0.00000084771049426
0.00000013998889974
0.00000027743251911
0.00000061859954724
0.00000006811960342
0.00000054013411667
0.00000006692450396
0.00000039805535733
0.00000006577063296
0.00000071729351253
0.00000116380595508
0.00000012822510850
0.00000012715656581
0.00000094579272023
0.00000031268011352
0.00000043419317488
0.00000073832851288
0.00000006103514636
0.00000054495676216
0.00000018022192802
0.00000089406968162
0.00000059142594213
0.00000000000000896
0.00000128127235557
0.00000011559689480
0.00000022945546714
0.00000068322936801
0.00000146936486616
0.00000123416676847
0.00000066826812852
0.00000011057094038
0.00000098797914323
0.00000065394809842
0.00000010821836598
0.00000021491252541
0.00000138716264503
0.00000052981906210
0.00000010523302586
0.00000052256127102
0.00000093421157661
0.00000051549963145
0.00000040963192057
0.00000050862630189
0.00000111156741496
0.00000060232062145
0.00000059838388388
0.00000009908304715
0.00000049221900037
0.00000009781274840
0.00000106908712941
0.00000096574614050
0.00000105563949793
0.00000057220458647
0.00000094775087715
0.00000037676021973
0.00000037444880699
0.00000130257955880
0.00000009247750447
0.00000073536332301
0.00000027410998877
0.00000072660900890
0.00000018057739158
0.00000017951515892
0.00000026769806054
0.00000035485556670
0.00000008820110024
0.00000061385933778
0.00000008719307240
0.00000052018599900
0.00000034483138273
0.00000205736482620
0.00000110818022029
0.00000042385526105
0.00000126454052046
0.00000075455549325
0.00000016676273209
0.00000124392301105
0.00000016495989236
0.00000106647451522
0.00000008159779138
0.00000073047395582
0.00000032293734624
0.00000120464122996
0.00000047933369988
0.00000047683717049
0.00000071154973651
0.00000007865356461
0.00000054775141522
0.00000140131734969
0.00000116183674406
0.00000015412916881
0.00000023003200977
