-nan
0.00000000000000000
0.00000000000000011
0.00000015894571925
0.00000011920928933
0.00000019073486293
0.00000007947285926
0.00000000000000051
0.00000023841857866
0.00000021192762587
0.00000000000000036
0.00000008669766448
0.00000007947285881
0.00000036679781291
0.00000006811959276
0.00000012715657410
0.00000000000000155
0.00000011219698007
0.00000010596381471
0.00000060232062276
0.00000009536743359
0.00000000000000203
0.00000008669766303
0.00000049756920640
0.00000000000000222
0.00000015258789290
0.00000044015737448
0.00000028257017019
0.00000000000000241
0.00000000000000245
0.00000019073486577
0.00000006152737273
0.00000023841858166
0.00000023119377152
0.00000000000000167
0.00000043596540057
0.00000010596381214
0.00000041239970478
0.00000010038677015
0.00000029343825157
0.00000009536743093
0.00000000000000104
0.00000027247837476
0.00000062099723094
0.00000017339533219
0.00000008477104814
0.00000000000000247
0.00000008116377433
0.00000063578288056
0.00000000000000319
0.00000000000000341
0.00000082277783798
0.00000044015737298
0.00000064777877693
0.00000056514033986
0.00000000000000439
0.00000061307634169
0.00000013384903160
0.00000059193578750
0.00000045259119595
0.00000057220458463
0.00000025014408835
0.00000018458213126
0.00000000000000564
0.00000000000000577
0.00000000000000590
0.00000057798444021
0.00000022774312649
0.00000067318186413
0.00000033171281209
0.00000065394809618
0.00000042982505062
0.00000052981905796
0.00000031353675474
0.00000010309993301
0.00000061035155549
0.00000050193384363
0.00000059449828236
0.00000009781275769
0.00000019314923601
0.00000095367432387
0.00000094190055187
0.00000027912418254
0.00000064344291998
0.00000027247836833
0.00000008975759058
0.00000097585279681
0.00000078924770213
0.00000026009298731
0.00000111440593462
0.00000008477104214
0.00000050303701034
0.00000008292820977
0.00000008203649193
0.00000097396526777
0.00000040154708912
0.00000007947285111
0.00000015730711238
0.00000007785097331
0.00000038532294737
0.00000022888184475
0.00000067984704630
0.00000029919195132
0.00000007407180053
0.00000190734862379
0.00000014532179153
0.00000028790167131
0.00000028521100135
0.00000035321270057
0.00000013998889974
0.00000055486506612
0.00000103099925163
0.00000061307633687
0.00000054013411667
0.00000040154709007
0.00000053074049865
0.00000078924770057
0.00000026083401066
0.00000012931176208
0.00000070523815962
0.00000025431314133
0.00000107189839547
0.00000043775215502
0.00000148866235738
0.00000012305476036
0.00000030517577136
0.00000072660899305
0.00000030036985348
0.00000000000000999
0.00000047314073665
0.00000093900239488
0.00000023295862010
0.00000011559687887
0.00000091782190598
0.00000125258715485
0.00000056514032912
0.00000044878790754
0.00000000000000560
0.00000077399655180
0.00000021955091706
0.00000021798270516
0.00000000000000383
0.00000021491251860
0.00000064022890873
0.00000021192762843
0.00000084186422198
0.00000010451225560
0.00000103801286004
0.00000020619985316
0.00000000000000057
0.00000030517578106
0.00000080841266575
0.00000010038677071
0.00000029919194147
0.00000049541523059
0.00000049221900037
0.00000136937850360
0.00000019437948086
0.00000096574614589
0.00000047983613100
0.00000028610229155
0.00000009477508364
0.00000103609061132
0.00000028083660415
0.00000018608279812
0.00000018495501394
0.00000174648789944
0.00000018273999439
0.00000072660899706
0.00000108346431835
0.00000017951517196
0.00000053539611427
0.00000026614167680
0.00000008820110024
0.00000166618960260
0.00000052315847418
0.00000078027897791
0.00000025862355194
0.00000068578828125
0.00000034097851749
0.00000016954209138
0.00000033721081759
0.00000041919749188
0.00000016676273209
0.00000000000001035
0.00000057735959675
0.00000082036499251
0.00000081597801364
0.00000040581884671
0.00000169542101852
0.00000000000001182
0.00000039944472780
0.00000119209288322
0.00000015812215393
0.00000086518905781
0.00000039125098863
0.00000023355290701
0.00000007745579546
0.00000115596888201
0.00000092012799752
