-nan
0.00000000000000000
0.00000005960464466
0.00000000000000015
0.00000011920928933
0.00000000000000036
0.00000000000000044
0.00000013623918857
0.00000023841857866
0.00000010596381293
0.00000009536743200
0.00000008669766448
0.00000007947286059
0.00000007335956389
0.00000020435878082
0.00000050862630066
0.00000005960464322
0.00000011219698007
0.00000010596381116
0.00000020077353843
0.00000028610229688
0.00000036330449946
0.00000043348832354
0.00000049756920640
0.00000000000000222
0.00000030517578352
0.00000036679781168
0.00000007064254432
0.00000040871756176
0.00000019731192508
0.00000038146972408
0.00000036916425403
0.00000005960464222
0.00000011559688899
0.00000011219698007
0.00000021798270211
0.00000010596381214
0.00000010309992571
0.00000040154708059
0.00000048906375237
0.00000057220459055
0.00000000000000104
0.00000009082612402
0.00000017742777814
0.00000008669766319
0.00000008477105256
0.00000000000000247
0.00000032465508371
0.00000031789143584
0.00000015570192602
0.00000030517578466
0.00000029919193878
0.00000029343824738
0.00000043185251661
0.00000028257017203
0.00000006935812771
0.00000006811959860
0.00000013384903160
0.00000006577064741
0.00000019396766263
0.00000012715657031
0.00000025014408835
0.00000049221900752
0.00000012110149486
0.00000083446502108
0.00000046950119602
0.00000046238755338
0.00000011387155402
0.00000011219698467
0.00000022114187686
0.00000043596539529
0.00000042982505062
0.00000010596380622
0.00000052256126245
0.00000000000000691
0.00000030517578826
0.00000020077354740
0.00000029724913038
0.00000078250199592
0.00000077259690718
0.00000047683715074
0.00000028257016028
0.00000037216557926
0.00000073536333602
0.00000172569637429
0.00000017951515758
0.00000070971112712
0.00000017538838803
0.00000078027897808
0.00000051434119621
0.00000025431314283
0.00000083839501171
0.00000016585639451
0.00000041018249328
0.00000056814639280
0.00000096371300195
0.00000000000000859
0.00000133711037312
0.00000070065867274
0.00000177248558941
0.00000007629395412
0.00000030215423000
0.00000104717178949
0.00000059257434149
0.00000022007869742
0.00000021798270996
0.00000014395083110
0.00000035651377231
0.00000042385524253
0.00000083993335215
0.00000006935812280
0.00000048113297911
0.00000054495676162
0.00000020255028786
0.00000066924514379
0.00000000000000952
0.00000026308256049
0.00000065208501227
0.00000071121473480
0.00000044878792328
0.00000063578286789
0.00000088273985337
0.00000043775213545
0.00000024811040108
0.00000030763686640
0.00000067138670886
0.00000078715976315
0.00000066081368960
0.00000095367430641
0.00000082799629624
0.00000070425181185
0.00000011647931428
0.00000092477510266
0.00000172091605220
0.00000022774311334
0.00000045211227504
0.00000044878790754
0.00000144791429620
0.00000088456748703
0.00000065865276058
0.00000054495675650
0.00000119040197977
0.00000053728130162
0.00000053352409608
0.00000063578288017
0.00000084186422629
0.00000010451225210
0.00000062280771819
0.00000103099926194
0.00000040963192171
0.00000040690104186
0.00000020210316620
0.00000000000000056
0.00000019946129401
0.00000009908304457
0.00000029533139956
0.00000097812750200
0.00000000000000235
0.00000019314922594
0.00000086370503823
0.00000038146972319
0.00000066342560771
0.00000037676021973
0.00000093612202402
0.00000009304140140
0.00000027743253340
0.00000082728374966
0.00000045684996631
0.00000090826125964
0.00000009028868646
0.00000080781825101
0.00000017846536234
0.00000133070835558
0.00000132301638531
0.00000140310704791
0.00000104631695633
0.00000026009298715
0.00000025862355194
0.00000120012948561
0.00000059671241239
0.00000084771051279
0.00000084302702961
0.00000159295049669
0.00000025014409309
0.00000174149224031
0.00000115471916170
0.00000065629199184
0.00000065278240869
0.00000097396524797
0.00000056514032407
0.00000016061884405
0.00000031955577983
0.00000127156574292
0.00000094873298619
0.00000086518905781
0.00000062600161554
0.00000186842313731
0.00000000000001342
0.00000077064589861
0.00000038338667372
