-nan
0.00000000000000000
0.00000000000000011
0.00000015894571925
0.00000023841857888
0.00000019073486364
0.00000031789143836
0.00000020435878158
0.00000000000000044
0.00000000000000000
0.00000009536743200
0.00000000000000065
0.00000000000000089
0.00000000000000109
0.00000020435878336
0.00000006357828918
0.00000011920929111
0.00000000000000167
0.00000063578287938
0.00000020077353843
0.00000019073486524
0.00000000000000203
0.00000017339533236
0.00000024878460644
0.00000015894571718
0.00000000000000227
0.00000036679781633
0.00000014128508628
0.00000006811959162
0.00000019731192998
0.00000006357828527
0.00000000000000252
0.00000023841858166
0.00000011559688468
0.00000000000000167
0.00000010899135166
0.00000000000000079
0.00000020619985181
0.00000030116031044
0.00000068468925317
0.00000019073486399
0.00000009304139776
0.00000018165225210
0.00000000000000165
0.00000034679065857
0.00000000000000221
0.00000041464100960
0.00000064931017015
0.00000023841858206
0.00000007785096141
0.00000030517578466
0.00000014959597482
0.00000022007868458
0.00000043185251661
0.00000007064254617
0.00000034679065612
0.00000027247838068
0.00000020077353556
0.00000013154128012
0.00000019396765252
0.00000006357829297
0.00000012507203614
0.00000006152736975
0.00000066605825837
0.00000000000000577
0.00000000000000590
0.00000011559689287
0.00000000000000615
0.00000044878790733
0.00000033171279932
0.00000087193079708
0.00000042982505062
0.00000021192761916
0.00000083609802401
0.00000113409919399
0.00000020345052784
0.00000010038677725
0.00000099083045141
0.00000009781274311
0.00000077259692193
0.00000057220459730
0.00000018838011943
0.00000055824837271
0.00000073536332061
0.00000108991351225
0.00000053854550418
0.00000062099722136
0.00000008769419802
0.00000078027897808
0.00000034289414438
0.00000076293944491
0.00000000000000828
0.00000041464099879
0.00000008203650874
0.00000056814640973
0.00000056216590430
0.00000000000000859
0.00000015730709509
0.00000046710579633
0.00000092477508594
0.00000053405762600
0.00000007553856858
0.00000029919193349
0.00000037035896680
0.00000014671913462
0.00000065394811175
0.00000035987709141
0.00000042781650661
0.00000021192761666
0.00000006999445450
0.00000013871627351
0.00000096226598626
0.00000040871755478
0.00000006751677520
0.00000013384903634
0.00000006634257066
0.00000092078898560
0.00000019562549121
0.00000142242947924
0.00000038467534484
0.00000089009603836
0.00000025221137971
0.00000056282419652
0.00000093041397705
0.00000012305476036
0.00000164794920886
0.00000078715974330
0.00000036044382616
0.00000047683714821
0.00000011828517706
0.00000035212589248
0.00000000000000846
0.00000000000000797
0.00000022945548210
0.00000011387156717
0.00000011302807366
0.00000089757583327
0.00000089102418443
0.00000022114187562
0.00000087820369175
0.00000021798269663
0.00000075752853119
0.00000075219382362
0.00000053352409011
0.00000010596381550
0.00000063139816595
0.00000114963479413
0.00000020760257093
0.00000010309992706
0.00000030722394028
0.00000061035156269
0.00000030315474940
0.00000080309416062
0.00000129649841615
0.00000009908304715
0.00000137821320730
0.00000000000000200
0.00000058313843786
0.00000057944768862
0.00000095967227112
0.00000047683715483
0.00000104252596450
0.00000056514033161
0.00000028083660415
0.00000027912418549
0.00000009247751447
0.00000009192042135
0.00000045684997755
0.00000154404412540
0.00000027086608426
0.00000017951517196
0.00000017846537597
0.00000026614167680
0.00000017640219309
0.00000105233027250
0.00000061035155454
0.00000095367430817
0.00000086207846960
0.00000017144705934
0.00000000000000905
0.00000008477105966
0.00000075872432760
0.00000092223451362
0.00000025014409309
0.00000024878459393
0.00000049487963467
0.00000016407298982
0.00000008159779138
0.00000089280149904
0.00000024220301257
0.00000024092826017
0.00000015977788389
0.00000039736428622
0.00000118591626090
0.00000110114971341
0.00000070425178991
0.00000015570191601
0.00000007745576863
0.00000077064589861
0.00000069009600161
