-nan
0.00000005960464478
0.00000005960464466
0.00000007947285955
0.00000005960464500
0.00000028610229457
0.00000007947286014
0.00000006811959454
0.00000023841857866
0.00000000000000000
0.00000047683715856
0.00000008669766448
0.00000015894571851
0.00000000000000109
0.00000000000000127
0.00000019073486470
0.00000005960464322
0.00000011219697673
0.00000021192762409
0.00000010038676828
0.00000028610229688
0.00000045413062889
0.00000026009299748
0.00000000000000216
0.00000039736429628
0.00000030517577898
0.00000029343824888
0.00000007064254432
0.00000006811959644
0.00000006577064496
0.00000006357828527
0.00000000000000252
0.00000011920929210
0.00000034679066266
0.00000056098489033
0.00000021798269967
0.00000010596381372
0.00000010309992648
0.00000060232062089
0.00000048906375237
0.00000009536743235
0.00000037216558585
0.00000018165224939
0.00000035485555794
0.00000043348832370
0.00000042385524953
0.00000058049741246
0.00000000000000272
0.00000039736430146
0.00000054495674904
0.00000076293944971
0.00000007479798198
0.00000051351694343
0.00000028790167640
0.00000042385524753
0.00000055486505243
0.00000013623919263
0.00000053539610272
0.00000013154128992
0.00000025862354849
0.00000025431314583
0.00000000000000536
0.00000036916425701
0.00000030275375688
0.00000035762786288
0.00000035212590735
0.00000023119376765
0.00000068322935486
0.00000067318186413
0.00000000000000638
0.00000021798270739
0.00000021491252861
0.00000010596380622
0.00000031353676837
0.00000061859954967
0.00000030517577424
0.00000040154707349
0.00000009908305306
0.00000068468926009
0.00000038629844990
0.00000066757201402
0.00000028257017537
0.00000046520697599
0.00000000000000770
0.00000027247836833
0.00000008975757486
0.00000079842500115
0.00000017538837202
0.00000008669767320
0.00000102868241685
0.00000025431314283
0.00000008383949207
0.00000074635382118
0.00000024610949260
0.00000032465509490
0.00000040154707207
0.00000000000000859
0.00000031461421612
0.00000062280770814
0.00000061651672104
0.00000045776366306
0.00000007553855085
0.00000029919195132
0.00000066664611512
0.00000022007867938
0.00000145321801502
0.00000107963131071
0.00000021390824872
0.00000056514032644
0.00000041996666219
0.00000020807438701
0.00000103099925163
0.00000027247838551
0.00000000000000943
0.00000080309415171
0.00000039805537636
0.00000019731191798
0.00000065208499308
0.00000032327943892
0.00000012822510850
0.00000063578286789
0.00000037831707445
0.00000050028815620
0.00000074433118360
0.00000055374638712
0.00000122070311511
0.00000042385524181
0.00000018022190810
0.00000023841856911
0.00000011828519600
0.00000046950121089
0.00000069887584339
0.00000080917819989
0.00000103254962833
0.00000011387155317
0.00000090422453051
0.00000044878791966
0.00000022275603911
0.00000033171281086
0.00000076842822147
0.00000108991350873
0.00000151505707387
0.00000042982504061
0.00000021340964022
0.00000116560193971
0.00000063139817026
0.00000041804901366
0.00000103801286275
0.00000051549962953
0.00000020481596000
0.00000081380208352
0.00000060630949898
0.00000030116030988
0.00000059838388573
0.00000049541523059
0.00000157510080480
0.00000136937850360
0.00000038875895936
0.00000009657461702
0.00000028790167739
0.00000066757202486
0.00000037910034567
0.00000047095027567
0.00000084250982990
0.00000213995211994
0.00000092477509969
0.00000018384083739
0.00000036547998316
0.00000000000000592
0.00000063202085497
0.00000071806065524
0.00000240928249037
0.00000070971112629
0.00000000000000739
0.00000000000000768
0.00000069754463490
0.00000026009300362
0.00000094828631741
0.00000077151181531
0.00000068195706212
0.00000093248156314
0.00000008430271158
0.00000008383949051
0.00000025014407290
0.00000033171279536
0.00000065983953763
0.00000032814599049
0.00000163195603837
0.00000056814641260
0.00000064587468089
0.00000008030940430
0.00000071900054379
0.00000015894570711
0.00000126497734412
0.00000007865356461
0.00000125200321810
0.00000124561544687
0.00000069710202497
0.00000131009806446
0.00000084345066555
