-nan
0.00000011920928955
0.00000000000000011
0.00000015894571955
0.00000005960464500
0.00000009536743129
0.00000015894571985
0.00000020435878158
0.00000011920928911
0.00000010596381293
0.00000009536743200
0.00000017339532961
0.00000000000000089
0.00000014671912669
0.00000013623918679
0.00000019073486470
0.00000000000000155
0.00000011219698007
0.00000010596381471
0.00000030116031231
0.00000057220459180
0.00000036330450352
0.00000034679065841
0.00000000000000216
0.00000039736430072
0.00000030517578352
0.00000051351693728
0.00000049449779132
0.00000006811959162
0.00000039462385751
0.00000012715657303
0.00000018458212323
0.00000035762786610
0.00000069358131887
0.00000078537884713
0.00000021798270211
0.00000021192762508
0.00000020619985181
0.00000020077354030
0.00000029343825157
0.00000019073486399
0.00000009304139776
0.00000027247837476
0.00000000000000165
0.00000069358132296
0.00000033908420360
0.00000049756921103
0.00000064931017015
0.00000007947285674
0.00000046710578444
0.00000015258789404
0.00000022439396042
0.00000029343825503
0.00000093568046540
0.00000042385524753
0.00000027743252402
0.00000006811959860
0.00000006692451817
0.00000026308257494
0.00000012931176666
0.00000012715657031
0.00000018760805689
0.00000006152738075
0.00000072660900862
0.00000035762786288
0.00000023475060686
0.00000057798444021
0.00000045548624682
0.00000089757582094
0.00000011057094162
0.00000054495674574
0.00000064473757263
0.00000010596380622
0.00000020902451452
0.00000072169948960
0.00000091552735076
0.00000070270738393
0.00000069358132822
0.00000009781274311
0.00000077259690718
0.00000047683715074
0.00000000000000754
0.00000046520697599
0.00000027576125582
0.00000045413063464
0.00000035903033874
0.00000053228334732
0.00000008769418201
0.00000008669765705
0.00000017144705997
0.00000025431314283
0.00000050303701034
0.00000074635380450
0.00000024610950941
0.00000032465507797
0.00000024092825688
0.00000127156576379
0.00000023596066425
0.00000015570193791
0.00000100183967717
0.00000007629395412
0.00000007553856858
0.00000044878792252
0.00000051850253199
0.00000029343826022
0.00000108991349540
0.00000007197542922
0.00000000000000916
0.00000035321271899
0.00000006999445450
0.00000104037197223
0.00000075606613406
0.00000027247836673
0.00000000000000943
0.00000093694317857
0.00000013268513180
0.00000065770643466
0.00000071729349334
0.00000025862355307
0.00000096168837662
0.00000000000000971
0.00000006305283762
0.00000043775215502
0.00000055824837051
0.00000012305476036
0.00000036621092761
0.00000018165226067
0.00000090110960026
0.00000017881394432
0.00000094628150172
0.00000093900241281
0.00000011647931428
0.00000046238753938
0.00000011472772983
0.00000011387155317
0.00000090422454356
0.00000067318186434
0.00000122515824029
0.00000022114186532
0.00000076842823087
0.00000021798270516
0.00000054109180690
0.00000085965008463
0.00000053352409608
0.00000031789144137
0.00000021046605819
0.00000020902450595
0.00000103801286004
0.00000072169948173
0.00000040963192057
0.00000010172526061
0.00000020210316658
0.00000140541478151
0.00000059838388573
0.00000079266436559
0.00000029533140286
0.00000039125100361
0.00000116627686867
0.00000135204459778
0.00000163144285270
0.00000066757202486
0.00000047387544043
0.00000047095027567
0.00000037444881571
0.00000083737257518
0.00000138716263705
0.00000064344291758
0.00000118780993264
0.00000045413062094
0.00000090288692055
0.00000000000000652
0.00000089232683895
0.00000026614166259
0.00000044100545684
0.00000140310704791
0.00000017438615276
0.00000052018598253
0.00000008620785632
0.00000068578826369
0.00000068195704402
0.00000050862629277
0.00000143314592447
0.00000033535799154
0.00000025014409309
0.00000074635382319
0.00000082479941938
0.00000213294901959
0.00000261112966805
0.00000073047393314
0.00000056514032407
0.00000128495064608
0.00000159777894737
0.00000000000001229
0.00000000000001252
0.00000196633878397
0.00000039125098863
0.00000116776448226
0.00000069710205181
0.00000092477510833
0.00000099680530179
