-nan
0.00000011920928955
0.00000011920928966
0.00000000000000015
0.00000011920928977
0.00000009536743129
0.00000031789143836
0.00000027247837561
0.00000005960464522
0.00000031789143880
0.00000047683715785
0.00000008669766448
0.00000023841857821
0.00000022007868949
0.00000000000000127
0.00000038146972514
0.00000047683715976
0.00000011219698007
0.00000021192762764
0.00000010038677202
0.00000000000000195
0.00000000000000203
0.00000026009299328
0.00000008292819926
0.00000007947285748
0.00000000000000227
0.00000022007868608
0.00000042385524937
0.00000020435877968
0.00000019731192998
0.00000031789143632
0.00000036916425403
0.00000035762787121
0.00000034679065836
0.00000011219698007
0.00000010899135166
0.00000042385525253
0.00000030929977868
0.00000050193385074
0.00000048906375164
0.00000000000000071
0.00000018608279241
0.00000036330450284
0.00000008871388825
0.00000052018598883
0.00000000000000221
0.00000024878460181
0.00000000000000272
0.00000127156575225
0.00000000000000319
0.00000007629394190
0.00000029919194602
0.00000007335956663
0.00000014395084423
0.00000021192762166
0.00000034679066490
0.00000061307634169
0.00000013384903160
0.00000032885321745
0.00000000000000506
0.00000101725260938
0.00000006253602611
0.00000000000000550
0.00000048440599634
0.00000041723251920
0.00000000000000590
0.00000046238754132
0.00000068322935486
0.00000022439395053
0.00000022114187686
0.00000043596539529
0.00000032236877641
0.00000010596381964
0.00000041804900860
0.00000103099926789
0.00000101725259716
0.00000020077354740
0.00000019816609892
0.00000068468926009
0.00000086917153625
0.00000028610228746
0.00000009419004840
0.00000009304138910
0.00000018384082437
0.00000027247836833
0.00000044878790575
0.00000079842501702
0.00000008769419802
0.00000034679065244
0.00000094295886651
0.00000042385525995
0.00000041919749344
0.00000000000000834
0.00000000000000840
0.00000056814639280
0.00000104402240101
0.00000015894572799
0.00000047192131986
0.00000007785097331
0.00000015412919121
0.00000076293944431
0.00000090646272545
0.00000029919193349
0.00000029628717523
0.00000051351694862
0.00000065394811175
0.00000028790167131
0.00000014260551442
0.00000007064255117
0.00000090992779739
0.00000104037197223
0.00000041239971374
0.00000020435877270
0.00000027006705362
0.00000073616963828
0.00000039805537636
0.00000000000000956
0.00000013041699094
0.00000025862353380
0.00000032056280510
0.00000012715658523
0.00000012610568498
0.00000012507205128
0.00000024811040108
0.00000012305476036
0.00000000000000989
0.00000018165226067
0.00000024029588079
0.00000011920927956
0.00000035485556907
0.00000046950119296
0.00000034943792592
0.00000011559687887
0.00000057363869404
0.00000011387155317
0.00000056514034217
0.00000134636373475
0.00000089102418443
0.00000011057093009
0.00000065865276058
0.00000010899134618
0.00000097396526314
0.00000085965008463
0.00000021340963426
0.00000031789143624
0.00000147326239440
0.00000041804901716
0.00000062280771819
0.00000164959881853
0.00000000000000057
0.00000061035156269
0.00000131367058173
0.00000020077354086
0.00000009973064654
0.00000059449827645
0.00000088599420198
0.00000107594025641
0.00000058313843786
0.00000135204459778
0.00000000000000304
0.00000019073486666
0.00000028432525833
0.00000028257016379
0.00000121695864125
0.00000065128977238
0.00000018495502393
0.00000036768165885
0.00000100506994386
0.00000054495675815
0.00000135433038394
0.00000044878792012
0.00000053539611427
0.00000044356944239
0.00000026460327115
0.00000052616513241
0.00000026157924903
0.00000000000000824
0.00000120690986084
0.00000145730008778
0.00000144915874683
0.00000025431316036
0.00000033721079843
0.00000033535801121
0.00000066705089807
0.00000024878461463
0.00000090727936026
0.00000024610951186
0.00000024479341851
0.00000081163772743
0.00000040367165674
0.00000136526006220
0.00000071900051969
0.00000023841856682
0.00000023718323716
0.00000055057485033
0.00000031300081425
0.00000023355288062
0.00000046473467884
0.00000023119376004
0.00000099680530179
