-nan
0.00000000000000000
0.00000000000000011
0.00000000000000015
0.00000000000000022
0.00000000000000036
0.00000007947285926
0.00000006811959454
0.00000011920928911
0.00000021192762587
0.00000009536743200
0.00000008669766577
0.00000047683715909
0.00000014671912451
0.00000013623918933
0.00000000000000142
0.00000011920929111
0.00000022439395847
0.00000010596381116
0.00000030116031231
0.00000047683716016
0.00000009082612740
0.00000000000000210
0.00000024878460644
0.00000047683716042
0.00000015258788835
0.00000014671912792
0.00000042385525410
0.00000006811959162
0.00000026308257249
0.00000000000000249
0.00000073832850555
0.00000023841857655
0.00000011559688899
0.00000022439395847
0.00000065394810390
0.00000010596381214
0.00000041239970401
0.00000040154708059
0.00000019562550044
0.00000076293945241
0.00000083737257154
0.00000027247837747
0.00000053228333774
0.00000060688365783
0.00000025431315325
0.00000033171280818
0.00000008116376889
0.00000007947286266
0.00000015570192602
0.00000045776367529
0.00000029919194602
0.00000029343824738
0.00000035987709651
0.00000035321271399
0.00000013871626860
0.00000040871755961
0.00000006692450870
0.00000124964221261
0.00000019396765252
0.00000019073485807
0.00000012507204685
0.00000030763687076
0.00000078715975886
0.00000047683715243
0.00000023475059506
0.00000023119376765
0.00000022774312649
0.00000000000000627
0.00000066342560503
0.00000032697404484
0.00000000000000661
0.00000042385524503
0.00000031353675474
0.00000010309991918
0.00000000000000701
0.00000060232062799
0.00000029724914478
0.00000009781275769
0.00000067602229286
0.00000085830687730
0.00000018838011943
0.00000074433118141
0.00000036768167186
0.00000036330450927
0.00000017951515758
0.00000000000000793
0.00000017538838803
0.00000052018598269
0.00000017144705997
0.00000127156574700
0.00000008383949207
0.00000024878459594
0.00000032814600975
0.00000016232753475
0.00000016061882371
0.00000031789144739
0.00000070788195817
0.00000015570192051
0.00000092477508594
0.00000099182128025
0.00000030215424773
0.00000000000000892
0.00000059257432356
0.00000007335955378
0.00000029064361026
0.00000079172963028
0.00000042781650661
0.00000007064253275
0.00000020998334498
0.00000055486504752
0.00000096226598626
0.00000040871757356
0.00000033758381938
0.00000000000000947
0.00000066342560190
0.00000092078900471
0.00000045645951147
0.00000090518239238
0.00000012822510850
0.00000101725259446
0.00000075663415864
0.00000081296825994
0.00000024811038144
0.00000024610949115
0.00000061035155261
0.00000036330451141
0.00000006007398265
0.00000011920927956
0.00000023657038254
0.00000058687649344
0.00000034943790900
0.00000104037198950
0.00000045891095673
0.00000022774312734
0.00000056514032912
0.00000056098488594
0.00000044551208381
0.00000022114186532
0.00000087820368235
0.00000032697404708
0.00000010821836598
0.00000096710634563
0.00000064022890873
0.00000042385524917
0.00000031569908190
0.00000062707352136
0.00000051900643205
0.00000041239970343
0.00000051203990085
0.00000071207682273
0.00000060630949936
0.00000080309416175
0.00000149595971294
0.00000069358131973
0.00000059066280077
0.00000039125099960
0.00000029156921540
0.00000067602230294
0.00000105563949185
0.00000085830688139
0.00000047387544043
0.00000056514033161
0.00000028083660415
0.00000009304140140
0.00000166459517545
0.00000045960208550
0.00000109643993825
0.00000063578288353
0.00000018057739158
0.00000053854550284
0.00000035693074512
0.00000026614166259
0.00000141121747816
0.00000149080122257
0.00000017438615276
0.00000216744161996
0.00000034483138273
0.00000008572352528
0.00000042622314912
0.00000067816839346
0.00000042151350044
0.00000033535799154
0.00000058366951689
0.00000008292821178
0.00000156711886609
0.00000024610949016
0.00000073438021116
0.00000097396524797
0.00000096881201555
0.00000048185648489
0.00000039944475191
0.00000087420146899
0.00000000000001252
0.00000031461419473
0.00000093900241682
0.00000000000001320
0.00000116183674406
0.00000077064592588
0.00000000000001385
