-nan
0.00000011920928955
0.00000000000000011
0.00000007947285985
0.00000011920928933
0.00000009536743200
0.00000000000000044
0.00000013623918857
0.00000017881393477
0.00000010596381293
0.00000000000000036
0.00000052018599141
0.00000023841857821
0.00000007335956389
0.00000006811959276
0.00000006357828918
0.00000017881393277
0.00000000000000167
0.00000000000000178
0.00000010038677202
0.00000028610229688
0.00000009082612334
0.00000000000000210
0.00000000000000216
0.00000023841858132
0.00000038146972884
0.00000007335956512
0.00000000000000237
0.00000013623918565
0.00000065770642756
0.00000025431314855
0.00000012305474798
0.00000011920929210
0.00000023119377152
0.00000000000000167
0.00000000000000122
0.00000031789143801
0.00000010309992571
0.00000040154708059
0.00000029343825157
0.00000009536743093
0.00000037216558793
0.00000027247837476
0.00000026614166804
0.00000043348832758
0.00000016954209848
0.00000033171280818
0.00000056814640398
0.00000015894571644
0.00000023355289700
0.00000076293944971
0.00000044878790998
0.00000029343824738
0.00000035987709651
0.00000000000000421
0.00000000000000439
0.00000034059796558
0.00000020077354503
0.00000078924771503
0.00000032327943435
0.00000031789144401
0.00000006253602611
0.00000067680113327
0.00000036330449585
0.00000053644180875
0.00000023475059506
0.00000000000000603
0.00000000000000615
0.00000011219698467
0.00000033171281209
0.00000054495674574
0.00000075219382042
0.00000063578287089
0.00000031353675474
0.00000072169947577
0.00000010172526743
0.00000010038676304
0.00000079266437408
0.00000078250201049
0.00000048287306422
0.00000057220458238
0.00000047095027216
0.00000130257954649
0.00000009192040833
0.00000009082611759
0.00000080781823663
0.00000035485555166
0.00000061385932210
0.00000095367432448
0.00000051434121250
0.00000025431314283
0.00000075455549481
0.00000016585641119
0.00000049221901042
0.00000024349130636
0.00000000000000853
0.00000079472860559
0.00000007865356051
0.00000007785095590
0.00000046238755610
0.00000038146973537
0.00000083092416573
0.00000022439396572
0.00000118514867402
0.00000051351693058
0.00000087193079450
0.00000035987709141
0.00000092693577501
0.00000070642542877
0.00000013998888123
0.00000076293944382
0.00000089353270219
0.00000040871757356
0.00000040510060401
0.00000093694319752
0.00000092879584646
0.00000046039448802
0.00000013041701013
0.00000084052652579
0.00000025645022667
0.00000019073485357
0.00000044136994131
0.00000012507205128
0.00000037216559671
0.00000079985588813
0.00000109863282239
0.00000012110151042
0.00000060073973683
0.00000011920927956
0.00000070971112866
0.00000046950119296
0.00000104831374392
0.00000023119378164
0.00000034418321942
0.00000022774312734
0.00000090422454356
0.00000011219698446
0.00000055689011737
0.00000033171281086
0.00000065865276999
0.00000032697404708
0.00000032465509027
0.00000042982504742
0.00000000000000298
0.00000052981906210
0.00000063139816595
0.00000041804901716
0.00000083041028776
0.00000144339896633
0.00000122889576400
0.00000142415364564
0.00000040420633297
0.00000030116031101
0.00000069811453134
0.00000039633218473
0.00000049221900367
0.00000088031475561
0.00000077751791166
0.00000019314923134
0.00000067177059070
0.00000019073486666
0.00000037910035309
0.00000018838010785
0.00000046806100983
0.00000083737256582
0.00000092477509969
0.00000018384083739
0.00000210150986527
0.00000099908737317
0.00000063202085497
0.00000053854550284
0.00000089232685257
0.00000133070835558
0.00000061740765732
0.00000035077676773
0.00000087193079561
0.00000000000000824
0.00000051724707835
0.00000017144705934
0.00000127866948356
0.00000050862629277
0.00000016860541358
0.00000050303699222
0.00000058366951689
0.00000082928200392
0.00000206199853256
0.00000032814601219
0.00000024479341851
0.00000105512901958
0.00000072660901456
0.00000016061884405
0.00000087877841563
0.00000023841856682
0.00000047436648684
0.00000078653550594
0.00000023475061393
0.00000062280770364
0.00000061964626976
0.00000107890426351
0.00000115015999344
