-nan
0.00000000000000000
0.00000005960464466
0.00000007947285985
0.00000011920928977
0.00000019073486293
0.00000007947286014
0.00000013623918857
0.00000000000000044
0.00000010596381293
0.00000019073486293
0.00000008669766448
0.00000015894571851
0.00000022007868949
0.00000013623918933
0.00000063578287618
0.00000029802322232
0.00000022439395513
0.00000010596381471
0.00000040154708246
0.00000028610229688
0.00000027247837409
0.00000026009299748
0.00000033171280354
0.00000000000000222
0.00000007629394304
0.00000007335956512
0.00000049449779606
0.00000006811959162
0.00000032885321500
0.00000019073486577
0.00000006152737273
0.00000047683716076
0.00000023119377152
0.00000000000000167
0.00000043596540300
0.00000010596381372
0.00000030929977791
0.00000070270739104
0.00000009781275004
0.00000057220459055
0.00000018608279241
0.00000054495675359
0.00000017742778145
0.00000017339533219
0.00000042385524953
0.00000033171280324
0.00000056814639854
0.00000023841858206
0.00000000000000319
0.00000068664550440
0.00000014959596758
0.00000029343825503
0.00000064777877693
0.00000056514033986
0.00000041614878822
0.00000054495674766
0.00000026769804899
0.00000006577063761
0.00000006465589092
0.00000031789143359
0.00000062536020212
0.00000012305474500
0.00000030275375688
0.00000000000000577
0.00000000000000590
0.00000092477508867
0.00000022774311418
0.00000011219698467
0.00000022114186409
0.00000021798269440
0.00000021491252861
0.00000042385525845
0.00000031353675474
0.00000092789934180
0.00000000000000701
0.00000070270738393
0.00000128807960338
0.00000009781274311
0.00000028972383558
0.00000104904174059
0.00000056514032810
0.00000018608278582
0.00000064344291998
0.00000009082613315
0.00000035903033874
0.00000044356945742
0.00000070155351211
0.00000104037197346
0.00000042861766215
0.00000033908419318
0.00000033535799310
0.00000008292819309
0.00000016407300908
0.00000121745656567
0.00000096371298489
0.00000023841858769
0.00000062922842359
0.00000046710577893
0.00000115596885962
0.00000068664549900
0.00000052876992687
0.00000074797986492
0.00000044443075836
0.00000036679780498
0.00000072660901204
0.00000057580336997
0.00000000000000916
0.00000035321271899
0.00000076993888839
0.00000006935814140
0.00000068733283131
0.00000054495676162
0.00000040510058515
0.00000033462255769
0.00000053074049865
0.00000006577065207
0.00000039125101120
0.00000025862353380
0.00000064112560053
0.00000012715658523
0.00000107189841496
0.00000037521611470
0.00000062027596833
0.00000000000000986
0.00000115966795886
0.00000048440599206
0.00000096118355303
0.00000005960465477
0.00000070971112866
0.00000046950121089
0.00000000000000846
0.00000023119376571
0.00000022945546714
0.00000011387156717
0.00000045211227504
0.00000089757582115
0.00000011137801675
0.00000033171280056
0.00000065865276058
0.00000032697405560
0.00000032465508261
0.00000096710634563
0.00000021340964022
0.00000105963812677
0.00000021046605388
0.00000010451225210
0.00000062280771819
0.00000123719911222
0.00000102407980228
0.00000111897786477
0.00000080841266575
0.00000020077354086
0.00000039892258894
0.00000009908304457
0.00000000000000165
0.00000039125100361
0.00000068032817711
0.00000106232075482
0.00000067177059070
0.00000009536743502
0.00000018955017098
0.00000056514033161
0.00000102973423557
0.00000000000000468
0.00000064734256129
0.00000101112458174
0.00000036547998316
0.00000172569638799
0.00000027086607181
0.00000044878792012
0.00000017846536234
0.00000115328056157
0.00000105841312155
0.00000061385932242
0.00000069754465082
0.00000026009300362
0.00000103449416522
0.00000102868241749
0.00000059671243049
0.00000118679471418
0.00000075872432760
0.00000033535801121
0.00000125072040486
0.00000041464101748
0.00000049487965587
0.00000032814599049
0.00000008159779138
0.00000008116378295
0.00000161468668486
0.00000056216592465
0.00000191733476336
0.00000111262002352
0.00000142309951057
0.00000062922840220
0.00000023475058799
0.00000108991351766
0.00000116183671723
0.00000100183967229
0.00000030670934174
