-nan
0.00000011920928955
0.00000011920928966
0.00000007947285985
0.00000011920928977
0.00000000000000036
0.00000023841857866
0.00000013623918755
0.00000005960464522
0.00000021192762587
0.00000009536743129
0.00000000000000065
0.00000007947286059
0.00000000000000109
0.00000013623918933
0.00000025431315246
0.00000005960464322
0.00000022439395847
0.00000052981906645
0.00000000000000187
0.00000047683716016
0.00000009082612740
0.00000043348832774
0.00000008292819926
0.00000000000000222
0.00000030517578352
0.00000044015737913
0.00000000000000237
0.00000006811959644
0.00000046039450003
0.00000012715657801
0.00000049221900454
0.00000000000000255
0.00000046238754520
0.00000011219698007
0.00000021798269967
0.00000031789143959
0.00000041239970401
0.00000020077354030
0.00000058687650277
0.00000009536743093
0.00000018608279448
0.00000036330450013
0.00000035485555794
0.00000008669766707
0.00000033908419918
0.00000016585640532
0.00000000000000272
0.00000023841858206
0.00000007785096141
0.00000038146972315
0.00000052358589558
0.00000036679781018
0.00000043185251661
0.00000077706796573
0.00000006935813649
0.00000000000000457
0.00000033462257190
0.00000013154128992
0.00000096983828281
0.00000000000000521
0.00000068789623359
0.00000018458212026
0.00000012110150614
0.00000005960465055
0.00000035212590735
0.00000057798444021
0.00000068322936716
0.00000089757582094
0.00000044228373456
0.00000010899135694
0.00000064473755942
0.00000084771051018
0.00000031353676837
0.00000072169947577
0.00000030517578826
0.00000060232061378
0.00000158532872657
0.00000088031474632
0.00000048287306422
0.00000038146973402
0.00000028257016028
0.00000018608278582
0.00000119496540080
0.00000072660901076
0.00000026927275602
0.00000000000000793
0.00000017538838803
0.00000008669765705
0.00000017144707626
0.00000016954210891
0.00000000000000828
0.00000000000000834
0.00000041018249328
0.00000073047395295
0.00000008030940759
0.00000063578286902
0.00000000000000864
0.00000023355290251
0.00000023119376492
0.00000129699706150
0.00000000000000886
0.00000089757583612
0.00000051850253199
0.00000088031474459
0.00000014532180966
0.00000000000000912
0.00000007130274346
0.00000014128509312
0.00000034997221695
0.00000034679065121
0.00000020619986154
0.00000143051148400
0.00000047261736977
0.00000000000000947
0.00000106148096875
0.00000006577063296
0.00000052166801173
0.00000032327943892
0.00000012822512785
0.00000082651775060
0.00000037831709394
0.00000031268009396
0.00000012405520545
0.00000018458211590
0.00000042724610364
0.00000036330449156
0.00000048059179145
0.00000011920927956
0.00000000000000947
0.00000023475060993
0.00000000000000846
0.00000011559687887
0.00000206509927910
0.00000034161467350
0.00000000000000653
0.00000022439396286
0.00000022275605031
0.00000066342561656
0.00000000000000470
0.00000021798270516
0.00000119040197977
0.00000010745625760
0.00000128045782641
0.00000052981906724
0.00000105233028233
0.00000073158577522
0.00000020760257363
0.00000000000000096
0.00000174093566542
0.00000030517578144
0.00000040420633297
0.00000050193385018
0.00000000000000093
0.00000099083045731
0.00000049221900037
0.00000019562549880
0.00000029156921540
0.00000144861921210
0.00000019193445058
0.00000009536743502
0.00000037910034567
0.00000047095027567
0.00000102973422685
0.00000074433117846
0.00000055486505182
0.00000110304499778
0.00000082232994386
0.00000072660899706
0.00000090288693300
0.00000233369715726
0.00000080309415437
0.00000008871388279
0.00000026460328593
0.00000061385932242
0.00000043596540974
0.00000026009298715
0.00000051724709537
0.00000094295886587
0.00000093769095703
0.00000050862629277
0.00000067442162560
0.00000016767901053
0.00000025014409309
0.00000049756921891
0.00000008247995148
0.00000024610951186
0.00000114236922353
0.00000048698264099
0.00000169542101852
0.00000016061882042
0.00000047933369988
0.00000039736428622
0.00000007906107071
0.00000031461419473
0.00000070425181586
0.00000085636059745
0.00000038727889680
0.00000030825835126
0.00000115015999344
