-nan
0.00000005960464478
0.00000011920928966
0.00000015894571955
0.00000017881393455
0.00000000000000036
0.00000000000000044
0.00000020435878158
0.00000011920928911
0.00000021192762587
0.00000009536743200
0.00000008669766448
0.00000007947286059
0.00000014671912669
0.00000027247837738
0.00000019073486470
0.00000017881393277
0.00000000000000167
0.00000052981906289
0.00000000000000187
0.00000009536742969
0.00000045413062483
0.00000000000000210
0.00000008292820359
0.00000015894572162
0.00000022888183821
0.00000007335956048
0.00000007064254432
0.00000006811959644
0.00000006577064496
0.00000019073486079
0.00000018458212323
0.00000047683715565
0.00000023119377583
0.00000056098489368
0.00000010899135166
0.00000010596381372
0.00000010309992648
0.00000040154708059
0.00000039125100124
0.00000000000000071
0.00000055824837930
0.00000000000000135
0.00000044356944784
0.00000034679065857
0.00000016954210291
0.00000033171280324
0.00000016232754050
0.00000047683716116
0.00000054495675542
0.00000053405761378
0.00000059838388118
0.00000066023606903
0.00000014395083619
0.00000007064253775
0.00000020807439191
0.00000034059797471
0.00000006692451817
0.00000000000000490
0.00000012931177677
0.00000019073486849
0.00000006253602611
0.00000049221900752
0.00000012110150614
0.00000047683716398
0.00000011737530638
0.00000069358131499
0.00000034161467435
0.00000011219698467
0.00000033171281209
0.00000054495675873
0.00000010745625440
0.00000074174668383
0.00000052256126245
0.00000030929977138
0.00000020345052784
0.00000050193384363
0.00000118899655752
0.00000156500401370
0.00000038629846465
0.00000047683716566
0.00000065933038405
0.00000018608280107
0.00000091920416810
0.00000009082613315
0.00000044878792146
0.00000070971111125
0.00000017538838803
0.00000052018599884
0.00000025717061032
0.00000008477104214
0.00000008383949207
0.00000082928202261
0.00000000000000840
0.00000008116376314
0.00000032123765595
0.00000015894572799
0.00000039326776799
0.00000038925483172
0.00000023119378243
0.00000015258788181
0.00000022661568801
0.00000014959598012
0.00000029628717523
0.00000022007867938
0.00000021798270996
0.00000071975419194
0.00000099823854596
0.00000204863370751
0.00000041996668070
0.00000048550691541
0.00000034366641098
0.00000122615270191
0.00000067516766706
0.00000033462255769
0.00000099513842663
0.00000019731191798
0.00000032604249174
0.00000000000000963
0.00000038467536419
0.00000038146971685
0.00000050442276918
0.00000012507203171
0.00000037216559671
0.00000030763686640
0.00000073242186511
0.00000006055076017
0.00000048059179145
0.00000059604643776
0.00000000000000947
0.00000023475060993
0.00000058239653756
0.00000011559687887
0.00000022945548210
0.00000034161468750
0.00000033908420792
0.00000134636373475
0.00000011137802796
0.00000011057094038
0.00000032932637794
0.00000098092214975
0.00000043287345241
0.00000032236878641
0.00000021340964022
0.00000000000000257
0.00000031569908621
0.00000041804901366
0.00000000000000135
0.00000061859955755
0.00000030722394028
0.00000071207682311
0.00000010105158338
0.00000020077354086
0.00000179515165534
0.00000188257787264
0.00000029533139956
0.00000078250200120
0.00000077751791637
0.00000086917152618
0.00000076773781143
0.00000028610229830
0.00000113730105184
0.00000018838010785
0.00000168501965543
0.00000009304140140
0.00000027743252341
0.00000064344290697
0.00000118780992140
0.00000036330449557
0.00000090288693300
0.00000089757583373
0.00000107079220810
0.00000079842501619
0.00000000000000739
0.00000131541285789
0.00000061035157046
0.00000060688366413
0.00000129311770865
0.00000145730008778
0.00000034097853559
0.00000067816839346
0.00000025290809643
0.00000000000000984
0.00000108395768287
0.00000041464101748
0.00000090727936026
0.00000073832849218
0.00000048958682593
0.00000113629279119
0.00000080734332506
0.00000056216592465
0.00000127822315549
0.00000039736428622
0.00000213464925960
0.00000062922842769
0.00000000000001297
0.00000038925480983
0.00000069710205181
0.00000030825835126
0.00000053674130995
