-nan
0.00000000000000000
0.00000000000000011
0.00000007947285985
0.00000000000000022
0.00000009536743200
0.00000023841857955
0.00000020435878158
0.00000000000000044
0.00000010596381293
0.00000000000000036
0.00000026009299603
0.00000023841857999
0.00000007335956389
0.00000013623918679
0.00000019073486186
0.00000000000000155
0.00000011219698007
0.00000021192762764
0.00000040154708246
0.00000009536743359
0.00000036330449946
0.00000000000000210
0.00000049756921072
0.00000063578287982
0.00000007629394759
0.00000044015737448
0.00000000000000237
0.00000027247837853
0.00000019731192998
0.00000006357828527
0.00000036916424899
0.00000023841858166
0.00000046238754520
0.00000022439395847
0.00000021798269967
0.00000031789143959
0.00000010309992571
0.00000040154708059
0.00000019562550044
0.00000066757202077
0.00000018608279241
0.00000081743512699
0.00000026614166804
0.00000000000000194
0.00000025431315325
0.00000033171280818
0.00000008116377433
0.00000063578287464
0.00000046710579082
0.00000007629394872
0.00000029919194602
0.00000022007868458
0.00000115160672572
0.00000042385524753
0.00000055486506121
0.00000006811958946
0.00000073616964302
0.00000059193578750
0.00000025862354849
0.00000006357828255
0.00000043775215059
0.00000036916424601
0.00000006055075589
0.00000035762786288
0.00000035212590735
0.00000057798444021
0.00000011387156632
0.00000022439395053
0.00000000000000638
0.00000010899135694
0.00000010745626761
0.00000095367430970
0.00000031353675474
0.00000030929977138
0.00000020345052784
0.00000050193384363
0.00000019816608452
0.00000000000000729
0.00000038629846465
0.00000047683715074
0.00000009419006349
0.00000037216559452
0.00000009192040833
0.00000009082613315
0.00000098733341778
0.00000017742778773
0.00000096463608215
0.00000008669765705
0.00000034289412809
0.00000110202364630
0.00000050303699378
0.00000099513840878
0.00000041018249328
0.00000000000000847
0.00000000000000853
0.00000143051148320
0.00000039326776799
0.00000015570192051
0.00000092477510345
0.00000114440917088
0.00000075538558829
0.00000044878792252
0.00000029628715729
0.00000014671913462
0.00000094459169480
0.00000000000000912
0.00000035651377231
0.00000063578286839
0.00000020998332647
0.00000041614880192
0.00000006873329341
0.00000034059796076
0.00000020255028786
0.00000046847160350
0.00000099513840760
0.00000046039448802
0.00000058687651200
0.00000006465587622
0.00000025645022667
0.00000019073485357
0.00000000000000975
0.00000050028817577
0.00000043419317488
0.00000000000000986
0.00000000000000989
0.00000042385526166
0.00000078096165489
0.00000011920927956
0.00000035485556907
0.00000093900241281
0.00000081535514921
0.00000034679065254
0.00000057363867908
0.00000056935779384
0.00000079119647643
0.00000011219698446
0.00000022275605031
0.00000088456747674
0.00000010977546558
0.00000076293944886
0.00000086574690099
0.00000053728130162
0.00000010670481564
0.00000052981906210
0.00000084186422198
0.00000052256126751
0.00000020760257093
0.00000103099926002
0.00000081926384285
0.00000010172526061
0.00000050525791617
0.00000050193385018
0.00000049865323641
0.00000019816609301
0.00000009844380205
0.00000078250200120
0.00000058313843786
0.00000067602229754
0.00000057580335781
0.00000047683716158
0.00000037910034567
0.00000103609061939
0.00000112334642969
0.00000037216559157
0.00000120220762810
0.00000091920416570
0.00000009136998877
0.00000036330449557
0.00000090288693300
0.00000044878790708
0.00000008923269139
0.00000026614167680
0.00000070560875017
0.00000157849541258
0.00000052315849010
0.00000000000000824
0.00000008620783930
0.00000102868239993
0.00000068195706212
0.00000110202366383
0.00000092732973161
0.00000000000000984
0.00000075043223888
0.00000066342560106
0.00000065983951643
0.00000024610949016
0.00000032639122099
0.00000121745656280
0.00000016146865575
0.00000064247531713
0.00000135811212756
0.00000039736431079
0.00000150216059380
0.00000023596066835
0.00000046950121490
0.00000000000001320
0.00000092946939794
0.00000030825837854
0.00000069009600161
