-nan
0.00000005960464478
0.00000011920928966
0.00000015894571925
0.00000011920928933
0.00000009536743200
0.00000007947285926
0.00000006811959454
0.00000041723251387
0.00000042385525174
0.00000028610229528
0.00000008669766448
0.00000039736429939
0.00000007335956171
0.00000040871756544
0.00000006357828634
0.00000000000000155
0.00000044878791193
0.00000021192762764
0.00000030116031231
0.00000057220459180
0.00000018165225277
0.00000026009299328
0.00000000000000216
0.00000023841857688
0.00000007629394304
0.00000029343824888
0.00000021192762824
0.00000006811959644
0.00000026308257249
0.00000025431314855
0.00000012305474798
0.00000023841858166
0.00000011559688468
0.00000033659093687
0.00000032697405012
0.00000010596381214
0.00000010309992648
0.00000010038677015
0.00000029343825084
0.00000009536743235
0.00000083737256946
0.00000027247837476
0.00000026614167135
0.00000069358132296
0.00000118679470707
0.00000066342560894
0.00000056814639854
0.00000055631002086
0.00000015570192602
0.00000030517578466
0.00000044878790998
0.00000036679781018
0.00000007197541608
0.00000049449779790
0.00000020807439191
0.00000047683715364
0.00000087001866988
0.00000059193578750
0.00000058190296766
0.00000089009602344
0.00000031268009838
0.00000012305474500
0.00000000000000564
0.00000047683716398
0.00000046950119602
0.00000011559688081
0.00000000000000615
0.00000089757583348
0.00000055285468256
0.00000054495675873
0.00000000000000661
0.00000074174668383
0.00000083609803764
0.00000082479940187
0.00000020345051382
0.00000080309416829
0.00000009908303866
0.00000078250199592
0.00000028972385033
0.00000019073487074
0.00000084771051102
0.00000046520697599
0.00000009192040833
0.00000000000000778
0.00000053854548847
0.00000053228334732
0.00000122771866820
0.00000034679066859
0.00000008572352592
0.00000025431314283
0.00000050303701034
0.00000082928200593
0.00000065629199428
0.00000048698262119
0.00000032123765595
0.00000119209290409
0.00000000000000864
0.00000108991349576
0.00000015412917369
0.00000015258789944
0.00000060430848659
0.00000127156574629
0.00000037035896680
0.00000007335957182
0.00000058128719331
0.00000043185251152
0.00000057042201186
0.00000049449780290
0.00000041996668070
0.00000097101384013
0.00000082479941813
0.00000020435877270
0.00000020255030672
0.00000087001866514
0.00000019902769294
0.00000019731193709
0.00000045645951147
0.00000006465587622
0.00000000000000967
0.00000012715656581
0.00000025221139921
0.00000056282419652
0.00000006202758799
0.00000024610951086
0.00000067138672864
0.00000030275374132
0.00000042051781877
0.00000000000000999
0.00000023657036359
0.00000058687651137
0.00000093183443810
0.00000092477508673
0.00000034418320446
0.00000068322936801
0.00000067816839625
0.00000134636374687
0.00000022275603911
0.00000000000000515
0.00000000000000470
0.00000098092215828
0.00000000000000383
0.00000053728130162
0.00000032011445288
0.00000031789144137
0.00000042093211423
0.00000020902450595
0.00000062280771819
0.00000010309992514
0.00000051203990200
0.00000040690104148
0.00000070736108256
0.00000040154708115
0.00000109703712121
0.00000059449827387
0.00000019688759916
0.00000000000000200
0.00000000000000235
0.00000009657461162
0.00000019193445666
0.00000038146972994
0.00000018955017840
0.00000122447072320
0.00000056167321267
0.00000046520697893
0.00000064734256129
0.00000045960208550
0.00000009137000000
0.00000054495674631
0.00000018057737913
0.00000008975757620
0.00000035693073149
0.00000062099723639
0.00000070560873538
0.00000175388380796
0.00000200544085617
0.00000026009298715
0.00000025862353492
0.00000000000000878
0.00000000000000905
0.00000050862631140
0.00000016860541358
0.00000033535799154
0.00000050028817608
0.00000049756921891
0.00000115471916170
0.00000082036499251
0.00000089757583830
0.00000000000001134
0.00000121101501654
0.00000080309414937
0.00000127822315549
0.00000055631003019
0.00000007906109574
0.00000031461419473
0.00000086075219055
0.00000062280773003
0.00000000000001342
0.00000169542102058
0.00000184025598119
