-nan
0.00000000000000000
0.00000005960464466
0.00000007947285985
0.00000000000000022
0.00000000000000036
0.00000015894571896
0.00000000000000051
0.00000000000000044
0.00000010596381293
0.00000019073486293
0.00000026009299603
0.00000039736429761
0.00000051351694070
0.00000000000000127
0.00000069936116679
0.00000011920928800
0.00000022439395513
0.00000042385525351
0.00000010038677202
0.00000009536743359
0.00000036330449946
0.00000008669766723
0.00000008292819926
0.00000015894571718
0.00000015258789290
0.00000051351694193
0.00000000000000237
0.00000027247837853
0.00000032885321010
0.00000025431315353
0.00000049221900454
0.00000011920928700
0.00000057798443634
0.00000033659093353
0.00000010899135166
0.00000000000000079
0.00000010309992571
0.00000010038677015
0.00000019562550044
0.00000009536743093
0.00000037216558793
0.00000009082612402
0.00000044356944784
0.00000112706964860
0.00000067816840499
0.00000033171280324
0.00000081163771337
0.00000031789144176
0.00000015570192602
0.00000106811523096
0.00000022439396042
0.00000014671912943
0.00000007197541608
0.00000014128507970
0.00000020807440070
0.00000054495675680
0.00000013384903160
0.00000032885321745
0.00000019396766263
0.00000050862629687
0.00000031268010910
0.00000067680113327
0.00000006055074461
0.00000041723251920
0.00000058687649650
0.00000023119376765
0.00000022774312649
0.00000022439396307
0.00000055285468256
0.00000054495674574
0.00000053728129841
0.00000021192763258
0.00000010451224704
0.00000020619985911
0.00000010172526743
0.00000050193384363
0.00000019816609892
0.00000078250199592
0.00000019314922126
0.00000028610230238
0.00000065933039913
0.00000055824838796
0.00000073536332061
0.00000018165224296
0.00000008975759058
0.00000053228333146
0.00000017538838803
0.00000034679065244
0.00000154302360492
0.00000042385524353
0.00000159295049825
0.00000058049741833
0.00000016407300908
0.00000016232755168
0.00000064247533747
0.00000047683716679
0.00000133711037312
0.00000015570192051
0.00000107890426839
0.00000038146973537
0.00000000000000886
0.00000007479799452
0.00000051850253199
0.00000007335957182
0.00000014532179153
0.00000007197542922
0.00000014260549609
0.00000056514034486
0.00000041996668070
0.00000000000000930
0.00000013746657748
0.00000040871757356
0.00000101275147702
0.00000013384903634
0.00000033171279619
0.00000046039450713
0.00000071729351253
0.00000012931178135
0.00000051290048236
0.00000069936117508
0.00000069358133077
0.00000031268011352
0.00000012405518581
0.00000006152738511
0.00000012207032239
0.00000054495676216
0.00000000000000996
0.00000023841856911
0.00000023657036359
0.00000105637769536
0.00000011647931428
0.00000034679066848
0.00000045891095673
0.00000102484404851
0.00000022605614079
0.00000022439395074
0.00000044551209502
0.00000022114186532
0.00000054887729970
0.00000054495674797
0.00000075752853119
0.00000032236878641
0.00000096034336459
0.00000158945719144
0.00000021046605819
0.00000010451225210
0.00000072660900433
0.00000041239970535
0.00000000000000057
0.00000091552734394
0.00000020210316620
0.00000050193385130
0.00000159569036041
0.00000039633218215
0.00000088599420198
0.00000048906375401
0.00000000000000235
0.00000096574614589
0.00000019193445666
0.00000114440917631
0.00000113730104443
0.00000103609061132
0.00000037444881571
0.00000018608278877
0.00000009247750447
0.00000045960207489
0.00000018273999439
0.00000081743512243
0.00000000000000622
0.00000071806065524
0.00000044616341607
0.00000062099722218
0.00000079380984301
0.00000008769419769
0.00000130789619740
0.00000052018599900
0.00000068966279100
0.00000042861766151
0.00000085244632539
0.00000076293944381
0.00000092732973161
0.00000167678999703
0.00000025014409309
0.00000107806660820
0.00000049487963467
0.00000106647449352
0.00000024479341851
0.00000040581886938
0.00000104954634921
0.00000224866363950
0.00000127822317959
0.00000055631003019
0.00000023718323716
0.00000023596066835
0.00000062600161554
0.00000070065869464
0.00000038727889680
0.00000015412916881
0.00000153354662559
