-nan
0.00000011920928955
0.00000005960464466
0.00000015894571925
0.00000000000000022
0.00000000000000036
0.00000000000000044
0.00000000000000051
0.00000000000000044
0.00000000000000000
0.00000009536743200
0.00000008669766448
0.00000007947285881
0.00000029343825011
0.00000006811959276
0.00000044504801290
0.00000017881393277
0.00000000000000167
0.00000021192762409
0.00000000000000187
0.00000028610229688
0.00000081743513038
0.00000008669766723
0.00000033171280354
0.00000007947285748
0.00000022888183366
0.00000044015737448
0.00000021192762350
0.00000034059796773
0.00000000000000245
0.00000006357829025
0.00000018458212828
0.00000017881393177
0.00000046238754520
0.00000022439395513
0.00000010899134923
0.00000000000000079
0.00000000000000038
0.00000010038677015
0.00000048906375237
0.00000076293945241
0.00000027912419121
0.00000063578287625
0.00000017742778145
0.00000086697665322
0.00000050862629987
0.00000008292819896
0.00000056814640398
0.00000079472859404
0.00000038925482621
0.00000053405761378
0.00000029919193878
0.00000051351694343
0.00000000000000402
0.00000014128508812
0.00000000000000439
0.00000034059797471
0.00000046847158929
0.00000019731192263
0.00000019396766263
0.00000063578287239
0.00000025014408835
0.00000018458213126
0.00000042385525738
0.00000000000000577
0.00000011737530638
0.00000057798444021
0.00000034161468665
0.00000078537884254
0.00000000000000638
0.00000032697405784
0.00000032236878962
0.00000021192761916
0.00000094061027786
0.00000051549962358
0.00000040690104868
0.00000040154707349
0.00000019816609892
0.00000009781274311
0.00000038629846465
0.00000019073487074
0.00000065933039913
0.00000027912418254
0.00000036768165645
0.00000081743513613
0.00000026927274030
0.00000008871388197
0.00000035077675205
0.00000121376730372
0.00000068578826433
0.00000016954210891
0.00000000000000828
0.00000024878459594
0.00000008203649193
0.00000073047395295
0.00000040154708912
0.00000015894571082
0.00000031461421612
0.00000070065867274
0.00000015412919121
0.00000106811522556
0.00000030215424773
0.00000007479797668
0.00000022221536573
0.00000022007869742
0.00000050862629302
0.00000021592626943
0.00000049911925924
0.00000105963813855
0.00000000000000926
0.00000020807438701
0.00000068733283131
0.00000068119593090
0.00000020255028786
0.00000066924514379
0.00000019902769294
0.00000000000000956
0.00000052166799254
0.00000006465587622
0.00000057701304145
0.00000044504800461
0.00000075663415864
0.00000062536021726
0.00000068230358579
0.00000073832849317
0.00000000000000989
0.00000054495676216
0.00000036044384608
0.00000029802323387
0.00000000000000947
0.00000082162711233
0.00000151423096721
0.00000057798444215
0.00000091782190598
0.00000034161467350
0.00000079119646338
0.00000078537884274
0.00000033413406146
0.00000143742216321
0.00000000000000470
0.00000065394810694
0.00000108218362528
0.00000042982504742
0.00000053352409608
0.00000042385524917
0.00000010523302586
0.00000031353676331
0.00000000000000135
0.00000041239970535
0.00000071685586257
0.00000071207682311
0.00000121261899853
0.00000020077353974
0.00000089757582628
0.00000158532873506
0.00000000000000165
0.00000117375300280
0.00000087470765562
0.00000057944768322
0.00000038386891027
0.00000009536742827
0.00000009477508364
0.00000037676022780
0.00000018722441003
0.00000083737256582
0.00000018495502393
0.00000009192041073
0.00000027410998877
0.00000054495674631
0.00000000000000622
0.00000197466681333
0.00000053539611427
0.00000026614167680
0.00000026460327115
0.00000192927218799
0.00000017438615276
0.00000017339532202
0.00000172415696473
0.00000034289412745
0.00000034097853559
0.00000016954209138
0.00000050581622160
0.00000100607399428
0.00000058366951689
0.00000049756921891
0.00000065983953763
0.00000147665701690
0.00000008159779138
0.00000032465507510
0.00000024220298941
0.00000032123765266
0.00000007988893592
0.00000039736428622
0.00000063248867832
0.00000086518905781
0.00000000000001297
0.00000046710577443
0.00000061964624293
0.00000061651671616
0.00000007667731812
