0.00000000000000000
0.49999997019767761
1.00000000000000000
1.49999988079071045
2.00000000000000000
2.49999976158142090
3.00000000000000000
3.50000023841857910
4.00000047683715820
4.49999904632568359
5.00000143051147461
5.50000047683715820
6.00000190734863281
6.49999809265136719
7.00000143051147461
7.50000047683715820
8.00000095367431641
8.50000286102294922
8.99999809265136719
9.49999713897705078
10.00000286102294922
10.49999904632568359
10.99999713897705078
11.49999904632568359
12.00000286102294922
12.50000095367431641
12.99999618530273438
13.50000000000000000
13.99999904632568359
14.50000095367431641
15.00000190734863281
15.50000190734863281
16.00000381469726562
16.50000190734863281
16.99999618530273438
17.49999809265136719
17.99999809265136719
18.49999046325683594
19.00000381469726562
19.49999427795410156
20.00000190734863281
20.50001716613769531
20.99999046325683594
21.49999427795410156
22.00000381469726562
22.49999809265136719
22.99998474121093750
23.49999809265136719
23.99999618530273438
24.49999427795410156
25.00000953674316406
25.49999618530273438
25.99999618530273438
26.50001525878906250
26.99999809265136719
27.50001144409179688
28.00000572204589844
28.50000572204589844
29.00002479553222656
29.49999237060546875
30.00000000000000000
30.49999427795410156
31.00000000000000000
31.50000381469726562
31.99999618530273438
32.49999237060546875
32.99999618530273438
33.49999237060546875
34.00003051757812500
34.50000000000000000
35.00001144409179688
35.50001144409179688
36.00000762939453125
36.50003433227539062
36.99999237060546875
37.49997329711914062
38.00001907348632812
38.50002670288085938
39.00001144409179688
39.49996185302734375
40.00001144409179688
40.49998092651367188
41.00000762939453125
41.50003051757812500
41.99998855590820312
42.49995422363281250
43.00003433227539062
43.50004577636718750
43.99999237060546875
44.49994659423828125
45.00000000000000000
45.49997711181640625
46.00004196166992188
46.50001144409179688
46.99996948242187500
47.50003433227539062
48.00003814697265625
48.50001907348632812
49.00000762939453125
49.50003051757812500
50.00000000000000000
50.49996948242187500
51.00002288818359375
51.50004196166992188
51.99999618530273438
52.50004577636718750
52.99995422363281250
53.50001144409179688
54.00005722045898438
54.50000381469726562
54.99999618530273438
55.49994277954101562
55.99993515014648438
56.50001907348632812
56.99991989135742188
57.49997329711914062
58.00004959106445312
58.50000381469726562
58.99998855590820312
59.50003051757812500
59.99996566772460938
60.49997711181640625
60.99999237060546875
61.50000762939453125
61.99996948242187500
62.49995422363281250
62.99999618530273438
63.50004959106445312
63.99997329711914062
64.50003814697265625
64.99997711181640625
65.49996185302734375
66.00002288818359375
66.49998474121093750
66.99996948242187500
67.50001525878906250
67.99997711181640625
68.49994659423828125
69.00007629394531250
69.50005340576171875
69.99999237060546875
70.49997711181640625
71.00000000000000000
71.50001525878906250
71.99987792968750000
72.49992370605468750
72.99996948242187500
73.49999237060546875
73.99999237060546875
74.49995422363281250
74.99993133544921875
75.49998474121093750
75.99993133544921875
76.50002288818359375
76.99998474121093750
77.50002288818359375
78.00011444091796875
78.49995422363281250
79.00003051757812500
79.50004577636718750
79.99998474121093750
80.49994659423828125
81.00005340576171875
81.50010681152343750
82.00000000000000000
82.50001525878906250
82.99994659423828125
83.50004577636718750
83.99999237060546875
84.49994659423828125
84.99999237060546875
85.50003814697265625
86.00000000000000000
86.49998474121093750
86.99997711181640625
87.49996948242187500
87.99991607666015625
88.49987792968750000
89.00003814697265625
89.50003814697265625
89.99988555908203125
90.50003051757812500
90.99998474121093750
91.50005340576171875
91.99996948242187500
92.50004577636718750
93.00006866455078125
93.49996948242187500
93.99997711181640625
94.49987792968750000
94.99999237060546875
95.50009155273437500
96.00006103515625000
96.50008392333984375
97.00002288818359375
97.49985504150390625
98.00006103515625000
98.49993896484375000
99.00009155273437500
99.49994659423828125
