0.00000000000000000
0.50000000000000000
0.99999994039535522
1.50000023841857910
2.00000000000000000
2.50000023841857910
2.99999952316284180
3.50000023841857910
4.00000000000000000
4.50000095367431641
4.99999904632568359
5.50000047683715820
6.00000190734863281
6.50000047683715820
7.00000000000000000
7.49999809265136719
8.00000190734863281
8.49999904632568359
9.00000286102294922
9.49999523162841797
9.99999713897705078
10.49999713897705078
11.00000095367431641
11.50000000000000000
12.00000095367431641
12.49999904632568359
12.99999713897705078
13.50000095367431641
14.00000381469726562
14.49999332427978516
15.00000667572021484
15.49999523162841797
16.00000572204589844
16.50000572204589844
17.00000762939453125
17.50000572204589844
17.99998664855957031
18.50002670288085938
19.00000381469726562
19.49999427795410156
19.99999618530273438
20.50000000000000000
20.99999809265136719
21.49999237060546875
22.00000381469726562
22.50000953674316406
23.00000762939453125
23.50000572204589844
24.00001335144042969
24.50000190734863281
25.00000000000000000
25.50000190734863281
26.00000953674316406
26.50000762939453125
26.99999237060546875
27.50000000000000000
27.99997711181640625
28.49999427795410156
29.00001335144042969
29.49998474121093750
29.99999237060546875
30.50000953674316406
30.99997711181640625
31.50000190734863281
32.00000762939453125
32.50001525878906250
33.00000762939453125
33.50001907348632812
34.00002670288085938
34.50003051757812500
34.99999618530273438
35.50000381469726562
36.00000381469726562
36.49997711181640625
36.99999237060546875
37.49998474121093750
38.00001525878906250
38.50003814697265625
39.00000762939453125
39.49998474121093750
40.00001907348632812
40.49998855590820312
41.00000381469726562
41.50001525878906250
42.00000381469726562
42.50000381469726562
42.99998474121093750
43.50001525878906250
44.00001144409179688
44.50002670288085938
45.00001907348632812
45.49998092651367188
46.00003051757812500
46.49998092651367188
47.00000000000000000
47.50002288818359375
47.99998092651367188
48.49996185302734375
48.99998855590820312
49.49996948242187500
50.00001525878906250
50.50000381469726562
51.00001525878906250
51.49999237060546875
52.00004196166992188
52.50003433227539062
52.99999237060546875
53.49997711181640625
54.00002670288085938
54.50000000000000000
55.00001144409179688
55.50001907348632812
55.99998474121093750
56.50000762939453125
56.99998474121093750
57.50001144409179688
57.99999237060546875
58.49994277954101562
59.00003433227539062
59.49995422363281250
60.00000000000000000
60.50001525878906250
61.00003814697265625
61.50004196166992188
62.00008392333984375
62.50000000000000000
63.00000381469726562
63.49998092651367188
64.00006866455078125
64.49993133544921875
65.00000762939453125
65.49997711181640625
66.00003814697265625
66.49994659423828125
66.99998474121093750
67.49996185302734375
67.99999237060546875
68.50003051757812500
68.99996185302734375
69.50002288818359375
69.99997711181640625
70.50000762939453125
70.99998474121093750
71.50000762939453125
72.00001525878906250
72.50006866455078125
72.99995422363281250
73.50000000000000000
73.99989318847656250
74.49998474121093750
75.00001525878906250
75.49993896484375000
76.00002288818359375
76.49992370605468750
76.99993896484375000
77.50000762939453125
77.99999237060546875
78.50003814697265625
78.99990081787109375
79.49998474121093750
79.99993896484375000
80.49999237060546875
81.00012969970703125
81.49996185302734375
82.00006866455078125
82.49995422363281250
82.99997711181640625
83.50003814697265625
83.99988555908203125
84.49993896484375000
84.99996185302734375
85.50001525878906250
85.99998474121093750
86.50006103515625000
87.00004577636718750
87.49996948242187500
88.00009155273437500
88.50011444091796875
89.00006103515625000
89.50003814697265625
89.99991607666015625
90.49990081787109375
91.00002288818359375
91.50000000000000000
92.00000000000000000
92.49991607666015625
93.00001525878906250
93.49997711181640625
94.00009155273437500
94.50001525878906250
95.00004577636718750
95.49995422363281250
95.99991607666015625
96.49987030029296875
97.00006866455078125
97.50013732910156250
98.00008392333984375
98.49991607666015625
99.00012969970703125
99.50005340576171875
