0.00000000000000000
0.50000005960464478
1.00000011920928955
1.49999988079071045
2.00000000000000000
2.50000000000000000
2.99999976158142090
3.49999976158142090
4.00000000000000000
4.50000047683715820
5.00000047683715820
5.50000143051147461
6.00000143051147461
6.49999713897705078
7.00000000000000000
7.49999761581420898
8.00000000000000000
8.49999904632568359
8.99999618530273438
9.50000095367431641
9.99999809265136719
10.49999618530273438
11.00000190734863281
11.50000286102294922
12.00000190734863281
12.49999618530273438
12.99999618530273438
13.50000381469726562
13.99999332427978516
14.49999904632568359
15.00000000000000000
15.50000476837158203
16.00000190734863281
16.50000000000000000
17.00000572204589844
17.50000953674316406
18.00000572204589844
18.50000381469726562
18.99999809265136719
19.49999618530273438
19.99999427795410156
20.49999046325683594
20.99999618530273438
21.49999618530273438
21.99999427795410156
22.49999618530273438
22.99999046325683594
23.49999427795410156
24.00000190734863281
24.50000572204589844
24.99999618530273438
25.50001525878906250
26.00000000000000000
26.49998855590820312
27.00001335144042969
27.50000381469726562
28.00001716613769531
28.49998664855957031
29.00000762939453125
29.50000190734863281
29.99998664855957031
30.50000572204589844
31.00000762939453125
31.50000190734863281
31.99999809265136719
32.49997711181640625
33.00003814697265625
33.49998092651367188
34.00001144409179688
34.50000381469726562
34.99999618530273438
35.49998855590820312
35.99999618530273438
36.50000762939453125
37.00001907348632812
37.49995422363281250
38.00001525878906250
38.49998092651367188
38.99996566772460938
39.49999618530273438
40.00003051757812500
40.49996566772460938
40.99999237060546875
41.50000762939453125
41.99997711181640625
42.50000381469726562
42.99999618530273438
43.49995803833007812
43.99998855590820312
44.50002670288085938
45.00000000000000000
45.50002670288085938
46.00000381469726562
46.50000762939453125
47.00000000000000000
47.50003433227539062
48.00002670288085938
48.49999237060546875
49.00001907348632812
49.50000000000000000
49.99997711181640625
50.49998474121093750
50.99995803833007812
51.49998855590820312
51.99999237060546875
52.49998855590820312
53.00001525878906250
53.50004196166992188
53.99998092651367188
54.50005340576171875
54.99997711181640625
55.50006484985351562
56.00003433227539062
56.50000381469726562
57.00003433227539062
57.50004196166992188
58.00003814697265625
58.50000381469726562
58.99997711181640625
59.49998474121093750
60.00004196166992188
60.49998855590820312
60.99994277954101562
61.50000762939453125
62.00003433227539062
62.49995803833007812
62.99998092651367188
63.49995422363281250
63.99998474121093750
64.50006866455078125
64.99997711181640625
65.49993896484375000
66.00005340576171875
66.49996948242187500
66.99998474121093750
67.50003814697265625
68.00002288818359375
68.50000000000000000
69.00000000000000000
69.50004577636718750
69.99995422363281250
70.50006103515625000
70.99995422363281250
71.50008392333984375
72.00001525878906250
72.50001525878906250
72.99999237060546875
73.49994659423828125
73.99990844726562500
74.50006103515625000
74.99999237060546875
75.50008392333984375
75.99990844726562500
76.50000762939453125
77.00006103515625000
77.49996185302734375
77.99992370605468750
78.49990844726562500
78.99993133544921875
79.49995422363281250
79.99996948242187500
80.49996185302734375
81.00009155273437500
81.50003814697265625
81.99994659423828125
82.50001525878906250
83.00003051757812500
83.50000762939453125
84.00000000000000000
84.50012207031250000
85.00000762939453125
85.50000762939453125
85.99995422363281250
86.50011444091796875
87.00000762939453125
87.50006103515625000
87.99987792968750000
88.49994659423828125
89.00008392333984375
89.50019073486328125
89.99998474121093750
90.49987030029296875
91.00003814697265625
91.50012969970703125
91.99995422363281250
92.50003814697265625
92.99993133544921875
93.50004577636718750
94.00005340576171875
94.49987792968750000
95.00007629394531250
95.49999237060546875
96.00012207031250000
96.49983215332031250
96.99983978271484375
97.49999237060546875
97.99997711181640625
98.50005340576171875
99.00008392333984375
99.49983978271484375
