0.00000000000000000
0.50000005960464478
1.00000000000000000
1.49999988079071045
2.00000023841857910
2.49999976158142090
3.00000000000000000
3.49999952316284180
3.99999928474426270
4.49999952316284180
5.00000000000000000
5.50000286102294922
5.99999856948852539
6.50000047683715820
6.99999952316284180
7.50000047683715820
7.99999856948852539
8.50000000000000000
9.00000000000000000
9.50000095367431641
10.00000286102294922
10.49999904632568359
11.00000000000000000
11.50000000000000000
12.00000286102294922
12.50000476837158203
13.00000095367431641
13.50000000000000000
13.99999809265136719
14.50000953674316406
14.99999618530273438
15.49999809265136719
16.00000190734863281
16.49999618530273438
17.00000000000000000
17.50000000000000000
17.99999427795410156
18.49999809265136719
19.00000762939453125
19.49999427795410156
20.00000190734863281
20.49999237060546875
21.00000572204589844
21.50000572204589844
21.99999046325683594
22.50000381469726562
22.99999237060546875
23.49998664855957031
24.00000381469726562
24.49999427795410156
25.00001907348632812
25.50001144409179688
26.00000762939453125
26.50000953674316406
27.00000000000000000
27.50000000000000000
28.00000953674316406
28.49999427795410156
28.99997711181640625
29.49999046325683594
29.99999046325683594
30.49999809265136719
30.99997901916503906
31.50001144409179688
31.99998283386230469
32.50000762939453125
33.00000000000000000
33.50000000000000000
33.99999618530273438
34.49998855590820312
35.00001907348632812
35.50002670288085938
36.00002288818359375
36.50001144409179688
37.00002670288085938
37.49999618530273438
38.00000381469726562
38.49996948242187500
38.99996948242187500
39.50001907348632812
40.00002288818359375
40.50001907348632812
41.00005340576171875
41.50000381469726562
42.00000381469726562
42.50003433227539062
43.00001525878906250
43.50002670288085938
43.99995803833007812
44.49997711181640625
45.00001144409179688
45.50003433227539062
45.99999237060546875
46.49997711181640625
47.00001144409179688
47.50000000000000000
47.99996185302734375
48.49999618530273438
49.00000381469726562
49.49997711181640625
49.99998092651367188
50.49995803833007812
50.99998855590820312
51.49993896484375000
52.00002670288085938
52.50004577636718750
53.00001907348632812
53.50004959106445312
53.99996185302734375
54.50000762939453125
55.00004196166992188
55.49995040893554688
55.99997711181640625
56.49997711181640625
56.99994659423828125
57.50005340576171875
58.00002670288085938
58.49999237060546875
58.99995040893554688
59.50001525878906250
60.00001144409179688
60.49997329711914062
60.99999237060546875
61.49997711181640625
61.99995040893554688
62.49993133544921875
62.99999237060546875
63.49996185302734375
64.00000762939453125
64.49995422363281250
65.00003051757812500
65.50006866455078125
65.99998474121093750
66.49997711181640625
66.99998474121093750
67.49993896484375000
67.99999237060546875
68.49996185302734375
68.99997711181640625
69.49995422363281250
70.00002288818359375
70.49997711181640625
70.99996948242187500
71.50000000000000000
72.00003814697265625
72.50004577636718750
72.99996948242187500
73.50006103515625000
73.99989318847656250
74.49990844726562500
75.00010681152343750
75.50003051757812500
76.00002288818359375
76.49994659423828125
77.00003051757812500
77.50003814697265625
78.00006866455078125
78.49993896484375000
79.00001525878906250
79.50005340576171875
80.00001525878906250
80.50003051757812500
80.99998474121093750
81.49996185302734375
81.99993133544921875
82.50007629394531250
83.00001525878906250
83.49982452392578125
83.99991607666015625
84.50005340576171875
85.00004577636718750
85.50007629394531250
86.00011444091796875
86.50005340576171875
87.00003051757812500
87.49992370605468750
88.00000000000000000
88.49995422363281250
88.99998474121093750
89.50011444091796875
89.99995422363281250
90.50001525878906250
90.99995422363281250
91.49994659423828125
91.99992370605468750
92.50019073486328125
93.00003051757812500
93.50002288818359375
93.99990081787109375
94.50006866455078125
95.00001525878906250
95.49991607666015625
95.99997711181640625
96.49995422363281250
96.99992370605468750
97.50002288818359375
97.99993896484375000
98.50006103515625000
98.99989318847656250
99.50011444091796875
