0.00000000000000000
0.50000000000000000
1.00000011920928955
1.50000011920928955
2.00000000000000000
2.50000023841857910
3.00000023841857910
3.49999976158142090
4.00000000000000000
4.50000000000000000
5.00000095367431641
5.49999952316284180
6.00000047683715820
6.50000143051147461
7.00000047683715820
7.50000047683715820
7.99999856948852539
8.50000476837158203
8.99999713897705078
9.50000000000000000
10.00000095367431641
10.50000190734863281
11.00000476837158203
11.49999141693115234
11.99999904632568359
12.49999904632568359
13.00000000000000000
13.50000000000000000
14.00000095367431641
14.49999904632568359
14.99999618530273438
15.50000381469726562
15.99999427795410156
16.50000190734863281
17.00000190734863281
17.50000381469726562
18.00001144409179688
18.50000572204589844
18.99999427795410156
19.49999046325683594
19.99999809265136719
20.50000953674316406
20.99998855590820312
21.50000572204589844
22.00000953674316406
22.50002098083496094
23.00001716613769531
23.50000190734863281
24.00000381469726562
24.49998283386230469
25.00002098083496094
25.49999809265136719
26.00000381469726562
26.49999809265136719
27.00000953674316406
27.50000762939453125
27.99998664855957031
28.50000000000000000
29.00000762939453125
29.49999618530273438
29.99999046325683594
30.50000762939453125
30.99999237060546875
31.49999809265136719
31.99999809265136719
32.49999618530273438
32.99999237060546875
33.50000381469726562
34.00000000000000000
34.50001144409179688
34.99998474121093750
35.49999237060546875
36.00002288818359375
36.49999237060546875
36.99999237060546875
37.50000762939453125
37.99998855590820312
38.50000000000000000
39.00001907348632812
39.49998474121093750
39.99998855590820312
40.49996185302734375
41.00004196166992188
41.49999618530273438
41.99995422363281250
42.49997329711914062
42.99995422363281250
43.50003433227539062
44.00000381469726562
44.50002288818359375
44.99995803833007812
45.50000000000000000
45.99998474121093750
46.49996566772460938
47.00001907348632812
47.49999618530273438
48.00000000000000000
48.50005340576171875
49.00000762939453125
49.50000381469726562
49.99998855590820312
50.49998855590820312
50.99998474121093750
51.49999618530273438
52.00002288818359375
52.50000762939453125
53.00003051757812500
53.49997329711914062
53.99996185302734375
54.50003051757812500
54.99998474121093750
55.50001144409179688
56.00001144409179688
56.50000381469726562
57.00002288818359375
57.50002670288085938
58.00001144409179688
58.49999237060546875
58.99999237060546875
59.49995040893554688
60.00003051757812500
60.50004959106445312
61.00002288818359375
61.49996948242187500
62.00002288818359375
62.50004196166992188
62.99996185302734375
63.50004959106445312
64.00001525878906250
64.50001525878906250
64.99999237060546875
65.49998474121093750
66.00003051757812500
66.49993896484375000
66.99991607666015625
67.50002288818359375
67.99996185302734375
68.50008392333984375
69.00002288818359375
69.50003814697265625
69.99997711181640625
70.49995422363281250
71.00000000000000000
71.49993896484375000
72.00005340576171875
72.49994659423828125
73.00006103515625000
73.49999237060546875
73.99987792968750000
74.50004577636718750
75.00001525878906250
75.50001525878906250
76.00000000000000000
76.50007629394531250
77.00013732910156250
77.50002288818359375
78.00006103515625000
78.50001525878906250
78.99995422363281250
79.49995422363281250
80.00008392333984375
80.49999237060546875
81.00004577636718750
81.49996185302734375
82.00001525878906250
82.50000762939453125
83.00001525878906250
83.49995422363281250
84.00001525878906250
84.50003051757812500
85.00009155273437500
85.49983215332031250
85.99992370605468750
86.50012207031250000
87.00000762939453125
87.49988555908203125
88.00004577636718750
88.49996948242187500
89.00000762939453125
89.49996185302734375
89.99998474121093750
90.50004577636718750
90.99983978271484375
91.50004577636718750
92.00003051757812500
92.50001525878906250
93.00003051757812500
93.49996185302734375
94.00003814697265625
94.49996948242187500
94.99997711181640625
95.49984741210937500
95.99994659423828125
96.49992370605468750
96.99995422363281250
97.50003814697265625
98.00000000000000000
98.50001525878906250
99.00003814697265625
99.49996948242187500
