0.00000000000000000
0.50000005960464478
1.00000000000000000
1.50000000000000000
1.99999976158142090
2.50000000000000000
3.00000047683715820
3.50000023841857910
4.00000000000000000
4.50000047683715820
4.99999952316284180
5.49999952316284180
6.00000000000000000
6.50000000000000000
6.99999809265136719
7.50000095367431641
7.99999809265136719
8.50000095367431641
9.00000190734863281
9.50000286102294922
9.99999904632568359
10.49999809265136719
11.00000000000000000
11.50000000000000000
12.00000476837158203
12.49999809265136719
13.00000286102294922
13.50000000000000000
14.00000190734863281
14.50000762939453125
14.99999427795410156
15.50000095367431641
15.99999713897705078
16.49999809265136719
17.00000953674316406
17.50000953674316406
17.99999237060546875
18.49999046325683594
19.00000000000000000
19.49999427795410156
19.99998664855957031
20.49999618530273438
21.00000190734863281
21.50000190734863281
22.00000762939453125
22.49998855590820312
23.00000953674316406
23.49999618530273438
24.00000572204589844
24.49999618530273438
25.00001716613769531
25.50001907348632812
25.99998855590820312
26.49999427795410156
27.00000190734863281
27.50000381469726562
27.99999809265136719
28.50001716613769531
29.00000572204589844
29.49998092651367188
29.99999427795410156
30.49999427795410156
31.00000381469726562
31.49999046325683594
32.00000381469726562
32.50000381469726562
33.00001144409179688
33.50001144409179688
34.00003051757812500
34.49998092651367188
35.00000381469726562
35.50005722045898438
36.00002670288085938
36.49998474121093750
37.00000000000000000
37.50003433227539062
37.99997711181640625
38.50000000000000000
39.00000762939453125
39.50001525878906250
40.00000000000000000
40.49995040893554688
40.99998855590820312
41.49999618530273438
41.99997329711914062
42.50002288818359375
42.99996566772460938
43.50001144409179688
43.99998092651367188
44.49995803833007812
44.99998474121093750
45.50003051757812500
46.00003051757812500
46.49999618530273438
46.99999618530273438
47.49995040893554688
48.00003433227539062
48.50000381469726562
48.99999237060546875
49.49998474121093750
49.99999237060546875
50.49999237060546875
50.99999237060546875
51.49998474121093750
51.99999618530273438
52.49998474121093750
52.99997329711914062
53.49998855590820312
53.99997711181640625
54.50003433227539062
54.99998474121093750
55.49995803833007812
55.99999237060546875
56.50004196166992188
56.99998855590820312
57.49999237060546875
57.99999237060546875
58.50003051757812500
59.00004959106445312
59.50004959106445312
60.00001144409179688
60.49995422363281250
61.00000381469726562
61.50001525878906250
61.99998474121093750
62.49999237060546875
62.99997711181640625
63.50001525878906250
63.99995803833007812
64.50003051757812500
64.99999237060546875
65.49996948242187500
65.99999237060546875
66.49990081787109375
67.00005340576171875
67.50001525878906250
67.99999237060546875
68.49999237060546875
68.99996185302734375
69.49995422363281250
69.99991607666015625
70.49994659423828125
71.00002288818359375
71.50004577636718750
72.00000000000000000
72.50002288818359375
72.99996185302734375
73.49996948242187500
74.00004577636718750
74.50002288818359375
74.99996948242187500
75.49993896484375000
76.00000762939453125
76.49988555908203125
76.99999237060546875
77.50003051757812500
77.99992370605468750
78.50000762939453125
78.99998474121093750
79.49996185302734375
79.99987030029296875
80.49999237060546875
81.00000000000000000
81.49993896484375000
81.99995422363281250
82.49998474121093750
83.00002288818359375
83.49998474121093750
84.00011444091796875
84.49990081787109375
85.00002288818359375
85.49990844726562500
85.99992370605468750
86.49999237060546875
87.00009918212890625
87.50009155273437500
88.00003814697265625
88.49989318847656250
88.99984741210937500
89.50011444091796875
90.00008392333984375
90.49999237060546875
91.00003814697265625
91.49990844726562500
91.99999237060546875
92.50005340576171875
93.00009155273437500
93.49994659423828125
94.00011444091796875
94.49993896484375000
94.99996948242187500
95.49993896484375000
96.00007629394531250
96.49998474121093750
96.99994659423828125
97.50001525878906250
97.99993896484375000
98.49992370605468750
98.99988555908203125
99.49993133544921875
