0.00000000000000000
0.49999994039535522
0.99999994039535522
1.50000000000000000
1.99999988079071045
2.50000023841857910
3.00000023841857910
3.50000119209289551
4.00000000000000000
4.50000047683715820
4.99999952316284180
5.49999952316284180
6.00000047683715820
6.49999904632568359
7.00000190734863281
7.50000047683715820
8.00000190734863281
8.50000286102294922
9.00000000000000000
9.50000572204589844
9.99999713897705078
10.50000190734863281
11.00000667572021484
11.50000095367431641
12.00000286102294922
12.49999523162841797
12.99999427795410156
13.50000381469726562
14.00000286102294922
14.50000476837158203
14.99999809265136719
15.50000190734863281
16.00000572204589844
16.50000000000000000
16.99999809265136719
17.50000000000000000
18.00000762939453125
18.49999427795410156
18.99999237060546875
19.50000572204589844
19.99998664855957031
20.49998664855957031
21.00000381469726562
21.50000572204589844
21.99999237060546875
22.50000190734863281
22.99999237060546875
23.50000190734863281
24.00000762939453125
24.49999237060546875
25.00001716613769531
25.49999809265136719
26.00000000000000000
26.50000190734863281
27.00000762939453125
27.49999237060546875
28.00000000000000000
28.50001525878906250
29.00000381469726562
29.49998664855957031
30.00000190734863281
30.50003433227539062
30.99998664855957031
31.50001907348632812
31.99998855590820312
32.50001907348632812
32.99999618530273438
33.50000762939453125
34.00001144409179688
34.50002670288085938
35.00000000000000000
35.50001144409179688
35.99999237060546875
36.50002670288085938
37.00001907348632812
37.49998474121093750
38.00002288818359375
38.50000762939453125
38.99996948242187500
39.50001144409179688
40.00000000000000000
40.49999618530273438
41.00003814697265625
41.50000000000000000
41.99998855590820312
42.49999618530273438
43.00000381469726562
43.50003051757812500
43.99998855590820312
44.50000381469726562
45.00006103515625000
45.50001907348632812
45.99996566772460938
46.50007629394531250
47.00001525878906250
47.50002288818359375
47.99998855590820312
48.50001907348632812
49.00003051757812500
49.49998092651367188
49.99999618530273438
50.49999237060546875
51.00001907348632812
51.49998474121093750
52.00001907348632812
52.49994659423828125
52.99995803833007812
53.49998092651367188
54.00002288818359375
54.50001525878906250
54.99998092651367188
55.49995040893554688
56.00003433227539062
56.50002288818359375
56.99997711181640625
57.49997711181640625
57.99998855590820312
58.49996566772460938
59.00003433227539062
59.49996566772460938
59.99999618530273438
60.50003814697265625
61.00002670288085938
61.49995422363281250
61.99999618530273438
62.49998474121093750
62.99993515014648438
63.49996185302734375
64.00000762939453125
64.49996185302734375
64.99998474121093750
65.49997711181640625
66.00004577636718750
66.49999237060546875
67.00004577636718750
67.50003814697265625
67.99998474121093750
68.49996948242187500
69.00002288818359375
69.50002288818359375
70.00005340576171875
70.50003814697265625
71.00000000000000000
71.49997711181640625
71.99998474121093750
72.50000762939453125
73.00012207031250000
73.50006866455078125
74.00000762939453125
74.49997711181640625
74.99997711181640625
75.50002288818359375
75.99993896484375000
76.49998474121093750
76.99997711181640625
77.49994659423828125
77.99996948242187500
78.49995422363281250
79.00001525878906250
79.50003051757812500
80.00006866455078125
80.49995422363281250
80.99992370605468750
81.50003051757812500
81.99994659423828125
82.49996948242187500
82.99996185302734375
83.50003051757812500
83.99995422363281250
84.49997711181640625
85.00002288818359375
85.49993133544921875
85.99986267089843750
86.50007629394531250
87.00009155273437500
87.50000762939453125
87.99997711181640625
88.49987030029296875
89.00003051757812500
89.49994659423828125
90.00006866455078125
90.49996185302734375
90.99996948242187500
91.50006103515625000
92.00003051757812500
92.50003814697265625
92.99993896484375000
93.49990081787109375
93.99995422363281250
94.49990844726562500
95.00001525878906250
95.50011444091796875
96.00015258789062500
96.49985504150390625
96.99998474121093750
97.50010681152343750
97.99996185302734375
98.49994659423828125
99.00010681152343750
99.50004577636718750
