0.00000000000000000
0.50000000000000000
1.00000000000000000
1.50000000000000000
2.00000000000000000
2.50000000000000000
3.00000023841857910
3.49999976158142090
4.00000047683715820
4.49999904632568359
5.00000047683715820
5.50000047683715820
6.00000286102294922
6.49999904632568359
7.00000095367431641
7.50000000000000000
8.00000095367431641
8.50000190734863281
8.99999904632568359
9.50000286102294922
10.00000476837158203
10.50000095367431641
11.00000000000000000
11.50000286102294922
12.00000572204589844
12.49999809265136719
13.00000190734863281
13.50000572204589844
13.99999904632568359
14.50000381469726562
15.00000000000000000
15.50001144409179688
15.99999618530273438
16.50000190734863281
17.00000381469726562
17.50001144409179688
17.99999809265136719
18.49999237060546875
19.00000762939453125
19.50000381469726562
20.00001525878906250
20.49998283386230469
20.99999427795410156
21.50001144409179688
21.99998664855957031
22.49999427795410156
22.99999237060546875
23.50000190734863281
23.99999809265136719
24.50000381469726562
24.99998855590820312
25.49999237060546875
26.00000762939453125
26.50000953674316406
26.99999046325683594
27.49999618530273438
28.00001144409179688
28.50000190734863281
28.99996376037597656
29.50000572204589844
30.00000572204589844
30.49999618530273438
31.00000953674316406
31.49997520446777344
32.00001525878906250
32.50000762939453125
33.00000762939453125
33.49999237060546875
34.00000000000000000
34.50002288818359375
35.00001144409179688
35.50000000000000000
36.00001525878906250
36.50001144409179688
37.00000381469726562
37.50000000000000000
37.99997711181640625
38.49998855590820312
38.99999618530273438
39.50002670288085938
40.00003433227539062
40.49999237060546875
40.99996948242187500
41.49998474121093750
41.99998474121093750
42.50000762939453125
43.00000000000000000
43.49999237060546875
44.00002288818359375
44.50000762939453125
45.00005722045898438
45.50000381469726562
46.00001144409179688
46.49998474121093750
47.00000762939453125
47.50000762939453125
47.99998474121093750
48.50003433227539062
49.00000762939453125
49.50004577636718750
50.00004959106445312
50.49998474121093750
51.00000000000000000
51.50003051757812500
52.00000381469726562
52.49998474121093750
52.99995803833007812
53.50002288818359375
54.00000381469726562
54.49998855590820312
55.00003051757812500
55.49994659423828125
55.99997711181640625
56.50001907348632812
57.00000000000000000
57.50003814697265625
57.99994659423828125
58.49997329711914062
59.00005340576171875
59.50000762939453125
60.00006103515625000
60.50004577636718750
61.00004959106445312
61.50001525878906250
62.00001525878906250
62.50003814697265625
62.99997711181640625
63.49999618530273438
64.00000762939453125
64.49998474121093750
65.00003814697265625
65.50002288818359375
65.99993133544921875
66.49996948242187500
66.99998474121093750
67.50003814697265625
68.00003814697265625
68.50003051757812500
69.00001525878906250
69.50006103515625000
70.00002288818359375
70.49999237060546875
71.00006866455078125
71.50004577636718750
72.00003051757812500
72.50002288818359375
73.00004577636718750
73.49996185302734375
74.00003051757812500
74.50003814697265625
75.00005340576171875
75.50004577636718750
76.00006103515625000
76.50011444091796875
76.99994659423828125
77.49995422363281250
77.99996948242187500
78.49997711181640625
79.00005340576171875
79.49991607666015625
79.99993133544921875
80.50003814697265625
80.99995422363281250
81.49997711181640625
82.00000762939453125
82.50013732910156250
83.00003814697265625
83.50009155273437500
84.00005340576171875
84.50001525878906250
85.00004577636718750
85.50003051757812500
85.99997711181640625
86.49987792968750000
86.99987030029296875
87.49998474121093750
87.99980926513671875
88.49996948242187500
88.99999237060546875
89.49996185302734375
89.99993896484375000
90.49996185302734375
90.99996948242187500
91.49994659423828125
92.00000762939453125
92.49985504150390625
92.99997711181640625
93.49993133544921875
93.99990844726562500
94.50009155273437500
94.99995422363281250
95.50003814697265625
96.00008392333984375
96.50000000000000000
96.99996948242187500
97.50009155273437500
98.00000000000000000
98.50011444091796875
99.00007629394531250
99.50000000000000000
