0.00000000000000000
0.50000005960464478
1.00000011920928955
1.49999988079071045
1.99999976158142090
2.49999976158142090
3.00000023841857910
3.50000023841857910
4.00000047683715820
4.50000095367431641
5.00000047683715820
5.50000143051147461
6.00000000000000000
6.49999952316284180
6.99999856948852539
7.49999904632568359
7.99999713897705078
8.50000095367431641
9.00000000000000000
9.49999713897705078
9.99999809265136719
10.50000190734863281
10.99999618530273438
11.49999713897705078
12.00000572204589844
12.50000000000000000
13.00000286102294922
13.50000000000000000
14.00000190734863281
14.49999713897705078
15.00000000000000000
15.50000000000000000
15.99999618530273438
16.49999809265136719
16.99999237060546875
17.49999427795410156
18.00000572204589844
18.49999618530273438
19.00000000000000000
19.49998855590820312
20.00000000000000000
20.49999618530273438
21.00000572204589844
21.50001525878906250
22.00000000000000000
22.49999809265136719
23.00001907348632812
23.50000190734863281
23.99999618530273438
24.49999427795410156
25.00000572204589844
25.49999809265136719
26.00001335144042969
26.50001335144042969
27.00000381469726562
27.50000762939453125
27.99998474121093750
28.50000572204589844
29.00000381469726562
29.49998664855957031
30.00000000000000000
30.50001525878906250
30.99999809265136719
31.50000190734863281
31.99997711181640625
32.50001144409179688
32.99998474121093750
33.49998092651367188
34.00002288818359375
34.49998092651367188
34.99997711181640625
35.50001144409179688
36.00004196166992188
36.49999618530273438
36.99996566772460938
37.50001144409179688
37.99998474121093750
38.50001144409179688
38.99996948242187500
39.50000000000000000
39.99998855590820312
40.50000762939453125
41.00003051757812500
41.49998855590820312
42.00000381469726562
42.50000000000000000
42.99999237060546875
43.50000381469726562
44.00000762939453125
44.49998092651367188
45.00002670288085938
45.50003051757812500
46.00000000000000000
46.50003433227539062
47.00002288818359375
47.50000000000000000
47.99998474121093750
48.49998855590820312
48.99994277954101562
49.50000762939453125
50.00005340576171875
50.49996948242187500
50.99993133544921875
51.50005722045898438
52.00000762939453125
52.49999237060546875
52.99995803833007812
53.50001907348632812
53.99996948242187500
54.50003814697265625
55.00003051757812500
55.50005340576171875
55.99998092651367188
56.50000381469726562
57.00000000000000000
57.50003433227539062
58.00000762939453125
58.49998092651367188
58.99996185302734375
59.49998474121093750
60.00002670288085938
60.50000000000000000
60.99998092651367188
61.50001907348632812
62.00004196166992188
62.49999618530273438
62.99995803833007812
63.50004577636718750
64.00000000000000000
64.49999237060546875
65.00002288818359375
65.49996948242187500
65.99997711181640625
66.50008392333984375
66.99995422363281250
67.50001525878906250
68.00002288818359375
68.50000762939453125
68.99997711181640625
69.50003814697265625
69.99996185302734375
70.50002288818359375
71.00000762939453125
71.49990844726562500
71.99997711181640625
72.50006866455078125
72.99995422363281250
73.49996185302734375
73.99997711181640625
74.50001525878906250
74.99997711181640625
75.50003051757812500
75.99993133544921875
76.50002288818359375
76.99997711181640625
77.50000000000000000
78.00002288818359375
78.50000762939453125
78.99996185302734375
79.49990844726562500
79.99996948242187500
80.50006866455078125
80.99995422363281250
81.50006103515625000
81.99995422363281250
82.50006866455078125
82.99987030029296875
83.49997711181640625
84.00009155273437500
84.50003814697265625
84.99996948242187500
85.49995422363281250
85.99993133544921875
86.50000762939453125
87.00000000000000000
87.49994659423828125
87.99995422363281250
88.49983215332031250
88.99999237060546875
89.49996948242187500
89.99987792968750000
90.50013732910156250
91.00009918212890625
91.49991607666015625
92.00006103515625000
92.50003814697265625
92.99996948242187500
93.49996185302734375
94.00001525878906250
94.50005340576171875
94.99997711181640625
95.50001525878906250
96.00003051757812500
96.50000762939453125
96.99987792968750000
97.49994659423828125
97.99996185302734375
98.50001525878906250
98.99996948242187500
99.50010681152343750
