0.00000000000000000
0.50000000000000000
0.99999994039535522
1.50000000000000000
2.00000047683715820
2.50000047683715820
3.00000023841857910
3.50000000000000000
3.99999928474426270
4.49999952316284180
5.00000000000000000
5.49999809265136719
5.99999856948852539
6.49999904632568359
6.99999952316284180
7.49999809265136719
7.99999856948852539
8.50000286102294922
8.99999904632568359
9.50000000000000000
9.99999427795410156
10.49999904632568359
10.99999809265136719
11.50000000000000000
12.00000286102294922
12.50000095367431641
13.00000190734863281
13.49999809265136719
14.00000095367431641
14.49999427795410156
15.00000286102294922
15.50000572204589844
16.00000762939453125
16.50000381469726562
17.00000381469726562
17.50000572204589844
18.00000000000000000
18.50000190734863281
18.99999427795410156
19.50000381469726562
20.00001716613769531
20.49999809265136719
21.00000572204589844
21.50000572204589844
22.00000762939453125
22.49999809265136719
23.00000953674316406
23.50000381469726562
23.99999809265136719
24.49999618530273438
24.99999809265136719
25.49998092651367188
25.99999618530273438
26.50001144409179688
27.00000000000000000
27.50001144409179688
27.99997901916503906
28.49998664855957031
28.99999427795410156
29.50001907348632812
29.99998474121093750
30.50000572204589844
31.00000000000000000
31.49999618530273438
32.00000381469726562
32.49998855590820312
32.99999618530273438
33.50001144409179688
34.00001144409179688
34.50000000000000000
35.00000762939453125
35.50000381469726562
36.00000381469726562
36.49998855590820312
37.00001525878906250
37.50000381469726562
37.99997711181640625
38.49996566772460938
38.99999237060546875
39.50000000000000000
39.99999237060546875
40.49999237060546875
41.00001144409179688
41.49997711181640625
42.00000381469726562
42.49997711181640625
42.99999618530273438
43.49997711181640625
44.00002670288085938
44.49999618530273438
44.99998855590820312
45.50002670288085938
46.00000000000000000
46.49997329711914062
46.99999237060546875
47.49998092651367188
47.99998092651367188
48.49995422363281250
48.99999618530273438
49.50001144409179688
49.99998855590820312
50.49997711181640625
51.00001907348632812
51.49997329711914062
51.99998092651367188
52.50002288818359375
52.99994277954101562
53.49998474121093750
54.00002670288085938
54.49998474121093750
54.99999618530273438
55.50003051757812500
55.99998092651367188
56.50003051757812500
56.99998474121093750
57.49998474121093750
58.00001525878906250
58.50001525878906250
59.00000762939453125
59.50003814697265625
60.00000762939453125
60.50010681152343750
60.99999237060546875
61.50004959106445312
61.99997711181640625
62.50003433227539062
62.99997329711914062
63.50002288818359375
63.99996185302734375
64.49999237060546875
64.99995422363281250
65.49998474121093750
65.99996948242187500
66.49998474121093750
67.00000762939453125
67.50002288818359375
68.00003051757812500
68.50008392333984375
69.00000000000000000
69.50007629394531250
69.99997711181640625
70.49994659423828125
70.99993133544921875
71.50008392333984375
71.99991607666015625
72.49993133544921875
73.00007629394531250
73.50003814697265625
74.00000762939453125
74.50006866455078125
74.99999237060546875
75.49996185302734375
76.00000762939453125
76.49997711181640625
76.99993133544921875
77.50003814697265625
78.00012207031250000
78.50003051757812500
79.00002288818359375
79.49995422363281250
79.99996948242187500
80.50006103515625000
81.00005340576171875
81.50003051757812500
82.00000762939453125
82.49995422363281250
82.99996185302734375
83.50004577636718750
84.00005340576171875
84.49997711181640625
85.00005340576171875
85.50007629394531250
85.99997711181640625
86.49998474121093750
87.00006866455078125
87.50007629394531250
88.00000762939453125
88.49999237060546875
88.99987030029296875
89.50004577636718750
90.00005340576171875
90.50005340576171875
91.00001525878906250
91.50000762939453125
91.99997711181640625
92.49994659423828125
93.00002288818359375
93.49991607666015625
93.99997711181640625
94.49999237060546875
94.99990081787109375
95.50012969970703125
95.99993133544921875
96.49996948242187500
97.00001525878906250
97.49994659423828125
97.99991607666015625
98.50011444091796875
98.99999237060546875
99.50020599365234375
