0.00000000000000000
0.49999997019767761
0.99999994039535522
1.50000011920928955
2.00000023841857910
2.50000047683715820
3.00000000000000000
3.50000047683715820
4.00000047683715820
4.50000190734863281
4.99999856948852539
5.49999904632568359
5.99999856948852539
6.50000000000000000
7.00000143051147461
7.49999904632568359
8.00000000000000000
8.49999713897705078
9.00000286102294922
9.49999618530273438
10.00000190734863281
10.49999523162841797
11.00000000000000000
11.50000381469726562
11.99999523162841797
12.50000286102294922
12.99999713897705078
13.49999523162841797
13.99999713897705078
14.50000476837158203
15.00000095367431641
15.50000572204589844
16.00000762939453125
16.50000190734863281
17.00001144409179688
17.50000190734863281
18.00000572204589844
18.49999618530273438
19.00000572204589844
19.49999237060546875
20.00000953674316406
20.49999809265136719
21.00000762939453125
21.50000381469726562
21.99998855590820312
22.49998855590820312
23.00000190734863281
23.49999809265136719
23.99999046325683594
24.49999809265136719
25.00002861022949219
25.50002098083496094
25.99999427795410156
26.50000953674316406
27.00000381469726562
27.50000953674316406
27.99998474121093750
28.49999427795410156
29.00001716613769531
29.50000572204589844
29.99999618530273438
30.49999427795410156
30.99999618530273438
31.50001525878906250
32.00001907348632812
32.49997711181640625
32.99998855590820312
33.49998092651367188
34.00001525878906250
34.49998092651367188
34.99999618530273438
35.49999237060546875
35.99996948242187500
36.50004577636718750
37.00002288818359375
37.49998474121093750
38.00001907348632812
38.50003051757812500
38.99997329711914062
39.50000762939453125
40.00000762939453125
40.49999237060546875
40.99998474121093750
41.50000000000000000
42.00004196166992188
42.50001525878906250
43.00000762939453125
43.50003051757812500
43.99997329711914062
44.50001525878906250
45.00001907348632812
45.49999618530273438
45.99998855590820312
46.50003051757812500
46.99998092651367188
47.49995803833007812
47.99997711181640625
48.50002288818359375
49.00004959106445312
49.50003814697265625
49.99998855590820312
50.50000381469726562
51.00000000000000000
51.49999618530273438
52.00000381469726562
52.49994277954101562
52.99996948242187500
53.50004959106445312
53.99998855590820312
54.50002670288085938
55.00003433227539062
55.50001907348632812
56.00000381469726562
56.50002288818359375
56.99999237060546875
57.49997711181640625
57.99995803833007812
58.50001525878906250
59.00000000000000000
59.49999618530273438
60.00003051757812500
60.49995803833007812
61.00003433227539062
61.49998855590820312
61.99996185302734375
62.50005722045898438
63.00001525878906250
63.49998474121093750
63.99997329711914062
64.50002288818359375
64.99994659423828125
65.49994659423828125
66.00006866455078125
66.49988555908203125
67.00000000000000000
67.49998474121093750
68.00000000000000000
68.49997711181640625
69.00003814697265625
69.49995422363281250
70.00003051757812500
70.50006103515625000
70.99998474121093750
71.50007629394531250
72.00006103515625000
72.50005340576171875
73.00009918212890625
73.50007629394531250
74.00006103515625000
74.49990844726562500
75.00000000000000000
75.49996948242187500
76.00003051757812500
76.50001525878906250
76.99997711181640625
77.49997711181640625
78.00005340576171875
78.49993896484375000
79.00001525878906250
79.50001525878906250
80.00005340576171875
80.49988555908203125
81.00003051757812500
81.49993896484375000
81.99996948242187500
82.50007629394531250
83.00008392333984375
83.49988555908203125
83.99992370605468750
84.49991607666015625
84.99999237060546875
85.50000762939453125
86.00006103515625000
86.49993133544921875
86.99997711181640625
87.49998474121093750
87.99990844726562500
88.50006866455078125
88.99999237060546875
89.50006866455078125
90.00007629394531250
90.49999237060546875
91.00000762939453125
91.50006103515625000
91.99997711181640625
92.49987030029296875
92.99997711181640625
93.50016021728515625
94.00001525878906250
94.50000000000000000
95.00003814697265625
95.50000000000000000
96.00003051757812500
96.50001525878906250
96.99995422363281250
97.49984741210937500
98.00012207031250000
98.50011444091796875
98.99993133544921875
99.49996185302734375
