0.00000000000000000
0.49999997019767761
1.00000011920928955
1.49999976158142090
1.99999964237213135
2.50000000000000000
3.00000000000000000
3.50000071525573730
4.00000047683715820
4.49999904632568359
5.00000047683715820
5.49999952316284180
6.00000047683715820
6.50000095367431641
7.00000190734863281
7.50000143051147461
7.99999856948852539
8.50000000000000000
8.99999523162841797
9.50000000000000000
9.99999904632568359
10.49999523162841797
11.00000000000000000
11.50000095367431641
12.00000190734863281
12.50000286102294922
12.99999904632568359
13.50000095367431641
14.00000095367431641
14.50000095367431641
14.99999713897705078
15.49999713897705078
15.99999237060546875
16.50000381469726562
17.00000953674316406
17.50000190734863281
18.00000190734863281
18.50000190734863281
18.99999237060546875
19.50000762939453125
20.00000000000000000
20.50001144409179688
21.00000000000000000
21.50000953674316406
22.00000762939453125
22.49999618530273438
23.00000762939453125
23.50000381469726562
23.99998855590820312
24.49998664855957031
25.00001335144042969
25.50001525878906250
25.99998283386230469
26.50000381469726562
27.00000190734863281
27.50000572204589844
27.99999046325683594
28.49999809265136719
29.00000000000000000
29.49999618530273438
29.99999427795410156
30.49999809265136719
30.99998474121093750
31.49999618530273438
31.99998474121093750
32.49999618530273438
33.00002288818359375
33.50001144409179688
33.99999618530273438
34.49998855590820312
34.99998092651367188
35.50000381469726562
36.00002670288085938
36.50001907348632812
37.00001144409179688
37.49999237060546875
38.00001907348632812
38.49995422363281250
38.99993896484375000
39.49998474121093750
39.99998092651367188
40.50002670288085938
40.99999237060546875
41.49996185302734375
41.99999618530273438
42.49998092651367188
43.00003051757812500
43.49999237060546875
43.99997711181640625
44.49998855590820312
45.00000381469726562
45.50000381469726562
45.99996185302734375
46.50000000000000000
47.00000381469726562
47.50001525878906250
47.99999237060546875
48.49998092651367188
48.99998092651367188
49.49998855590820312
50.00000762939453125
50.49998855590820312
50.99999237060546875
51.49998474121093750
52.00001144409179688
52.49998855590820312
53.00003814697265625
53.49994659423828125
54.00011062622070312
54.49997711181640625
55.00002670288085938
55.50001907348632812
55.99993133544921875
56.49996185302734375
57.00001907348632812
57.49994277954101562
58.00001144409179688
58.50001907348632812
59.00000000000000000
59.49997711181640625
60.00002288818359375
60.50003051757812500
61.00000762939453125
61.49997711181640625
62.00001907348632812
62.50004577636718750
62.99999618530273438
63.49996948242187500
64.00003814697265625
64.50000000000000000
64.99998474121093750
65.49996185302734375
66.00000762939453125
66.49998474121093750
66.99997711181640625
67.49997711181640625
68.00009155273437500
68.49999237060546875
68.99999237060546875
69.50002288818359375
70.00006866455078125
70.49996948242187500
70.99997711181640625
71.49998474121093750
72.00000000000000000
72.49997711181640625
73.00003051757812500
73.50000000000000000
73.99995422363281250
74.50002288818359375
74.99994659423828125
75.50000762939453125
76.00001525878906250
76.50013732910156250
77.00014495849609375
77.49997711181640625
77.99993896484375000
78.50006103515625000
78.99993133544921875
79.49993896484375000
80.00002288818359375
80.50009155273437500
80.99998474121093750
81.50013732910156250
82.00000762939453125
82.49997711181640625
82.99994659423828125
83.49990081787109375
83.99996948242187500
84.50007629394531250
85.00007629394531250
85.49990844726562500
86.00006866455078125
86.50000000000000000
87.00011444091796875
87.50005340576171875
88.00005340576171875
88.49988555908203125
89.00012969970703125
89.50003051757812500
89.99993896484375000
90.49997711181640625
91.00000000000000000
91.49990081787109375
92.00003814697265625
92.50008392333984375
92.99993133544921875
93.50004577636718750
93.99989318847656250
94.49992370605468750
95.00005340576171875
95.49987792968750000
95.99996185302734375
96.50020599365234375
97.00006103515625000
97.50000000000000000
97.99996185302734375
98.50006866455078125
98.99996948242187500
99.49994659423828125
