0.00000000000000000
0.50000000000000000
1.00000000000000000
1.50000023841857910
2.00000023841857910
2.50000047683715820
3.00000023841857910
3.50000000000000000
4.00000095367431641
4.50000095367431641
5.00000000000000000
5.49999952316284180
5.99999952316284180
6.49999761581420898
6.99999952316284180
7.49999904632568359
8.00000000000000000
8.50000095367431641
9.00000095367431641
9.50000572204589844
10.00000095367431641
10.50000000000000000
10.99999904632568359
11.49999427795410156
12.00000000000000000
12.50000190734863281
12.99999427795410156
13.50000381469726562
14.00000000000000000
14.50000000000000000
15.00000286102294922
15.49999904632568359
16.00000381469726562
16.49999618530273438
17.00000000000000000
17.49999237060546875
17.99999809265136719
18.50000762939453125
18.99999809265136719
19.49999427795410156
20.00000190734863281
20.50000000000000000
21.00000572204589844
21.49998664855957031
21.99999618530273438
22.50000190734863281
23.00000000000000000
23.49999809265136719
23.99998474121093750
24.50000000000000000
25.00000000000000000
25.50002098083496094
26.00001144409179688
26.50001716613769531
26.99998474121093750
27.50000000000000000
28.00001716613769531
28.49999618530273438
28.99998283386230469
29.50001335144042969
30.00001716613769531
30.49999237060546875
30.99999427795410156
31.50000000000000000
32.00000000000000000
32.50000000000000000
32.99998092651367188
33.49999237060546875
34.00002288818359375
34.49998855590820312
35.00002288818359375
35.49998474121093750
36.00001907348632812
36.50001144409179688
36.99999618530273438
37.50002288818359375
38.00001907348632812
38.49997711181640625
38.99999618530273438
39.49999237060546875
39.99996185302734375
40.50003814697265625
41.00001144409179688
41.49997329711914062
42.00001144409179688
42.49999618530273438
42.99995803833007812
43.50003433227539062
44.00001144409179688
44.50004959106445312
45.00000381469726562
45.49997711181640625
45.99999618530273438
46.50000381469726562
46.99995422363281250
47.49998092651367188
48.00000381469726562
48.49999237060546875
48.99999618530273438
49.50001907348632812
49.99998855590820312
50.49996566772460938
50.99998474121093750
51.49999618530273438
52.00009918212890625
52.50000762939453125
53.00001525878906250
53.50001525878906250
54.00001907348632812
54.49999237060546875
54.99996948242187500
55.50005722045898438
56.00003433227539062
56.50003051757812500
56.99997711181640625
57.49996948242187500
58.00004577636718750
58.49998474121093750
59.00000762939453125
59.49995803833007812
60.00001525878906250
60.50006484985351562
60.99997329711914062
61.49990844726562500
61.99999237060546875
62.50001907348632812
63.00004577636718750
63.50001907348632812
64.00000000000000000
64.50003051757812500
65.00006103515625000
65.49998474121093750
66.00000762939453125
66.49993896484375000
67.00008392333984375
67.50003814697265625
68.00003051757812500
68.50000000000000000
68.99994659423828125
69.50001525878906250
69.99998474121093750
70.50000000000000000
71.00001525878906250
71.50004577636718750
71.99998474121093750
72.50006103515625000
72.99999237060546875
73.50007629394531250
73.99998474121093750
74.50000000000000000
75.00002288818359375
75.50006103515625000
76.00000762939453125
76.49997711181640625
77.00003814697265625
77.49996185302734375
77.99989318847656250
78.50001525878906250
79.00007629394531250
79.49996185302734375
79.99997711181640625
80.49999237060546875
80.99991607666015625
81.49997711181640625
82.00001525878906250
82.49998474121093750
82.99985504150390625
83.50001525878906250
83.99993896484375000
84.50009155273437500
85.00001525878906250
85.50004577636718750
86.00002288818359375
86.50000762939453125
86.99985504150390625
87.49995422363281250
87.99993133544921875
88.50002288818359375
89.00006103515625000
89.49996948242187500
89.99998474121093750
90.50003051757812500
90.99996185302734375
91.50001525878906250
92.00000000000000000
92.50005340576171875
92.99992370605468750
93.49992370605468750
93.99996185302734375
94.50016021728515625
95.00000000000000000
95.49996185302734375
95.99988555908203125
96.49998474121093750
96.99991607666015625
97.49996185302734375
98.00002288818359375
98.50000762939453125
99.00011444091796875
99.50009155273437500
