0.00000000000000000
0.50000005960464478
1.00000011920928955
1.50000000000000000
1.99999976158142090
2.50000023841857910
3.00000095367431641
3.50000095367431641
3.99999976158142090
4.49999856948852539
4.99999761581420898
5.49999952316284180
5.99999856948852539
6.50000143051147461
7.00000000000000000
7.49999713897705078
8.00000381469726562
8.50000095367431641
9.00000190734863281
9.50000095367431641
10.00000000000000000
10.50000000000000000
10.99999713897705078
11.49999904632568359
11.99999904632568359
12.50000000000000000
12.99999713897705078
13.49999427795410156
13.99999713897705078
14.50000286102294922
14.99999523162841797
15.50000572204589844
16.00000572204589844
16.49999427795410156
17.00000190734863281
17.50000190734863281
18.00000762939453125
18.50000572204589844
19.00000953674316406
19.50000953674316406
20.00000000000000000
20.50000381469726562
20.99999237060546875
21.50000190734863281
22.00001144409179688
22.50000000000000000
23.00000572204589844
23.50000000000000000
24.00003051757812500
24.50000000000000000
25.00000190734863281
25.49999237060546875
25.99999809265136719
26.49999618530273438
27.00000572204589844
27.49999046325683594
28.00001716613769531
28.49999618530273438
28.99999046325683594
29.50000000000000000
29.99996948242187500
30.49999809265136719
31.00000000000000000
31.50001525878906250
31.99998664855957031
32.50000000000000000
33.00001525878906250
33.50002288818359375
34.00000762939453125
34.49999237060546875
35.00001525878906250
35.50001144409179688
35.99999618530273438
36.50001525878906250
36.99996185302734375
37.50003814697265625
37.99999237060546875
38.49999237060546875
38.99997329711914062
39.49996566772460938
40.00001144409179688
40.50000381469726562
41.00000381469726562
41.50000762939453125
42.00001144409179688
42.50001907348632812
42.99996566772460938
43.49999618530273438
44.00001525878906250
44.50004196166992188
44.99998092651367188
45.50001907348632812
46.00000000000000000
46.50000000000000000
47.00002670288085938
47.50004959106445312
47.99999237060546875
48.49997711181640625
48.99999618530273438
49.49999237060546875
50.00003814697265625
50.49995422363281250
51.00001525878906250
51.49998474121093750
51.99997329711914062
52.49996566772460938
53.00001525878906250
53.49999237060546875
53.99999618530273438
54.49995040893554688
55.00005722045898438
55.49997711181640625
56.00001144409179688
56.50001525878906250
57.00004196166992188
57.49997711181640625
58.00000000000000000
58.50000762939453125
59.00001525878906250
59.49998092651367188
59.99999237060546875
60.50000762939453125
60.99999237060546875
61.49998474121093750
61.99999237060546875
62.50000000000000000
62.99998855590820312
63.50001525878906250
64.00000762939453125
64.49997711181640625
65.00003051757812500
65.49997711181640625
66.00000762939453125
66.49996185302734375
67.00000762939453125
67.49996185302734375
68.00009155273437500
68.49993896484375000
69.00000762939453125
69.50004577636718750
70.00000762939453125
70.49993133544921875
71.00006103515625000
71.50001525878906250
72.00002288818359375
72.49989318847656250
72.99996948242187500
73.49995422363281250
73.99987792968750000
74.50000000000000000
74.99995422363281250
75.50009918212890625
76.00001525878906250
76.49999237060546875
77.00004577636718750
77.49993133544921875
78.00008392333984375
78.50004577636718750
78.99989318847656250
79.50000000000000000
80.00001525878906250
80.49997711181640625
80.99997711181640625
81.50009918212890625
81.99994659423828125
82.50001525878906250
82.99996948242187500
83.50008392333984375
84.00004577636718750
84.49988555908203125
85.00003814697265625
85.50004577636718750
85.99996185302734375
86.49997711181640625
86.99995422363281250
87.50002288818359375
88.00000000000000000
88.49989318847656250
89.00012969970703125
89.50012969970703125
90.00002288818359375
90.49996948242187500
91.00003051757812500
91.50006103515625000
92.00002288818359375
92.50008392333984375
93.00002288818359375
93.50002288818359375
94.00007629394531250
94.49996185302734375
94.99987030029296875
95.49993133544921875
95.99997711181640625
96.49997711181640625
96.99994659423828125
97.50003051757812500
97.99997711181640625
98.49995422363281250
98.99997711181640625
99.49990081787109375
