0.00000000000000000
0.50000000000000000
1.00000011920928955
1.50000011920928955
2.00000000000000000
2.49999952316284180
3.00000023841857910
3.50000023841857910
4.00000047683715820
4.49999952316284180
5.00000000000000000
5.49999856948852539
6.00000000000000000
6.50000143051147461
7.00000238418579102
7.49999904632568359
8.00000095367431641
8.50000286102294922
9.00000000000000000
9.49999904632568359
9.99999904632568359
10.49999713897705078
11.00000476837158203
11.50000381469726562
11.99999809265136719
12.50000000000000000
12.99999809265136719
13.49999523162841797
14.00000667572021484
14.50000476837158203
15.00000190734863281
15.50000572204589844
16.00000762939453125
16.49999618530273438
16.99999237060546875
17.50000953674316406
18.00000381469726562
18.49999046325683594
19.00000381469726562
19.50000381469726562
20.00001716613769531
20.49998092651367188
20.99999809265136719
21.50001525878906250
22.00000190734863281
22.50000190734863281
23.00000381469726562
23.50001144409179688
24.00000953674316406
24.50000190734863281
25.00000190734863281
25.50001525878906250
26.00000000000000000
26.49998283386230469
27.00000953674316406
27.50001716613769531
28.00001907348632812
28.50000381469726562
28.99997711181640625
29.49998855590820312
29.99998283386230469
30.49999809265136719
30.99999427795410156
31.49998283386230469
31.99998474121093750
32.49999237060546875
32.99998092651367188
33.49999237060546875
34.00000381469726562
34.50002670288085938
35.00001907348632812
35.49999237060546875
36.00000381469726562
36.49999618530273438
37.00000000000000000
37.50000000000000000
38.00001907348632812
38.50003433227539062
39.00004196166992188
39.50001525878906250
40.00000762939453125
40.50000762939453125
40.99998092651367188
41.50002288818359375
42.00001907348632812
42.49998855590820312
43.00000000000000000
43.49998855590820312
44.00001907348632812
44.49998474121093750
44.99994659423828125
45.50002670288085938
45.99998855590820312
46.50000762939453125
46.99998474121093750
47.49998474121093750
48.00001525878906250
48.50003814697265625
49.00005340576171875
49.50001525878906250
49.99996566772460938
50.50003433227539062
51.00002288818359375
51.50006103515625000
52.00003814697265625
52.50003814697265625
53.00002288818359375
53.50002288818359375
53.99997329711914062
54.50001144409179688
55.00005340576171875
55.49999237060546875
55.99999237060546875
56.49997711181640625
56.99997711181640625
57.50004577636718750
58.00000762939453125
58.49997329711914062
59.00003814697265625
59.50002670288085938
60.00001144409179688
60.49997329711914062
61.00002288818359375
61.49995803833007812
62.00002288818359375
62.50005340576171875
62.99994659423828125
63.49995803833007812
64.00003814697265625
64.49994659423828125
64.99996185302734375
65.49997711181640625
65.99990844726562500
66.49991607666015625
67.00006103515625000
67.50002288818359375
68.00000762939453125
68.50007629394531250
69.00000762939453125
69.50002288818359375
70.00000000000000000
70.50002288818359375
70.99996185302734375
71.50003814697265625
71.99997711181640625
72.50007629394531250
73.00000762939453125
73.50006866455078125
73.99993133544921875
74.50009918212890625
74.99995422363281250
75.50000762939453125
75.99996948242187500
76.50001525878906250
76.99993133544921875
77.50005340576171875
78.00002288818359375
78.49999237060546875
79.00000000000000000
79.49995422363281250
79.99998474121093750
80.49997711181640625
80.99996185302734375
81.50001525878906250
82.00003814697265625
82.50007629394531250
82.99995422363281250
83.50004577636718750
84.00003814697265625
84.50000000000000000
84.99996948242187500
85.49991607666015625
86.00004577636718750
86.50016784667968750
87.00002288818359375
87.50008392333984375
87.99998474121093750
88.49995422363281250
88.99986267089843750
89.50003814697265625
90.00000762939453125
90.50000762939453125
91.00006103515625000
91.50004577636718750
92.00001525878906250
92.49999237060546875
93.00006866455078125
93.50003051757812500
93.99989318847656250
94.50006866455078125
94.99989318847656250
95.49987030029296875
95.99993133544921875
96.50003814697265625
96.99998474121093750
97.49991607666015625
98.00007629394531250
98.49995422363281250
99.00000000000000000
99.49994659423828125
