0.00000000000000000
0.50000005960464478
0.99999994039535522
1.50000023841857910
2.00000000000000000
2.50000000000000000
3.00000000000000000
3.50000000000000000
4.00000000000000000
4.50000000000000000
5.00000047683715820
5.49999952316284180
5.99999952316284180
6.49999809265136719
6.99999952316284180
7.49999666213989258
7.99999856948852539
8.50000000000000000
8.99999809265136719
9.50000000000000000
10.00000286102294922
10.50000858306884766
11.00000095367431641
11.49999618530273438
11.99999904632568359
12.49999713897705078
12.99999427795410156
13.49999713897705078
13.99999523162841797
14.50000000000000000
15.00000095367431641
15.50000286102294922
15.99999713897705078
16.49999237060546875
16.99999618530273438
17.49999809265136719
18.00000000000000000
18.50000000000000000
19.00000190734863281
19.49999046325683594
20.00001525878906250
20.49999427795410156
21.00001335144042969
21.49999618530273438
21.99998092651367188
22.50001144409179688
23.00000190734863281
23.49998664855957031
24.00001907348632812
24.49999046325683594
25.00001335144042969
25.50000762939453125
25.99998664855957031
26.50000000000000000
26.99999618530273438
27.50000000000000000
27.99999046325683594
28.50001335144042969
29.00000572204589844
29.49999427795410156
30.00001907348632812
30.49999237060546875
30.99999427795410156
31.49998664855957031
32.00000000000000000
32.49999618530273438
32.99998092651367188
33.49998855590820312
34.00002670288085938
34.50000000000000000
34.99998855590820312
35.49998855590820312
36.00000762939453125
36.50003433227539062
37.00001907348632812
37.49998474121093750
38.00001525878906250
38.49999237060546875
39.00000381469726562
39.49998474121093750
39.99999237060546875
40.49997329711914062
41.00001144409179688
41.50001525878906250
41.99996566772460938
42.50001144409179688
43.00000381469726562
43.50001525878906250
44.00005340576171875
44.50003051757812500
44.99999237060546875
45.50000000000000000
46.00001144409179688
46.50000381469726562
46.99996566772460938
47.49998092651367188
48.00000762939453125
48.49998474121093750
49.00003433227539062
49.49999237060546875
50.00005340576171875
50.49998474121093750
51.00000381469726562
51.50001144409179688
51.99998855590820312
52.50002670288085938
52.99998855590820312
53.50002670288085938
53.99994277954101562
54.50000000000000000
55.00001144409179688
55.50003814697265625
56.00003814697265625
56.50001144409179688
56.99996185302734375
57.49998855590820312
58.00000000000000000
58.50003051757812500
59.00000381469726562
59.49996566772460938
60.00002670288085938
60.50004577636718750
60.99996185302734375
61.49995803833007812
62.00004577636718750
62.50000000000000000
62.99996566772460938
63.49997711181640625
63.99998092651367188
64.50000000000000000
64.99994659423828125
65.50009918212890625
65.99996185302734375
66.49993896484375000
67.00002288818359375
67.50005340576171875
68.00005340576171875
68.50002288818359375
68.99990081787109375
69.50000000000000000
69.99995422363281250
70.49992370605468750
70.99996948242187500
71.49996185302734375
72.00003051757812500
72.50000762939453125
72.99997711181640625
73.50000000000000000
73.99996948242187500
74.49994659423828125
74.99994659423828125
75.50009155273437500
75.99998474121093750
76.49993133544921875
77.00012207031250000
77.50000000000000000
77.99990844726562500
78.50006866455078125
78.99995422363281250
79.50003051757812500
79.99999237060546875
80.49999237060546875
81.00003051757812500
81.50001525878906250
81.99993133544921875
82.50001525878906250
82.99999237060546875
83.50002288818359375
83.99995422363281250
84.50000000000000000
84.99983215332031250
85.50004577636718750
86.00002288818359375
86.49997711181640625
87.00016784667968750
87.49998474121093750
87.99998474121093750
88.50015258789062500
88.99996948242187500
89.50003051757812500
89.99998474121093750
90.50004577636718750
90.99990844726562500
91.49994659423828125
92.00004577636718750
92.50006103515625000
93.00013732910156250
93.49999237060546875
93.99996948242187500
94.49997711181640625
94.99996948242187500
95.49999237060546875
95.99996185302734375
96.50006103515625000
96.99991607666015625
97.50000000000000000
97.99995422363281250
98.49993896484375000
98.99993896484375000
99.49999237060546875
