-nan
0.00000000000000000
0.00000011920928966
0.00000015894571925
0.00000011920928933
0.00000009536743200
0.00000023841857955
0.00000034059797065
0.00000041723251387
0.00000042385525174
0.00000047683715785
0.00000052018599012
0.00000055631001702
0.00000058687650131
0.00000061307634499
0.00000063578287618
0.00000065565109097
0.00000044878791193
0.00000021192762409
0.00000000000000187
0.00000019073486524
0.00000036330450352
0.00000052018599287
0.00000066342561358
0.00000079472859923
0.00000091552734602
0.00000102703388153
0.00000113028067366
0.00000122615269493
0.00000131541285267
0.00000139872233322
0.00000147665700857
0.00000154972076671
0.00000161835641787
0.00000168295467768
0.00000174386160836
0.00000180138482067
0.00000185579867015
0.00000190734863281
0.00000195625500765
0.00000200271606374
0.00000204691072686
0.00000208900088220
0.00000212913335591
0.00000216744162626
0.00000220404730682
0.00000223906143605
0.00000227258560233
0.00000230471292835
0.00000233552893495
0.00000236511230128
0.00000239353553559
0.00000242086556859
0.00000244716427959
0.00000247248896425
0.00000249689275129
0.00000252042497451
0.00000254313150568
0.00000256505505302
0.00000258623542926
0.00000260670979297
0.00000262651286606
0.00000264567713034
0.00000266423300527
0.00000262260436434
0.00000234750600371
0.00000208074395704
0.00000182194495654
0.00000157075769134
0.00000132685121644
0.00000108991349797
0.00000085965008142
0.00000063578287089
0.00000041804900860
0.00000020619984528
0.00000000000000701
0.00000020077354740
0.00000039633219064
0.00000058687650969
0.00000077259692193
0.00000095367432387
0.00000113028067884
0.00000130257956174
0.00000147072666433
0.00000163487026448
0.00000179515166227
0.00000195170558569
0.00000210466056835
0.00000225413930140
0.00000240025896179
0.00000254313151863
0.00000268286401927
0.00000281955885685
0.00000295331402050
0.00000308422332961
0.00000321237665326
0.00000333786011601
0.00000346075629086
0.00000358114438051
0.00000369910038754
0.00000381469727444
0.00000392800511406
0.00000403909123134
0.00000414802033664
0.00000425485465145
0.00000435965402692
0.00000446247605570
0.00000456337617739
0.00000466240777831
0.00000475962228563
0.00000485506925646
0.00000494879646205
0.00000504084996754
0.00000513127420744
0.00000522011205717
0.00000530740490082
0.00000539319269544
0.00000547751403203
0.00000556040619343
0.00000564190520925
0.00000572204590815
0.00000580086196739
0.00000587838596009
0.00000595464940006
0.00000602968278455
0.00000610351563489
0.00000617617653522
0.00000624769316941
0.00000631809235618
0.00000638740008215
0.00000645564153541
0.00000652284113442
0.00000658902255768
0.00000665420877158
0.00000671842205691
0.00000678168403430
0.00000684401568851
0.00000690543739155
0.00000696596892499
0.00000702562950111
0.00000708443778328
0.00000714241190543
0.00000719956949064
0.00000725592766907
0.00000731150309501
0.00000736631196336
0.00000742037002530
0.00000747369260339
0.00000752629460611
0.00000757819054168
0.00000762939453144
0.00000767992032266
0.00000772978130084
0.00000777899050152
0.00000782756062168
0.00000787550403061
0.00000792283278045
0.00000796955861628
0.00000801569298583
0.00000806124704885
0.00000810623168608
0.00000815065750794
0.00000819453486286
0.00000823787384533
0.00000828068430363
0.00000832297584728
0.00000836475785426
0.00000840603947792
0.00000844682965368
0.00000848713710546
0.00000852697035194
0.00000856633771248
0.00000860524731303
0.00000864370709160
0.00000868172480375
0.00000871930802776
0.00000875646416968
0.00000879320046818
0.00000882952399929
0.00000886544168089
0.00000890096027714
0.00000893608640271
0.00000897082652691
0.00000900518697761
0.00000903917394515
0.00000907279348602
0.00000910605152645
0.00000913895386591
0.00000917150618048
0.00000920371402612
0.00000923558284180
0.00000926711795261
0.00000929832457267
0.00000932920780808
0.00000935977265961
0.00000939002402549
0.00000941996670396
0.00000944960539585
0.00000947894470701
0.00000950798915072
