0.00000000000000000
0.00000007175807783
0.00000011711703730
0.00000018757305474
0.00000021487894707
0.00000065248888629
0.00000022636154199
0.00000025418074435
0.00000032613687925
0.00000043418771163
0.00000032694955706
0.00000024898204779
0.00000046625607533
0.00000045282615163
0.00000074037560089
0.00000107665741519
0.00000059173079110
0.00000124639227498
0.00000124660987789
0.00000076591114519
0.00000078612413325
0.00000105322050878
0.00000087489251533
0.00000080211785739
0.00000164064878882
0.00000094251469569
0.00000189410221398
0.00000337182263262
0.00000130998309543
0.00000195978260208
0.00000133144574453
0.00000414505400713
0.00000126328537662
0.00000149305206586
0.00000170780782921
0.00000129237446296
0.00000154780740107
0.00000173147970864
0.00000177027354915
0.00000524638951710
0.00000150566009478
0.00000150803100412
0.00000158983090276
0.00000213337090939
0.00000163458529026
0.00000151513254890
0.00000176901377953
0.00000082183551181
0.00000199320653794
0.00000332789020036
0.00000243941807495
0.00000181715558526
0.00000224903834112
0.00000154354629462
0.00000194599766357
0.00000192253396921
0.00000199630190330
0.00000091742386682
0.00000206947406332
0.00000218626362644
