0.00000000000000000
0.00000004769267185
0.00000024196105934
0.00000006763791659
0.00000008556622418
0.00000019046154999
0.00000028669424517
0.00000019372583642
0.00000015848200246
0.00000037348765110
0.00000038777256643
0.00000048237243914
0.00000077160434863
0.00000051401950375
0.00000061774100062
0.00000095377441678
0.00000059173079110
0.00000069117640200
0.00000118479427004
0.00000070397032894
0.00000078612413325
0.00000092883651998
0.00000043378475337
0.00000086456204850
0.00000092474879236
0.00000175758103226
0.00000088891173383
0.00000128659996628
0.00000093150809808
0.00000101167859238
0.00000133144574453
0.00000112239544410
0.00000217067139760
0.00000213025804787
0.00000116542710417
0.00000174022741815
0.00000116315589728
0.00000173147970864
0.00000131969368028
0.00000152599835570
0.00000137640094351
0.00000280324067941
0.00000295255570086
0.00000066262222006
0.00000202551409773
0.00000308201510642
0.00000372618327255
0.00000166912223573
0.00000225594371880
0.00000207736074614
0.00000197776349933
0.00000373359847724
0.00000185172978777
0.00000187530738422
0.00000077995356322
0.00000094218128061
0.00000259710794852
0.00000215958250850
0.00000428136283641
0.00000205193823338
