0.00000000000000000
0.00000007175807783
0.00000006242201102
0.00000018757305474
0.00000015478991282
0.00000019046154999
0.00000028669424517
0.00000019372583642
0.00000050786895989
0.00000061628789320
0.00000044859557579
0.00000078710347536
0.00000058839538465
0.00000051401950375
0.00000061774100062
0.00000070800841997
0.00000027019250665
0.00000112301096987
0.00000075208501506
0.00000076591114519
0.00000318611767567
0.00000148856446958
0.00000224100574348
0.00000086456204850
0.00000088980071628
0.00000106790951670
0.00000101456054385
0.00000191611653370
0.00000105766643053
0.00000101167859238
0.00000107810590241
0.00000143971167610
0.00000145406075297
0.00000117444907485
0.00000553878774038
0.00000122839546936
0.00000161191598504
0.00000205267189275
0.00000177027354915
0.00000159049728782
0.00000169954882168
0.00000137851003659
0.00000184939753097
0.00000274336129314
0.00000176489489275
0.00000158041932213
0.00000157275674196
0.00000160357071606
0.00000343826103266
0.00000194572606675
0.00000197776349933
0.00000175107134760
0.00000244769261780
0.00000393222613972
0.00000187951104828
0.00000352144480632
0.00000848442577445
0.00000215958250850
0.00000206947406332
0.00000245491441257
