0.00000000000000000
0.00000004769267185
0.00000011711703730
0.00000012760548566
0.00000015478991282
0.00000031088304089
0.00000055796359931
0.00000041082324290
0.00000038671423946
0.00000037348765110
0.00000044859557579
0.00000006614342606
0.00000191546045642
0.00000045282615163
0.00000109914340309
0.00000070800841997
0.00000071486269078
0.00000069117640200
0.00000075208501506
0.00000101367441021
0.00000140678691590
0.00000149665126164
0.00000156039013227
0.00000086456204850
0.00000042418341067
0.00000081711987467
0.00000101456054385
0.00000109774499605
0.00000112074559675
0.00000126450632830
0.00000120477582347
0.00000099546895129
0.00000208997867412
0.00000220274262983
0.00000135697609973
0.00000135635345656
0.00000167602456901
0.00000263081782414
0.00000144843078567
0.00000204198981268
0.00000127341165745
0.00000293276164694
0.00000178450587392
0.00000141811685302
0.00000163458529026
0.00000220621352522
0.00000163817575448
0.00000193132831442
0.00000258436519487
0.00000201154340645
0.00000197776349933
0.00000346926152662
0.00000231525643335
0.00000353411283220
0.00000400708273749
0.00000232226167849
0.00000379872003896
0.00000242714828026
0.00000374514737627
0.00000292505328828
