0.00000000000000000
0.00000001203270299
0.00000000257566158
0.00000012760548566
0.00000015478991282
0.00000025067229544
0.00000028669424517
0.00000019372583642
0.00000038671423946
0.00000071911343835
0.00000069188761326
0.00000048237243914
0.00000046625607533
0.00000045282615163
0.00000055642370049
0.00000076944991917
0.00000059173079110
0.00000062948574944
0.00000062845379935
0.00000119949685897
0.00000324818395394
0.00000136418048078
0.00000075025658498
0.00000105189462182
0.00000095237138899
0.00000106790951670
0.00000107738494886
0.00000103479333931
0.00000124690392920
0.00000227508197456
0.00000202813031036
0.00000137624842970
0.00000113610179239
0.00000111072847665
0.00000103772777380
0.00000212410137973
0.00000056777586981
0.00000147452596135
0.00000125532512758
0.00000159049728782
0.00000163491924605
0.00000196135439047
0.00000191428918802
0.00000317374044593
0.00000189520449524
0.00000249443414735
0.00000333907008013
0.00000291460110950
0.00000337257673745
0.00000194572606675
0.00000237346742129
0.00000241191372415
0.00000185172978777
0.00000207436403798
0.00000736212847670
0.00000198915525409
0.00000266386417577
0.00000215958250850
0.00000791753888184
0.00000232058901951
