0.00000000000000000
0.00000001203270299
0.00000030180740878
0.00000018757305474
0.00000021487894707
0.00000005038143180
0.00000034702694834
0.00000031463565228
0.00000056844632010
0.00000055558783268
0.00000038777256643
0.00000042142623190
0.00000040518642067
0.00000094237296859
0.00000134441260362
0.00000052368392236
0.00000071486269078
0.00000112301096987
0.00000087571623076
0.00000082785196145
0.00000250338861476
0.00000031500336803
0.00000081257455016
0.00000232009169800
0.00000367785839167
0.00000106790951670
0.00000101456054385
0.00000103479333931
0.00000436714186479
0.00000113809246034
0.00000101477094188
0.00000137624842970
0.00000126328537662
0.00000111072847665
0.00000237857074271
0.00000167624842455
0.00000263765332850
0.00000572017896269
0.00000164153644376
0.00000159049728782
0.00000424637213657
0.00000260895922812
0.00000515890143071
0.00000167820923716
0.00000176489489275
0.00000242914737412
0.00000170359476701
0.00000193132831442
0.00000225594371880
0.00000181409138736
0.00000085811460807
0.00000505560513081
0.00000841207450707
0.00000386587392180
0.00000360816304576
0.00000074231742598
0.00000233008303953
0.00000195890817967
0.00000273974338850
0.00000191761284032
