0.00000000000000000
0.00000007175807783
0.00000011711703730
0.00000006763791659
0.00000015478991282
0.00000013025080454
0.00000098029252154
0.00000089446250635
0.00000038671423946
0.00000037348765110
0.00000032694955706
0.00000048237243914
0.00000071053469397
0.00000094237296859
0.00000049510640036
0.00000310136453059
0.00000065329674094
0.00000081455770710
0.00000075208501506
0.00000076591114519
0.00000103438924631
0.00000086664452558
0.00000087489251533
0.00000167633653290
0.00000242644493744
0.00000100521210619
0.00000101456054385
0.00000437904914048
0.00000272708354295
0.00000183336873412
0.00000468537550584
0.00000211423012232
0.00000113610179239
0.00000155677266406
0.00000129312643454
0.00000257195433492
0.00000063188445378
0.00000153876439817
0.00000177027354915
0.00000126800262721
0.00000279825160744
0.00000157279148788
0.00000146004758865
0.00000161318614112
0.00000156943048901
0.00000190685318828
0.00000712797192384
0.00000718033292001
0.00000648006754474
0.00000194572606675
0.00000507895644234
0.00000201540829822
0.00000788232976927
0.00000207436403798
0.00000227843074001
0.00000853700775689
0.00000219657058504
0.00000236025683732
0.00000428136283641
0.00000225342632297
