0.00000000000000000
0.00000007175807783
0.00000005727068786
0.00000012760548566
0.00000026583332692
0.00000025067229544
0.00000034702694834
0.00000049600037607
0.00000050786895989
0.00000043418771163
0.00000044859557579
0.00000048237243914
0.00000046625607533
0.00000051401950375
0.00000092432750129
0.00000070800841997
0.00000065329674094
0.00000171475904758
0.00000023696471061
0.00000070397032894
0.00000140678691590
0.00000105322050878
0.00000093721048051
0.00000111433881293
0.00000095237138899
0.00000119330433771
0.00000407421626189
0.00000097184168257
0.00000118382476298
0.00000126450632830
0.00000018859330819
0.00000150317492250
0.00000119969358451
0.00000155677266406
0.00000148467543010
0.00000238001735413
0.00000167602456901
0.00000179571814546
0.00000189901065454
0.00000133250155933
0.00000286288118308
0.00000144327052035
0.00000275788072971
0.00000167820923716
0.00000163458529026
0.00000177627964182
0.00000203068982963
0.00000324235870786
0.00000350394532787
0.00000068696752108
0.00000171396088469
0.00000194932406057
0.00000092943008567
0.00000084513355048
0.00000320924335404
0.00000212239782385
0.00000399898872070
0.00000369808569616
0.00000233758179339
0.00000292505328828
