0.00000000000000000
0.00000000000000000
0.00000000000000000
0.00000001300889600
0.00000002004087734
0.00000007149450321
0.00000006051039739
0.00000004091847879
0.00000002887579827
0.00000012830541237
0.00000020386462277
0.00000016921792417
0.00000008152898876
0.00000005578306358
0.00000038789253029
0.00000025630482190
0.00000010172326983
0.00000043481023139
0.00000044233949626
0.00000021713831239
0.00000043537523671
0.00000045169551276
0.00000006782027940
0.00000015500189578
0.00000052276487580
0.00000007040521848
0.00000012114642864
0.00000014970404648
0.00000074633961861
0.00000020727278760
0.00000005391479419
0.00000062775461275
0.00000085222711584
0.00000023747906582
0.00000070656112451
0.00000081656809536
0.00000021964121969
0.00000103003026012
0.00000016220336635
0.00000001742789692
0.00000098047232287
0.00000070200977876
0.00000019302345742
0.00000121429325199
0.00000027863194446
0.00000121339508359
0.00000097908463352
0.00000100973298382
0.00000000472009986
0.00000023609646676
0.00000022544848118
0.00000118429736896
0.00000132444900509
0.00000106471238398
0.00000027374645498
0.00000005065454903
0.00000019427141736
0.00000027926918936
0.00000157553118269
0.00000065749236845
