0.00000000000000000
0.00000000000000000
0.00000000000000000
0.00000001300889600
0.00000006792005288
0.00000007149450321
0.00000001504746634
0.00000004091847879
0.00000002887579827
0.00000012830541237
0.00000020386462277
0.00000012308240330
0.00000039737586776
0.00000005578306358
0.00000018803406477
0.00000036414460857
0.00000003104938724
0.00000012099179695
0.00000016474453256
0.00000037628174804
0.00000043537523671
0.00000043687509418
0.00000024699985877
0.00000054956087905
0.00000044580783245
0.00000053480959670
0.00000073822633079
0.00000002358780941
0.00000016220878676
0.00000028170107297
0.00000072652234339
0.00000056382120244
0.00000076842831628
0.00000001780554070
0.00000020268277952
0.00000003257345022
0.00000065246942227
0.00000026669335515
0.00000058711376060
0.00000015666253491
0.00000002326461300
0.00000109201487113
0.00000019302345742
0.00000073771030522
0.00000014397246538
0.00000019861189576
0.00000121867598970
0.00000078231334139
0.00000020344241568
0.00000030121379521
0.00000099360374385
0.00000094124628124
0.00000147108019315
0.00000028063463174
0.00000021076883925
0.00000110498973783
0.00000019427141736
0.00000027926918936
0.00000028323995290
0.00000035295130560
