0.00000000000000000
0.00000000000000000
0.00000000000000000
0.00000001300889600
0.00000002004087734
0.00000004379764725
0.00000001504746634
0.00000015715192749
0.00000002887579827
0.00000021197695455
0.00000020386462277
0.00000002306776044
0.00000020581392515
0.00000005578306358
0.00000038789253029
0.00000036414460857
0.00000003104938724
0.00000034217656000
0.00000032092269049
0.00000002157684108
0.00000039899469920
0.00000009511716843
0.00000015741006909
0.00000015500189578
0.00000006102261569
0.00000007040521848
0.00000012114642864
0.00000006305811853
0.00000016220878676
0.00000013284450224
0.00000024902407858
0.00000011628733026
0.00000015335847891
0.00000012764230326
0.00000020268277952
0.00000050431875333
0.00000083796722337
0.00000083400993684
0.00000037465856348
0.00000029589717290
0.00000011451342536
0.00000016380238379
0.00000011464132445
0.00000022402515859
0.00000061528064216
0.00000028686233197
0.00000016938335128
0.00000017586096159
0.00000089897052103
0.00000023609646676
0.00000116430491333
0.00000015815125222
0.00000021517846957
0.00000096861616857
0.00000117473870681
0.00000151771984028
0.00000030246613733
0.00000035017568104
0.00000037617850968
0.00000017022666788
