0.00000000000000000
0.00000000000000000
0.00000000000000000
0.00000001300889600
0.00000010800180756
0.00000007149450321
0.00000001504746634
0.00000015715192749
0.00000002887579827
0.00000004323482064
0.00000009236089678
0.00000012308240330
0.00000020581392515
0.00000030686713299
0.00000027030929264
0.00000028289411144
0.00000039299390831
0.00000012099179695
0.00000032092269049
0.00000033986371239
0.00000008610597323
0.00000038334392761
0.00000006782027940
0.00000015500189578
0.00000040071964443
0.00000063567873256
0.00000012114642864
0.00000014970404648
0.00000061648298944
0.00000005841621687
0.00000024902407858
0.00000037202097151
0.00000015335847891
0.00000012764230326
0.00000063457850380
0.00000022127157146
0.00000028147382006
0.00000026669335515
0.00000026843096491
0.00000015666253491
0.00000079797469817
0.00000082161142209
0.00000019302345742
0.00000090608216401
0.00000000931298630
0.00000072811451302
0.00000086341302178
0.00000118865689297
0.00000020344241568
0.00000095238707967
0.00000099360374385
0.00000118429736896
0.00000028849406360
0.00000085721192419
0.00000102947784374
0.00000087611475393
0.00000127621861712
0.00000149339310274
0.00000019030139612
0.00000108384985645
