0.00000000000000000
0.00000000000000000
0.00000000000000000
0.00000001300889600
0.00000010800180756
0.00000007149450321
0.00000001504746634
0.00000004091847879
0.00000015868321973
0.00000004323482064
0.00000020386462277
0.00000005000732143
0.00000020581392515
0.00000005578306358
0.00000010575883691
0.00000025630482190
0.00000003104938724
0.00000012099179695
0.00000010403612968
0.00000041943543021
0.00000008610597323
0.00000036852350903
0.00000051576922784
0.00000038985615406
0.00000021493670239
0.00000063567873256
0.00000067212073391
0.00000014970404648
0.00000016220878676
0.00000061143835144
0.00000062896770119
0.00000077878041408
0.00000023715727847
0.00000023747906582
0.00000005871753809
0.00000081656809536
0.00000009597601895
0.00000026669335515
0.00000111252781641
0.00000015666253491
0.00000098047232287
0.00000016380238379
0.00000027140559039
0.00000012128812926
0.00000048062116308
0.00000121339508359
0.00000028505496303
0.00000010005441411
0.00000030280357358
0.00000095238707967
0.00000088410912045
0.00000027002197065
0.00000028849406360
0.00000028063463174
0.00000046267930217
0.00000021574659001
0.00000019427141736
0.00000128067362769
0.00000028323995290
0.00000029204309303
