0.00000000000000000
0.00000000000000000
0.00000000000000000
0.00000001300889600
0.00000002004087734
0.00000004379764725
0.00000001504746634
0.00000004091847879
0.00000002887579827
0.00000004323482064
0.00000009236089678
0.00000012308240330
0.00000030159489645
0.00000005578306358
0.00000010575883691
0.00000028289411144
0.00000010172326983
0.00000002835812556
0.00000010403612968
0.00000029671003022
0.00000008610597323
0.00000036852350903
0.00000006782027940
0.00000015500189578
0.00000013797965904
0.00000037301262606
0.00000012114642864
0.00000014970404648
0.00000063277106794
0.00000068586663681
0.00000063924264737
0.00000077878041408
0.00000023715727847
0.00000012764230326
0.00000020268277952
0.00000031562063208
0.00000095517818731
0.00000018564812920
0.00000037465856348
0.00000015666253491
0.00000070672588582
0.00000004420074047
0.00000011464132445
0.00000042949921724
0.00000088459960031
0.00000019861189576
0.00000016938335128
0.00000017586096159
0.00000030280357358
0.00000139183674439
0.00000005474731170
0.00000107242665053
0.00000147108019315
0.00000018453841633
0.00000014779122352
0.00000087611475393
0.00000132045466232
0.00000113014708957
0.00000028323995290
0.00000029204309303
