0.00000000000000000
0.00000000000000000
0.00000000000000000
0.00000001300889600
0.00000010800180756
0.00000007149450321
0.00000006051039739
0.00000004091847879
0.00000016583533393
0.00000012830541237
0.00000009236089678
0.00000012308240330
0.00000001425198254
0.00000005578306358
0.00000030561730242
0.00000017505432477
0.00000031374491760
0.00000002835812556
0.00000004332772680
0.00000041943543021
0.00000019040221522
0.00000009511716843
0.00000006782027940
0.00000015500189578
0.00000013797965904
0.00000007040521848
0.00000012114642864
0.00000002358780941
0.00000016220878676
0.00000061143835144
0.00000015146943638
0.00000011628733026
0.00000015335847891
0.00000086088855980
0.00000020268277952
0.00000078736593519
0.00000083796722337
0.00000018564812920
0.00000058711376060
0.00000064398376787
0.00000079797469817
0.00000004420074047
0.00000106109067010
0.00000001855109993
0.00000101925907939
0.00000011036145955
0.00000028505496303
0.00000055489369897
0.00000020344241568
0.00000023609646676
0.00000131086204415
0.00000027002197065
0.00000147108019315
0.00000144909724562
0.00000014779122352
0.00000029829261050
0.00000051885557728
0.00000013745620599
0.00000046911706646
0.00000035295130560
