0.00000000000000000
0.00000058256455323
0.00000094948995373
0.00000078821125654
0.00000137678644850
0.00000035369910801
0.00000293866353785
0.00000255065011124
0.00000502929142904
0.00000075719487461
0.00000159692294353
0.00000055395488574
0.00000308260737496
0.00000196229339439
0.00000012643652984
0.00000340886651590
0.00000776983519136
0.00000090742899976
0.00000033841587102
0.00001102879055103
0.00000444605419129
0.00000706492263126
0.00000324160917194
0.00000453241560930
0.00000334734273651
0.00001382601387237
0.00000208442805030
0.00001058503458453
0.00000107545366713
0.00001298943959874
0.00000282127295142
