0.00000000000000000
0.00000037778880973
0.00000010116397690
0.00000040873180757
0.00000053497157584
0.00000206624559883
0.00000293866353785
0.00000085226374929
0.00000031290966333
0.00000330780549989
0.00000136074144505
0.00000289906557202
0.00000190059603443
0.00000263984319547
0.00001180109110367
0.00000726763297676
0.00000130091802542
0.00000786688052538
0.00000903376515514
0.00000500254734589
0.00000075317710606
0.00000576182900081
0.00000632428433039
0.00000274256933229
0.00000014310905864
0.00000492278240995
0.00001032431618031
0.00000024380805683
0.00000183865448279
0.00000547093834454
0.00001353420256558
