0.00000000000000000
0.00000001457376163
0.00000012971561284
0.00000031271422943
0.00000096341275064
0.00000070431703040
0.00000066318698818
0.00000109433870798
0.00000116068430854
0.00000088618976593
0.00000099094637377
0.00000131510069282
0.00000168843494027
0.00000012052352625
0.00000123727771778
0.00000129690073963
0.00000185537720049
0.00000178599384613
0.00000273412574336
0.00000257633546665
0.00000248629949913
0.00000021884516211
0.00000313377236029
0.00000227877994384
0.00000045325604836
0.00000084024305294
0.00000386456662748
0.00000253014146119
0.00000394067754254
0.00000433168525385
0.00000281770653755
0.00000320244274870
0.00000329977290839
0.00000362706797831
0.00000315434937283
0.00000509280523761
0.00000528290224529
0.00000088375010048
0.00000457478555724
0.00000356906531341
0.00000307863553821
0.00000148531673547
0.00000626262327218
0.00000396552457949
0.00000476379119638
0.00000601565157972
0.00000496260205495
0.00000495011104660
0.00000104878211925
0.00000797861258683
0.00000521502094907
0.00000880407835675
0.00000483234387854
0.00000593800019575
0.00000733466297786
0.00000672239771656
0.00000133394258391
0.00000509739574482
0.00000851948813476
0.00000876333723598
