0.00000000000000000
0.00000012427272885
0.00000027458064607
0.00000044071855250
0.00000052464032790
0.00000057655431315
0.00000088640035900
0.00000100767769556
0.00000116068430854
0.00000088618976593
0.00000092607173539
0.00000107587146086
0.00000140979776860
0.00000139398122885
0.00000153470228873
0.00000364497702566
0.00000014608218188
0.00000248279663218
0.00000169065769552
0.00000147485542377
0.00000183902757511
0.00000305835099516
0.00000217360179571
0.00000047701269719
0.00000219000377394
0.00000202023308847
0.00000386456662748
0.00000333052465065
0.00000407385316203
0.00000334643185328
0.00000052459838306
0.00000416246296642
0.00000748414642811
0.00000348433682808
0.00000456741554086
0.00000509280523761
0.00000426804326077
0.00000436974086705
0.00000549261937665
0.00000579620586637
0.00000605229620881
0.00000619858151999
0.00000035066542275
0.00000396552457949
0.00000459301712653
0.00000735011818582
0.00000677594232857
0.00000495011104660
0.00000712181579197
0.00000522173623124
0.00000682263366056
0.00000699944631617
0.00000782351904873
0.00000554947960702
0.00000799268584727
0.00000819136588418
0.00000125955347509
0.00000613711337704
0.00000459955990814
0.00000629500808622
