0.00000000000000000
0.00000005484948361
0.00000019372139429
0.00000021853513169
0.00000046259762328
0.00000057655431315
0.00000088640035900
0.00000083435567072
0.00000075693800720
0.00000018080736000
0.00000133686133021
0.00000163407300210
0.00000178131399749
0.00000152684937026
0.00000136327680898
0.00000166378765932
0.00000181960708952
0.00000049193152919
0.00000227036216654
0.00000223873622578
0.00000185716101560
0.00000305835099516
0.00000025326066654
0.00000325078160620
0.00000258605247140
0.00000354257707904
0.00000386456662748
0.00000055705084100
0.00000191904971484
0.00000425412851539
0.00000028839470573
0.00000311033357855
0.00000337890440797
0.00000341297125296
0.00000506614477663
0.00000509280523761
0.00000238492119333
0.00000377317013262
0.00000579856398312
0.00000535077775578
0.00000584477503274
0.00000541303738924
0.00000619224282159
0.00000453934353431
0.00000466831356043
0.00000466008126907
0.00000431498052866
0.00000432782115119
0.00000650682455134
0.00000726231458895
0.00000455812437756
0.00000533363212488
0.00001210817537360
0.00000780931169936
0.00000009641141430
0.00000477387489959
0.00000594606733074
0.00000899633686563
0.00000195996411331
0.00000557647972928
