0.00000000000000000
0.00000008399700686
0.00000027458064607
0.00000044071855250
0.00000052464032790
0.00000006550344417
0.00000066318698818
0.00000074769465830
0.00000085787458254
0.00000100375350026
0.00000126839639774
0.00000075821931753
0.00000038812813915
0.00000120231263703
0.00000155227544579
0.00000137027812357
0.00000236816570607
0.00000169802008410
0.00000238630306075
0.00000237377592213
0.00000272222643045
0.00000021884516211
0.00000292040112372
0.00000240303975395
0.00000255182621677
0.00000236258704351
0.00000278470577681
0.00000355920556192
0.00000260892134768
0.00000278055048473
0.00000372103219177
0.00000447810178279
0.00000754541869707
0.00000491164833043
0.00000514926631592
0.00000362045918310
0.00000430187705299
0.00000528910178637
0.00000870503774458
0.00000374723655764
0.00000532597209257
0.00000474834620168
0.00000450558566786
0.00000453934353431
0.00000659804748144
0.00000477128681958
0.00000041265661325
0.00000698673030952
0.00000712181579197
0.00000429479431202
0.00000169769159903
0.00000616653922052
0.00000135611327535
0.00000188913436363
0.00000579927628256
0.00000819136588418
0.00000750823861596
0.00000587718396898
0.00000520505443320
0.00000723532395279
