0.00000000000000000
0.00000012427272885
0.00000027458064607
0.00000012435603395
0.00000002382520054
0.00000012938480279
0.00000014235578958
0.00000100767769556
0.00000075711062280
0.00000123888096890
0.00000147379119515
0.00000139484377014
0.00000178131399749
0.00000106944449561
0.00000016628544254
0.00000056312690025
0.00000173414233859
0.00000158690733583
0.00000006748517667
0.00000264385531482
0.00000256494180957
0.00000170469104737
0.00000313377236029
0.00000070345549888
0.00000349256456812
0.00000362686208158
0.00000337372078627
0.00000390222692883
0.00000294186039640
0.00000060896180797
0.00000354036706092
0.00000279469476219
0.00000478816659399
0.00000027288594778
0.00000498302323733
0.00000381408728134
0.00000020860732267
0.00000548610769765
0.00000541613322504
0.00000427046943305
0.00000428836621223
0.00000535261091764
0.00000612186237101
0.00000464175974291
0.00000650256984549
0.00001068628470107
0.00000496260205495
0.00000457295933124
0.00000492541850401
0.00000736464287436
0.00000658426426235
0.00000540304104951
0.00000741930618790
0.00000639691664165
0.00000700565154315
0.00000531729773015
0.00000847529703061
0.00000535732515287
0.00000559293126366
0.00000628171662921
