0.00000000000000000
0.00000004769267185
0.00000005727068786
0.00000012760548566
0.00000008556622418
0.00000000982931365
0.00000004536343246
0.00000037509056021
0.00000075017840074
0.00000037348765110
0.00000003798849914
0.00000042142623190
0.00000028304711135
0.00000039163279950
0.00000012720259956
0.00000083089141838
0.00000071486269078
0.00000007426987646
0.00000044300697579
0.00000051814788018
0.00000004132879408
0.00000068006854238
0.00000037634879392
0.00000017767594631
0.00000017390071982
0.00000000205353810
0.00000044914089877
0.00000021642180167
0.00000042687476828
0.00000012604621925
0.00000069809613923
0.00000067815271929
0.00000011863311855
0.00000028236070003
0.00000011156619955
0.00000065258452698
0.00000058617864158
0.00000153876439817
0.00000003232262636
0.00000139700049146
0.00000105325306535
0.00000073090519894
0.00000055159377997
0.00000083290898872
0.00000098303727779
0.00000047054417721
0.00000013353846641
0.00000153801919639
0.00000048246774801
0.00000109010065071
0.00000019860807147
0.00000115631320871
0.00000145442123443
0.00000101272855127
0.00000108167166483
0.00000238888296337
0.00000026063999488
0.00000075486220672
0.00000099704314304
0.00000091017239237
