0.00000000000000000
0.00000004769267185
0.00000005727068786
0.00000024754062382
0.00000027496798132
0.00000007004005909
0.00000004536343246
0.00000019372583642
0.00000003732728204
0.00000006998734848
0.00000044859557579
0.00000011669519568
0.00000009983814737
0.00000026924609526
0.00000037247180009
0.00000027791792555
0.00000009920319238
0.00000056779509689
0.00000081390062291
0.00000027038461517
0.00000010339507234
0.00000050157935123
0.00000018939489839
0.00000011523175520
0.00000057694735272
0.00000019014576962
0.00000026066768374
0.00000090889002583
0.00000137306226165
0.00000082205779044
0.00000057142621817
0.00000067815271929
0.00000019932584203
0.00000060096369104
0.00000071847944787
0.00000046064754619
0.00000129137306521
0.00000153876439817
0.00000125532512758
0.00000126800262721
0.00000053621646028
0.00000011098109000
0.00000081113101813
0.00000109300137285
0.00000059210847031
0.00000060111772367
0.00000085314760419
0.00000081695247999
0.00000100794210972
0.00000036610991406
0.00000125230630906
0.00000122239744637
0.00000046114985105
0.00000134448964086
0.00000141410474127
0.00000172267011457
0.00000019388376764
0.00000169134240791
0.00000166731246821
0.00000044003351666
