0.00000000000000000
0.00000004769267185
0.00000011711703730
0.00000005229722157
0.00000014565525842
0.00000000982931365
0.00000004536343246
0.00000013327092849
0.00000020498215882
0.00000023351295415
0.00000008365751959
0.00000012708963330
0.00000022197745669
0.00000003672066534
0.00000067905830076
0.00000015217256887
0.00000008549465714
0.00000019765118157
0.00000017514910275
0.00000014650298266
0.00000041372646367
0.00000043130056478
0.00000050098472428
0.00000055234109296
0.00000114008340712
0.00000081711987467
0.00000051196530378
0.00000046822842863
0.00000048995393451
0.00000037960925258
0.00000063476117870
0.00000080507921209
0.00000069095924758
0.00000003624229098
0.00000052693045231
0.00000007677358460
0.00000084261297745
0.00000044671097220
0.00000054727104793
0.00000075201117024
0.00000079473476281
0.00000066614471517
0.00000133026427455
0.00000070286279665
0.00000039664406657
0.00000092755158982
0.00000150733772944
0.00000048919488163
0.00000067952063365
0.00000161663936827
0.00000046089846514
0.00000062763930748
0.00000092467649663
0.00000048191080791
0.00000101518504954
0.00000118969983553
0.00000079468981286
0.00000149066807908
0.00000146623167066
0.00000016443075211
