0.00000000000000000
0.00000001203270299
0.00000017696338674
0.00000030750819290
0.00000002547718993
0.00000023101366815
0.00000016602883881
0.00000004809379531
0.00000014440479860
0.00000031278759058
0.00000014448052896
0.00000012708963330
0.00000009983814737
0.00000020805274314
0.00000031115449996
0.00000003215192874
0.00000040703294158
0.00000032103248668
0.00000011333349490
0.00000020844379891
0.00000053785902019
0.00000018253258717
0.00000025171286357
0.00000042745271074
0.00000007638197103
0.00000138139656923
0.00000082608732882
0.00000090889002583
0.00000042687476828
0.00000012604621925
0.00000063476117870
0.00000086854245849
0.00000043659207912
0.00000034608129823
0.00000097387810861
0.00000058860553338
0.00000045796147365
0.00000121757221406
0.00000144843078567
0.00000081651010236
0.00000034232773338
0.00000073090519894
0.00000165472255981
0.00000076788589268
0.00000085272767530
0.00000184156641505
0.00000111482365429
0.00000193132831442
0.00000113931070015
0.00000240644744462
0.00000112040500174
0.00000128848168402
0.00000065980412773
0.00000074731967959
0.00000181302443300
0.00000052348698674
0.00000159576453982
0.00000068797076378
0.00000153325860318
0.00000091017239237
