0.00000000000000000
0.00000007175807783
0.00000000257566158
0.00000018757305474
0.00000039514604982
0.00000019046154999
0.00000001496927072
0.00000007281602055
0.00000044729159967
0.00000006998734848
0.00000038777256643
0.00000005574898843
0.00000016090780203
0.00000034268742595
0.00000000456799930
0.00000009073106966
0.00000034546699174
0.00000032103248668
0.00000001029772081
0.00000003931946610
0.00000004132879408
0.00000068006854238
0.00000025171286357
0.00000073967366628
0.00000088980071628
0.00000075442246417
0.00000036757636635
0.00000065708339886
0.00000042687476828
0.00000000036764870
0.00000012808149446
0.00000093200570489
0.00000094532641605
0.00000028236070003
0.00000065462978268
0.00000033268955899
0.00000103493872934
0.00000006719652237
0.00000009669117905
0.00000055851437387
0.00000092399391408
0.00000060138423141
0.00000068134770402
0.00000109300137285
0.00000098303727779
0.00000020939708429
0.00000000270044136
0.00000003521727574
0.00000199320653794
0.00000155082202858
0.00000072470107978
0.00000122239744637
0.00000065980412773
0.00000101272855127
0.00000015085905080
0.00000085659341114
0.00000026063999488
0.00000128999375026
0.00000072893541296
0.00000144747396461
