0.00000000000000000
0.00000001203270299
0.00000011711703730
0.00000011226479065
0.00000021487894707
0.00000011059217725
0.00000028669424517
0.00000010854870324
0.00000002325007818
0.00000031278759058
0.00000026612654769
0.00000029953381741
0.00000003876849271
0.00000020805274314
0.00000043378910023
0.00000021647642635
0.00000053016484126
0.00000032103248668
0.00000005151788705
0.00000020844379891
0.00000066199157672
0.00000130198848638
0.00000068793861980
0.00000092700623960
0.00000126522475255
0.00000019014576962
0.00000000937006370
0.00000016128813878
0.00000039315439264
0.00000025319538462
0.00000044193315031
0.00000099546895129
0.00000075455103970
0.00000123816967305
0.00000103772777380
0.00000020473157180
0.00000090672156141
0.00000108909534042
0.00000074037670601
0.00000113900476297
0.00000144103051915
0.00000086042616647
0.00000003243113350
0.00000024770112441
0.00000078757287405
0.00000027468385752
0.00000078772859166
0.00000199687983409
0.00000002267768150
0.00000036610991406
0.00000125230630906
0.00000089197625809
0.00000065980412773
0.00000088002411543
0.00000001788582023
0.00000092321469602
0.00000152900831257
0.00000015283922025
0.00000072893541296
0.00000178328744726
