0.00000000000000000
0.00000001203270299
0.00000000257566158
0.00000000767034751
0.00000008556622418
0.00000019046154999
0.00000007530197389
0.00000007281602055
0.00000002325007818
0.00000031278759058
0.00000044859557579
0.00000029953381741
0.00000022197745669
0.00000033043944738
0.00000055642370049
0.00000002928957046
0.00000034546699174
0.00000050610444434
0.00000038119136793
0.00000064202951269
0.00000016546135061
0.00000055568455358
0.00000043866675910
0.00000007210081812
0.00000051437668001
0.00000056633023265
0.00000157998018893
0.00000002756683144
0.00000067919143318
0.00000101167859238
0.00000063476117870
0.00000061468947289
0.00000051728480261
0.00000053724309283
0.00000007998279600
0.00000071656352058
0.00000032974430572
0.00000018975722492
0.00000080474525871
0.00000094550796660
0.00000073010518718
0.00000060138423141
0.00000139515593160
0.00000141811685302
0.00000078757287405
0.00000020939708429
0.00000111482365429
0.00000035809184229
0.00000087657351929
0.00000115591799040
0.00000105445434808
0.00000102414473340
0.00000006859488674
0.00000028285415415
0.00000174653781771
0.00000172267011457
0.00000046090867662
0.00000062107932084
0.00000106407007555
0.00000084300969584
