0.00000000000000000
0.00000001203270299
0.00000000257566158
0.00000000767034751
0.00000009470087857
0.00000000982931365
0.00000004536343246
0.00000016900361117
0.00000009790464225
0.00000006998734848
0.00000038777256643
0.00000005574898843
0.00000022197745669
0.00000039163279950
0.00000086301020115
0.00000021647642635
0.00000009920319238
0.00000093793901221
0.00000056663819149
0.00000064202951269
0.00000002073748419
0.00000049349255918
0.00000012707693322
0.00000048989690185
0.00000026409398916
0.00000069172505366
0.00000026066768374
0.00000002756683144
0.00000112074559675
0.00000056923005452
0.00000012808149446
0.00000099546895129
0.00000030940849489
0.00000072840488744
0.00000001613313082
0.00000033268955899
0.00000097083014538
0.00000063942628267
0.00000035416538984
0.00000081651010236
0.00000098862348971
0.00000079566568270
0.00000158983090276
0.00000089793208475
0.00000026633446408
0.00000105812513628
0.00000032439462126
0.00000107915855868
0.00000133636358579
0.00000135337000949
0.00000072470107978
0.00000016504964390
0.00000152063932665
0.00000101272855127
0.00000141410474127
0.00000145618497505
0.00000139549585808
0.00000128999375026
0.00000247163565843
0.00000091017239237
