0.00000000000000000
0.00000000000000000
0.00000000000000000
0.00000001300889600
0.00000006792005288
0.00000015908979771
0.00000009060533007
0.00000015715192749
0.00000003602791246
0.00000004323482064
0.00000024215028120
0.00000031536808790
0.00000017730996007
0.00000000698795378
0.00000005879161883
0.00000006721453810
0.00000003962449535
0.00000012099179695
0.00000056375630202
0.00000018072027673
0.00000012248651075
0.00000002676558329
0.00000024699985877
0.00000007985236250
0.00000106146417927
0.00000007040521848
0.00000034159274951
0.00000014970404648
0.00000027577733743
0.00000001601206850
0.00000024902407858
0.00000033124654191
0.00000073995007584
0.00000067682611607
0.00000171431781449
0.00000034482279226
0.00000046697162116
0.00000021957800057
0.00000037465856348
0.00000036551449189
0.00000047950867477
0.00000091261240614
0.00000106109067010
0.00000104592139320
0.00000041329142354
0.00000011036145955
0.00000005371173953
0.00000035478487074
0.00000060088704730
0.00000002437284702
0.00000020130444252
0.00000060563412594
0.00000050844084569
0.00000019984644531
0.00000065161214936
0.00000193044994273
0.00000041066085731
0.00000049198866441
0.00000073908417168
0.00000004841024274
