0.00000000000000000
0.00000000000000000
0.00000000000000000
0.00000005409996800
0.00000006792005288
0.00000018678665367
0.00000016616319379
0.00000013995368193
0.00000002887579827
0.00000029844659583
0.00000009236089678
0.00000012308240330
0.00000008152898876
0.00000044638507525
0.00000005879161883
0.00000006721453810
0.00000038441880020
0.00000002835812556
0.00000007808907896
0.00000033986371239
0.00000033107899472
0.00000031499234246
0.00000011135929997
0.00000003757476664
0.00000009289147102
0.00000097822744124
0.00000080433192767
0.00000028352559323
0.00000061648298944
0.00000020727278760
0.00000015146943638
0.00000094742166430
0.00000110362351452
0.00000023747906582
0.00000041863064166
0.00000006177561040
0.00000077613462301
0.00000021957800057
0.00000005597576779
0.00000015666253491
0.00000093575273653
0.00000034320484878
0.00000003625919148
0.00000012128812926
0.00000066398440910
0.00000028686233197
0.00000087166115446
0.00000017586096159
0.00000040216473149
0.00000034995948925
0.00000022544848118
0.00000038189268908
0.00000117781781703
0.00000068032752235
0.00000046267930217
0.00000027952953293
0.00000041066085731
0.00000006654971431
0.00000036732994456
0.00000041385951817
