0.00000000000000000
0.00000000000000000
0.00000000000000000
0.00000001300889600
0.00000019596273779
0.00000004379764725
0.00000006051039739
0.00000004091847879
0.00000036054646612
0.00000012830541237
0.00000013064655520
0.00000002306776044
0.00000039737586776
0.00000025807202319
0.00000002348360904
0.00000028289411144
0.00000003962449535
0.00000049152648251
0.00000010403612968
0.00000005799487674
0.00000029469845721
0.00000036852350903
0.00000029053887935
0.00000027242902492
0.00000009289147102
0.00000023220218911
0.00000025335762240
0.00000014970404648
0.00000016220878676
0.00000038815349534
0.00000014119449021
0.00000056382120244
0.00000006955967935
0.00000086088855980
0.00000027466540023
0.00000050431875333
0.00000089979982374
0.00000018564812920
0.00000015647942934
0.00000019142406006
0.00000038825986241
0.00000046280649211
0.00000011464132445
0.00000053223624657
0.00000041329142354
0.00000059564203012
0.00000016938335128
0.00000161618536362
0.00000030280357358
0.00000034995948925
0.00000062805736623
0.00000094124628124
0.00000022471509462
0.00000000765401449
0.00000014779122352
0.00000069225963538
0.00000088767578241
0.00000020836269767
0.00000121262552070
0.00000043885545783
