0.00000000000000000
0.00000000000000000
0.00000000000000000
0.00000001300889600
0.00000010800180756
0.00000015908979771
0.00000016616319379
0.00000023898888508
0.00000029564275539
0.00000012690636282
0.00000001914282921
0.00000009614284230
0.00000001425198254
0.00000036963815035
0.00000010575883691
0.00000028289411144
0.00000003104938724
0.00000002835812556
0.00000013879748185
0.00000013756659457
0.00000022678275273
0.00000004158600186
0.00000029053887935
0.00000043213374991
0.00000055463373113
0.00000093828614015
0.00000034159274951
0.00000058293368618
0.00000029206541593
0.00000061143835144
0.00000005391479419
0.00000071484700377
0.00000015335847891
0.00000078666287863
0.00000030119556547
0.00000050431875333
0.00000046051738436
0.00000099610038875
0.00000005597576779
0.00000043513181089
0.00000052422826111
0.00000043420583284
0.00000004212294149
0.00000028965998805
0.00000068261038170
0.00000015438984908
0.00000028505496303
0.00000058220451317
0.00000030280357358
0.00000021972483236
0.00000031079906592
0.00000040120233994
0.00000036180965763
0.00000028063463174
0.00000004114162367
0.00000087611475393
0.00000013031274257
0.00000021707625243
0.00000000442428256
0.00000031703903269
