0.00000000000000000
0.00000000000000000
0.00000000000000000
0.00000001300889600
0.00000002004087734
0.00000027438194817
0.00000046839464870
0.00000015715192749
0.00000003602791246
0.00000004183577109
0.00000035365400719
0.00000034230764890
0.00000001425198254
0.00000013252998848
0.00000030561730242
0.00000039073389811
0.00000003962449535
0.00000043481023139
0.00000050304789914
0.00000033986371239
0.00000029469845721
0.00000024664075731
0.00000011135929997
0.00000019727949164
0.00000063159077448
0.00000057475089779
0.00000038556881616
0.00000002358780941
0.00000006492831458
0.00000023929692460
0.00000005391479419
0.00000052304677284
0.00000006955967935
0.00000056698935351
0.00000030119556547
0.00000062786997412
0.00000009597601895
0.00000062480413035
0.00000026270702790
0.00000033065869805
0.00000052422826111
0.00000064220895710
0.00000035565147337
0.00000032676218791
0.00000034596168400
0.00000015438984908
0.00000016938335128
0.00000012736522832
0.00000109769283684
0.00000041507681770
0.00000073755198963
0.00000028933162151
0.00000116828119197
0.00000037673084715
0.00000029305208659
0.00000021574659001
0.00000056309162248
0.00000006654971431
0.00000027439138778
0.00000080430473326
