0.00000000000000000
0.00000000000000000
0.00000000000000000
0.00000001300889600
0.00000015588098310
0.00000015908979771
0.00000009060533007
0.00000004091847879
0.00000002887579827
0.00000029704754628
0.00000024215028120
0.00000016921792417
0.00000039737586776
0.00000011855408093
0.00000038789253029
0.00000047198439524
0.00000025164614312
0.00000024954288861
0.00000016474453256
0.00000037628174804
0.00000008610597323
0.00000071028143478
0.00000020094908966
0.00000027242902492
0.00000009289147102
0.00000047388176193
0.00000058388560679
0.00000014970404648
0.00000006492831458
0.00000083472320755
0.00000034657872078
0.00000013944631098
0.00000051703191759
0.00000012764230326
0.00000022921294476
0.00000040996969271
0.00000046697162116
0.00000046271367844
0.00000005597576779
0.00000074836261202
0.00000043297944876
0.00000010400156213
0.00000027140559039
0.00000080334513468
0.00000106796284634
0.00000068389246633
0.00000074774141003
0.00000040328060401
0.00000040216473149
0.00000054531147459
0.00000014009789644
0.00000028933162151
0.00000073792425284
0.00000068032752235
0.00000033672407071
0.00000071102271295
0.00000023850746255
0.00000127196007293
0.00000046026850134
0.00000056067188297
