0.00000000000000000
0.00000007389124727
0.00000059457641813
0.00000035312709994
0.00000024564295763
0.00000036054646710
0.00000020094020022
0.00000050950846230
0.00000155638067575
0.00000247816075564
0.00000270717014831
0.00000255567737876
0.00000323011748219
0.00000337176447121
0.00000444305286978
0.00000048831065416
0.00000037640787257
0.00000047540455060
0.00000223929781837
0.00000244595302769
0.00000241790871946
0.00000508097359724
0.00000537182450181
0.00000800686463290
0.00000647269475603
0.00000669900207463
0.00000636461339476
0.00000671240987199
0.00000345782026173
0.00000732404904023
0.00000378298311760
0.00000793674006627
0.00000966821326223
0.00000282100702626
0.00000794650151106
0.00000913718981711
0.00000943588018781
0.00000089771290670
0.00000226073332809
0.00000032308344450
0.00000561682497962
0.00001103688185067
0.00001171579866232
0.00000367603414225
0.00001150538554225
0.00000424919400109
0.00000275850278584
0.00000417513703395
0.00001700718147157
0.00001204721530451
0.00001384487277971
0.00001755504860463
0.00001202689302655
0.00001852240243427
0.00000140366533176
0.00000337313320766
0.00001098439798142
0.00000007366891087
0.00000127400707758
0.00000575595969879
