0.00000000000000000
0.00000007389124727
0.00000052539864724
0.00000012954807996
0.00000120910424552
0.00000010105833026
0.00000169187779375
0.00000141300235673
0.00000134008096529
0.00000096350993491
0.00000094989228708
0.00000296135110996
0.00000293875820083
0.00000038984650036
0.00000393582094966
0.00000048831065416
0.00000037640787257
0.00000100391675347
0.00000098667323743
0.00000109648015216
0.00000050152396817
0.00000258927227445
0.00000268747405858
0.00000610647683153
0.00000237805725654
0.00000871281976834
0.00000512488846826
0.00000704630383888
0.00000351777183042
0.00000868037188224
0.00000538333264858
0.00000621265743506
0.00000401531055948
0.00000543099168731
0.00001188299212681
0.00000671384953437
0.00000965343885286
0.00000206961038420
0.00000106135428930
0.00000100314164724
0.00000224669116873
0.00001166830795133
0.00000584868011369
0.00000990517161054
0.00000242613376563
0.00001094720739386
0.00000115497412184
0.00001305946164386
0.00000610661659853
0.00001290648526950
0.00001677627364730
0.00001431389620404
0.00000137259020329
0.00000492235517649
0.00001865301089395
0.00001557522428689
0.00000290412939453
0.00000910348756741
0.00000554311656579
0.00000522818480389
