0.00000000000000000
0.00000026653041292
0.00000031786533458
0.00000020407441995
0.00000104852736421
0.00000131200296883
0.00000159869419416
0.00000091106130427
0.00000090748154439
0.00000294420716201
0.00000264441022469
0.00000262328966730
0.00000199184053643
0.00000360717904785
0.00000258320249601
0.00000331163159362
0.00000037640787257
0.00000089821431290
0.00000440292209453
0.00000575829554036
0.00000506119803159
0.00000735910052094
0.00000552521595571
0.00000065319009716
0.00000300115426733
0.00000660310599397
0.00000316199066798
0.00000682370786095
0.00000153937006371
0.00000364260132620
0.00000385256353200
0.00000268953205823
0.00000498437959423
0.00000891097123539
0.00000429118879644
0.00000853135474643
0.00000497592755416
0.00000968694398793
0.00001191889085096
0.00000365536863794
0.00000378523051718
0.00000251262949175
0.00001401162765962
0.00001521825945114
0.00000696575965394
0.00001105352506676
0.00001375412791047
0.00000904917622966
0.00001175629961200
0.00000259524568955
0.00001338202001114
0.00000999235966992
0.00000486433650671
0.00001495359570705
0.00001408089520277
0.00001479160375886
0.00001297431487223
0.00001508005818901
0.00001604092678270
0.00000741468079702
