0.00000000000000000
0.00000026653041292
0.00000011033202191
0.00000094933781988
0.00000136968112684
0.00000113901087760
0.00000178506139335
0.00000020834383082
0.00000209712995188
0.00000061397513013
0.00000264441022469
0.00000059492101132
0.00000330295730252
0.00000031137497482
0.00000342858902954
0.00000495097923589
0.00000145568871995
0.00000470350217359
0.00000098667323743
0.00000447016234099
0.00000459862240197
0.00000586407972727
0.00000629217322521
0.00000643697905786
0.00000638368089734
0.00000852102760703
0.00000161233450986
0.00000882707166231
0.00000711486595169
0.00000461140335621
0.00000531375223419
0.00000134024999902
0.00000837612121589
0.00000203801162794
0.00000541590040094
0.00000317981162205
0.00001008855618298
0.00000206961038420
0.00000510136789364
0.00001242811945333
0.00000825432100554
0.00000101299250268
0.00000270254408036
0.00001127924605207
0.00001012376027189
0.00001222301946867
0.00000585102235215
0.00001250419135574
0.00000258387307249
0.00001197560947409
0.00000289069059031
0.00001373215090137
0.00001032578585309
0.00001215642286680
0.00001532783584582
0.00000124616320302
0.00000127601557478
0.00001488517001657
0.00001093199247714
0.00000726388796990
