0.00000000000000000
0.00000007389124727
0.00000011033202191
0.00000020407441995
0.00000080766204223
0.00000070653064954
0.00000159869419416
0.00000211571983017
0.00000188083024143
0.00000084699833331
0.00000101265221069
0.00000302896339849
0.00000417703514659
0.00000086067565366
0.00000393582094966
0.00000322055672461
0.00000204438736398
0.00000227234604037
0.00000542779675166
0.00000238461335153
0.00000459862240197
0.00000194854907716
0.00000353112705503
0.00000445396569990
0.00000665072247340
0.00000861692368768
0.00000719109667909
0.00000081361645688
0.00000064009653339
0.00000570937899022
0.00000475710891907
0.00000823658052387
0.00000070432469072
0.00001099895896424
0.00000907121311556
0.00000317981162205
0.00000214766490843
0.00000851504651043
0.00001071951181217
0.00001052395648565
0.00000503071475164
0.00001166830795133
0.00000584868011369
0.00001192048079145
0.00001219619817743
0.00000254811123468
0.00000756908877787
0.00000596434129566
0.00000258387307249
0.00000660517219286
0.00000643922848265
0.00000118307365806
0.00001444425585199
0.00000145000268514
0.00000285842941532
0.00000303729583850
0.00000284382888268
0.00000293202877337
0.00000330358371951
0.00000349406729211
