0.00000000000000000
0.00000013810430249
0.00000011033202191
0.00000072575879990
0.00000024564295763
0.00000027405042149
0.00000159869419416
0.00000201533161968
0.00000047488212348
0.00000049746352853
0.00000057333274539
0.00000309657568702
0.00000038936448898
0.00000337176447121
0.00000089242942895
0.00000094368499923
0.00000086699007593
0.00000100391675347
0.00000087279827553
0.00000060576274287
0.00000076585289938
0.00000045352828348
0.00000575530313656
0.00000280145456828
0.00000487044529971
0.00000583593734875
0.00000140571368877
0.00000882707166231
0.00000927312242446
0.00000028408762217
0.00000378298311760
0.00000081552919822
0.00000070432469072
0.00000647498555174
0.00001188299212681
0.00000994496991136
0.00000954465952034
0.00000206961038420
0.00000472261661823
0.00001351621257772
0.00000378523051718
0.00001080009706292
0.00001154573725512
0.00001228690064253
0.00001140669802294
0.00000424919400109
0.00000562194682872
0.00001003632340854
0.00000291620736740
0.00001634356512949
0.00000304497484650
0.00001356593795775
0.00000978859411410
0.00000116063997752
0.00001324960144074
0.00000326118741794
0.00000525584935639
0.00001118229474014
0.00000904238663809
0.00000145836412610
