0.00000000000000000
0.00000007389124727
0.00000011033202191
0.00000027860075994
0.00000120910424552
0.00000062003460393
0.00000038730739941
0.00000161377877771
0.00000015043255780
0.00000236164915404
0.00000264441022469
0.00000181194220491
0.00000119060251270
0.00000392106515005
0.00000283681845607
0.00000158120908234
0.00000204438736398
0.00000576052657934
0.00000349192239931
0.00000220059432305
0.00000261615541787
0.00000515216506361
0.00000629217322521
0.00000784161351974
0.00000584959774524
0.00000689079423593
0.00000140571368877
0.00000381866215891
0.00000651535026481
0.00000067160843418
0.00000169557068590
0.00000958586258308
0.00001128332832016
0.00001038996254333
0.00000082332801590
0.00000974302488780
0.00000573738288185
0.00001015570297892
0.00000996200926136
0.00000045909508505
0.00000210016361174
0.00000953724486160
0.00001392659695601
0.00000908072694562
0.00000104450849527
0.00000711977116942
0.00000287304054756
0.00000991293001118
0.00000437847826500
0.00000273845735038
0.00001384487277971
0.00001414768326042
0.00000325276128975
0.00001408550758421
0.00001221048423819
0.00000135810899274
0.00001954707066306
0.00001488517001657
0.00001604092678270
0.00000326787805144
