0.00000000000000000
0.00000007389124727
0.00000011033202191
0.00000050217977992
0.00000024564295763
0.00000122550692321
0.00000159869419416
0.00000091106130427
0.00000079933168916
0.00000224513755245
0.00000195405106492
0.00000356986170675
0.00000038936448898
0.00000345023599676
0.00000182235461584
0.00000413130541476
0.00000331990109270
0.00000449209729245
0.00000474454698024
0.00000103514047600
0.00000552377366121
0.00000401310160176
0.00000521843304791
0.00000726323462367
0.00000718480562550
0.00000065754899350
0.00000419509477339
0.00000582202596027
0.00000651535026481
0.00000913247949625
0.00000795780798102
0.00000493833549025
0.00000789158669851
0.00000699698248395
0.00000307275122490
0.00000328078413383
0.00000356179623129
0.00000851504651043
0.00000522761831878
0.00000222724641218
0.00000107447071277
0.00000511726215697
0.00000542352659567
0.00001192048079145
0.00000104450849527
0.00001094720739386
0.00000734001325444
0.00001219570786234
0.00001208863390691
0.00001190400364367
0.00000620780209837
0.00001373215090137
0.00000271556955076
0.00001225287710267
0.00000670316306472
0.00001266463375423
0.00000688396317613
0.00000150284884212
0.00000820256182074
0.00001683923249151
