    232.797
    234.373
    234.732
    234.686
    234.724
    241.083
    234.834
    235.578
    234.275
    236.240
    230.579
    240.782
    234.711
    235.391
    229.951
    234.948
    242.249
    234.762
    234.705
    235.992
    228.456
    232.676
    233.488
    232.570
    231.110
    234.287
    234.531
    230.408
    234.690
    234.862
    234.500
    233.098
    233.759
    234.760
    234.005
    234.738
    230.221
    233.334
    234.746
    234.896
    234.516
    233.229
    234.745
    232.924
    234.533
    229.437
    234.982
    234.845
    234.950
    234.604
    234.209
    234.811
    234.399
    242.406
    230.229
    234.544
    234.616
    234.011
    234.331
    234.412
    233.031
    231.728
    234.842
    228.393
    233.938
    232.458
    234.775
    234.728
    229.286
    235.910
    234.886
    239.482
    229.979
    234.763
    236.590
    234.904
    234.672
    234.882
    234.809
    242.742
    234.741
    232.313
    240.904
    234.698
    234.684
    229.601
    234.577
    234.880
    234.540
    234.803
    235.253
    240.954
    234.834
    234.894
    224.473
    234.709
    236.245
    234.599
    234.906
    231.870
    234.721
