    135.851
    135.071
    133.514
    133.046
    134.489
    137.653
    137.079
    138.145
    136.219
    137.938
    138.427
    137.192
    136.561
    137.055
    135.245
    136.362
    133.825
    135.440
    135.465
    135.215
    135.810
    135.833
    136.844
    132.904
    136.063
    137.358
    138.509
    138.802
    137.644
    139.280
    137.401
    137.611
    138.683
    138.710
    138.315
    139.151
    138.667
    138.306
    139.353
    139.133
    138.798
    139.003
    138.465
    138.707
    138.406
    138.607
    139.091
    138.922
    138.650
    138.534
    139.339
    138.555
    138.262
    139.215
    138.814
    139.160
    139.137
    138.369
    139.108
    139.120
    139.135
    139.216
    139.100
    138.573
    138.889
    138.378
    139.160
    138.364
    138.739
    138.466
    138.580
    138.351
    136.481
    139.078
    138.731
    139.139
    138.408
    139.279
    138.841
    139.037
    139.087
    138.345
    138.869
    139.306
    139.460
    138.315
    138.698
    138.635
    138.063
    138.575
    138.759
    137.678
    137.541
    138.530
    138.462
    138.242
    137.579
    138.217
    138.793
    136.247
    138.965
