    226.862
    224.386
    225.001
    232.062
    235.218
    231.165
    226.973
    223.710
    238.230
    231.667
    234.124
    236.720
    233.655
    229.544
    226.740
    236.494
    214.210
    232.863
    231.728
    231.285
    232.687
    233.021
    232.342
    241.648
    236.206
    231.114
    227.321
    232.282
    237.074
    232.861
    233.087
    237.506
    233.665
    237.341
    232.515
    237.387
    232.220
    231.996
    237.618
    232.903
    233.147
    232.546
    232.796
    236.226
    232.353
    233.193
    234.564
    235.775
    234.138
    232.602
    231.774
    232.441
    233.796
    232.371
    228.925
    233.466
    232.534
    236.676
    232.247
    230.759
    232.853
    230.415
    232.367
    224.644
    225.678
    228.076
    227.424
    229.117
    222.114
    224.981
    225.262
    225.854
    223.137
    224.554
    227.171
    227.379
    224.139
    226.547
    237.036
    227.708
    220.463
    226.715
    230.710
    232.632
    222.874
    220.715
    235.897
    229.800
    231.265
    222.783
    227.458
    232.057
    230.935
    229.263
    225.341
    224.682
    217.700
    232.861
    232.820
    237.195
    229.573
