          32.773
          32.552
          32.503
          32.509
          32.504
          31.646
          32.488
          32.386
          32.566
          32.295
          33.088
          31.686
          32.505
          32.412
          33.178
          32.473
          31.494
          32.498
          32.506
          32.329
          33.396
          32.790
          32.676
          32.805
          33.012
          32.564
          32.530
          33.113
          32.508
          32.485
          32.535
          32.730
          32.638
          32.499
          32.604
          32.502
          33.139
          32.697
          32.501
          32.480
          32.533
          32.712
          32.501
          32.755
          32.530
          33.253
          32.468
          32.487
          32.472
          32.520
          32.575
          32.492
          32.549
          31.474
          33.138
          32.529
          32.519
          32.603
          32.558
          32.547
          32.740
          32.924
          32.487
          33.405
          32.613
          32.821
          32.497
          32.503
          33.275
          32.340
          32.481
          31.858
          33.174
          32.498
          32.247
          32.479
          32.511
          32.482
          32.492
          31.430
          32.501
          32.841
          31.670
          32.507
          32.509
          33.229
          32.524
          32.482
          32.529
          32.493
          32.431
          31.663
          32.488
          32.480
          33.988
          32.506
          32.294
          32.521
          32.478
          32.904
          32.504
