          36.852
          32.457
          32.430
          31.335
          32.549
          32.631
          32.416
          32.721
          33.189
          32.604
          32.551
          32.562
          32.545
          33.313
          32.898
          32.911
          32.413
          32.460
          32.477
          32.524
          32.482
          32.412
          32.541
          32.406
          33.566
       -2995.431
          34.582
          32.655
          32.796
          32.608
          33.741
          33.642
          32.582
          32.883
          32.503
          32.413
          32.409
          32.798
          33.526
          33.443
          32.491
          32.929
          32.434
          32.132
          32.540
          32.703
          32.608
          32.502
          32.466
          32.410
          32.607
          32.425
          32.599
          32.971
          33.086
          32.655
          31.773
          32.535
          32.505
          32.535
          32.623
          32.489
          33.028
          32.560
          32.508
       -2997.760
          32.435
          32.512
          32.560
          32.524
          32.516
          32.526
          32.446
          32.616
          32.804
          32.561
          32.413
          32.408
          32.561
          32.404
          32.407
          32.588
          32.591
          32.683
          32.562
          32.513
          32.125
          32.505
          31.444
          32.432
          32.414
          32.409
          32.429
          32.428
          32.535
          32.553
          31.663
          32.443
          32.406
          32.405
          32.472
