          56.160
          56.484
          57.143
          57.344
          56.729
          55.425
          55.657
          55.227
          56.008
          55.310
          55.115
          55.611
          55.868
          55.667
          56.412
          55.950
          57.010
          56.330
          56.320
          56.424
          56.177
          56.168
          55.753
          57.405
          56.072
          55.544
          55.082
          54.966
          55.429
          54.777
          55.526
          55.442
          55.013
          55.002
          55.159
          54.828
          55.020
          55.163
          54.749
          54.835
          54.967
          54.886
          55.100
          55.004
          55.123
          55.043
          54.852
          54.919
          55.026
          55.072
          54.754
          55.064
          55.181
          54.803
          54.961
          54.825
          54.834
          55.138
          54.845
          54.840
          54.834
          54.802
          54.848
          55.057
          54.932
          55.134
          54.825
          55.140
          54.991
          55.100
          55.054
          55.145
          55.901
          54.857
          54.994
          54.833
          55.123
          54.778
          54.951
          54.873
          54.853
          55.148
          54.939
          54.767
          54.707
          55.159
          55.007
          55.032
          55.260
          55.056
          54.983
          55.415
          55.470
          55.074
          55.101
          55.189
          55.455
          55.199
          54.970
          55.997
          54.902
