           5.945
           5.986
           5.956
           5.793
           5.758
           5.978
           5.561
           5.794
           5.791
           5.984
           5.793
           5.791
           5.792
           5.897
           5.853
           5.793
           5.984
           5.791
           5.791
           5.792
           6.178
           5.980
           6.268
           5.804
           5.791
           5.973
           5.791
           6.164
           5.797
           6.063
           5.791
           5.813
           5.792
           6.110
           5.972
           5.837
           7.126
           7.356
           5.963
           6.002
           5.796
           5.792
           6.560
           5.928
           6.085
           5.933
           5.883
           6.266
           6.163
           5.973
           5.845
           5.793
           5.818
           5.792
           6.177
           5.792
           5.984
           5.984
           5.792
           5.915
           5.791
           5.966
           6.011
           5.791
           6.155
           5.792
           6.179
           5.979
           5.793
           5.984
           5.793
           5.985
           5.919
           5.922
           5.792
           5.980
           5.901
           5.985
           5.985
           5.983
           5.791
           5.791
           5.792
           5.814
           5.977
           5.791
           5.791
           5.978
           5.985
           5.792
           5.792
           5.979
           5.792
           5.792
           5.792
           5.791
           5.791
           5.823
           6.177
           5.791
           5.978
