0.00000000000000000
0.00000005767102208
0.00000018537800418
0.00000006674807497
0.00000030538570148
0.00000026281762869
0.00000054730100309
0.00000013567898441
0.00000027663805738
0.00000040538651250
0.00000104583278040
0.00000029168277738
0.00000037023083567
0.00000038134385853
0.00000068220941141
0.00000048172228227
0.00000073399594937
0.00000105241757321
0.00000033841587102
0.00000058812096848
0.00000039065377936
0.00000112595161734
0.00000024224955831
0.00000106085400637
0.00000187873563416
0.00000091931591343
0.00000144259645216
0.00000081832064170
0.00000072443666076
0.00000163496831688
0.00000253519185567
0.00000228987219341
0.00000191405611615
0.00000171161319673
0.00000102327582226
0.00000206729185536
0.00000163579412228
0.00000168662971975
0.00000112305193174
0.00000137497922039
0.00000133938287224
0.00000210296839956
0.00000218787903349
0.00000260999170813
0.00000194003029084
0.00000172754043305
0.00000326905356011
0.00000169621655205
0.00000253473701517
0.00000226844267156
0.00000233786914083
0.00000155301076117
0.00000272730857599
0.00000269452953443
0.00000321728150885
0.00000195535839531
0.00000177061383313
0.00000256159955354
0.00000296300538118
0.00000311988145488
