0.00000000000000000
0.00000004903490714
0.00000000564998320
0.00000010424379134
0.00000000072879767
0.00000005731204979
0.00000042466702695
0.00000079430747355
0.00000057141191774
0.00000031743442197
0.00000057346978344
0.00000078497141421
0.00000068562345652
0.00000015549392483
0.00000027788644079
0.00000057220109153
0.00000089597368538
0.00000032747470595
0.00000059797853621
0.00000116896654446
0.00000143050003883
0.00000075363915149
0.00000099208946172
0.00000009135393965
0.00000121118695127
0.00000091931591343
0.00000112168065309
0.00000158433742153
0.00000089585478723
0.00000155824891633
0.00000102439408957
0.00000173664360431
0.00000213414623717
0.00000181011609430
0.00000111144716575
0.00000159375131976
0.00000191837603103
0.00000137045086670
0.00000180229077509
0.00000117231377316
0.00000215572212119
0.00000210296839956
0.00000218787903349
0.00000247988684779
0.00000287169996663
0.00000204027197075
0.00000242926222877
0.00000203030950999
0.00000260949985382
0.00000280381290652
0.00000281708664654
0.00000219644236081
0.00000243933619152
0.00000235083863594
0.00000214053238229
0.00000257495275306
0.00000257171386588
0.00000311319649519
0.00000385174145184
0.00000250114345379
