0.00000000000000000
0.00000004903490714
0.00000010116397690
0.00000010424379134
0.00000038191432626
0.00000014819352911
0.00000030203305081
0.00000024545039927
0.00000096444373155
0.00000084514696514
0.00000033728828496
0.00000057356199843
0.00000030715231150
0.00000049426882537
0.00000022751727250
0.00000039124347301
0.00000081498481737
0.00000032747470595
0.00000079265053511
0.00000128513565965
0.00000101456153504
0.00000149826408318
0.00000132535164101
0.00000091170014995
0.00000094416747811
0.00000062054975697
0.00000101470872007
0.00000139283322657
0.00000175294541956
0.00000117465191357
0.00000109306671530
0.00000118341501522
0.00000147387587410
0.00000131760160646
0.00000119961850923
0.00000080451709376
0.00000177708507666
0.00000124397932549
0.00000180229077509
0.00000208430828568
0.00000188360903821
0.00000120987001128
0.00000131577896847
0.00000091862852371
0.00000240586512873
0.00000297846658386
0.00000289581296840
0.00000294906514433
0.00000141329443538
0.00000253612778904
0.00000251757570547
0.00000262539676056
0.00000253532698634
0.00000252268408519
0.00000306346020505
0.00000257495275306
0.00000177061383313
0.00000344415466017
0.00000256801157199
0.00000347344602693
