0.00000000000000000
0.00000005767102208
0.00000010116397690
0.00000010424379134
0.00000015232845190
0.00000021669538874
0.00000011808208659
0.00000002590756956
0.00000001813580297
0.00000058129069355
0.00000021380187817
0.00000029168277738
0.00000037023083567
0.00000049426882537
0.00000108653238204
0.00000084363751931
0.00000081498481737
0.00000090742899976
0.00000105221320031
0.00000058812096848
0.00000028666915341
0.00000010209233626
0.00000032556510313
0.00000031508472428
0.00000154496129271
0.00000014252390664
0.00000026590518891
0.00000148858532405
0.00000072443666076
0.00000155824891633
0.00000116173934103
0.00000173664360431
0.00000224419129768
0.00000102209291376
0.00000164047522666
0.00000198836843276
0.00000114127578196
0.00000174986549035
0.00000259473609233
0.00000137497922039
0.00000206501776020
0.00000120987001128
0.00000247857905516
0.00000241483441762
0.00000182357158137
0.00000141480889534
0.00000140285060158
0.00000261497218639
0.00000245997417651
0.00000193383627472
0.00000239777132905
0.00000305435116032
0.00000282329937082
0.00000157753411436
0.00000183288977470
0.00000236842130048
0.00000226359846867
0.00000278223833020
0.00000266676002429
0.00000170562316668
