0.00000000000000000
0.00000004903490714
0.00000008986401049
0.00000027523565764
0.00000030538570148
0.00000035369910801
0.00000024071606273
0.00000002590756956
0.00000017838010393
0.00000003437394013
0.00000049474261728
0.00000057356199843
0.00000055946640818
0.00000060719379222
0.00000058112866876
0.00000075315871005
0.00000032905160933
0.00000003499672767
0.00000098732253401
0.00000058812096848
0.00000132651541288
0.00000075363915149
0.00000057551173760
0.00000053881550891
0.00000047688340009
0.00000097906914472
0.00000090773678705
0.00000158433742153
0.00000192436354603
0.00000125137131412
0.00000177979297262
0.00000130635470169
0.00000125378575308
0.00000181011609430
0.00000181681791363
0.00000183052158756
0.00000156514864509
0.00000162339394914
0.00000214191019676
0.00000096964832593
0.00000143008723323
0.00000153463306157
0.00000226055403890
0.00000137399553490
0.00000135773674347
0.00000297846658386
0.00000186940134121
0.00000244792570742
0.00000208615998325
0.00000153230859851
0.00000233786914083
0.00000305435116032
0.00000147942824326
0.00000363967950525
0.00000237126433798
0.00000285032802317
0.00000269496002477
0.00000289255771853
0.00000217301776281
0.00000258953459681
