0.00000000000000000
0.00000004903490714
0.00000008986401049
0.00000001874785819
0.00000000072879767
0.00000049070282727
0.00000005676509852
0.00000013567898441
0.00000027663805738
0.00000014153024092
0.00000049474261728
0.00000085544121947
0.00000074870198069
0.00000038134385853
0.00000027788644079
0.00000129603156561
0.00000105795142140
0.00000097992328648
0.00000098732253401
0.00000082045919887
0.00000143050003883
0.00000140518596672
0.00000099208946172
0.00000165746943204
0.00000007635419035
0.00000109857560730
0.00000165654031821
0.00000033956015431
0.00000158152729309
0.00000209528472020
0.00000157377509542
0.00000161370391785
0.00000224419129768
0.00000200712188944
0.00000146413253969
0.00000151482789716
0.00000015223910133
0.00000187633703157
0.00000236832314455
0.00000096964832593
0.00000179290467721
0.00000242773144984
0.00000247857905516
0.00000111378581422
0.00000182357158137
0.00000099783351174
0.00000242926222877
0.00000169621655205
0.00000171234578999
0.00000253612778904
0.00000245767351726
0.00000337606696014
0.00000311127175530
0.00000217899318670
0.00000252508564177
0.00000216188984789
0.00000361930621641
0.00000256159955354
0.00000306175383347
0.00000197079659572
