0.00000000000000000
0.00000005767102208
0.00000008986401049
0.00000006674807497
0.00000022885707669
0.00000021669538874
0.00000024071606273
0.00000046499322898
0.00000017838010393
0.00000049333860303
0.00000041601545112
0.00000106685063525
0.00000030715231150
0.00000072011875907
0.00000068220941141
0.00000057220109153
0.00000089597368538
0.00000061745185285
0.00000085754120141
0.00000151747389004
0.00000132651541288
0.00000177749843257
0.00000107540500654
0.00000061339243711
0.00000121118695127
0.00000181561438280
0.00000112168065309
0.00000120132903161
0.00000089585478723
0.00000155824891633
0.00000095572146384
0.00000192105313401
0.00000180401105564
0.00000102209291376
0.00000146413253969
0.00000167267474236
0.00000170643959947
0.00000168662971975
0.00000214191019676
0.00000238830645652
0.00000215572212119
0.00000242773144984
0.00000204252902265
0.00000150410039524
0.00000252232383821
0.00000172754043305
0.00000205602163706
0.00000119507711515
0.00000298331404708
0.00000106385964293
0.00000161904288226
0.00000316158976026
0.00000291929016564
0.00000260860680981
0.00000175597912280
0.00000188651457778
0.00000146249843592
0.00000278223833020
0.00000256801157199
0.00000303149031187
