0.00000000000000000
0.00000005767102208
0.00000000564998320
0.00000027523565764
0.00000022885707669
0.00000028519724838
0.00000054730100309
0.00000035522181413
0.00000017838010393
0.00000049333860303
0.00000049474261728
0.00000036215258265
0.00000030715231150
0.00000094596869276
0.00000058112866876
0.00000075315871005
0.00000089597368538
0.00000119740614666
0.00000020863453842
0.00000058812096848
0.00000070260765720
0.00000056748291857
0.00000124203609619
0.00000113543093458
0.00000147820642442
0.00000097906914472
0.00000154956838518
0.00000110557693414
0.00000201007260926
0.00000071433551025
0.00000129908459249
0.00000179811344755
0.00000213414623717
0.00000121909870890
0.00000172864657014
0.00000167267474236
0.00000121192125915
0.00000149692240792
0.00000123625840563
0.00000208430828568
0.00000197431339920
0.00000185939611185
0.00000167915399556
0.00000260999170813
0.00000100836061505
0.00000235300350846
0.00000149616074951
0.00000203030950999
0.00000178710862864
0.00000260304906841
0.00000233786914083
0.00000241091956068
0.00000205537301222
0.00000123384321588
0.00000352492411644
0.00000291917184070
0.00000189385999202
0.00000256159955354
0.00000256801157199
0.00000214757888174
