0.00000000000000000
0.00000005767102208
0.00000008986401049
0.00000010424379134
0.00000038191432626
0.00000021669538874
0.00000000455188955
0.00000002590756956
0.00000037489601084
0.00000031743442197
0.00000057346978344
0.00000022121297212
0.00000062254493235
0.00000072011875907
0.00000037896718344
0.00000075315871005
0.00000024806274133
0.00000105241757321
0.00000072775986881
0.00000116896654446
0.00000163846929072
0.00000112595161734
0.00000082545837207
0.00000046423858070
0.00000094416747811
0.00000050104329439
0.00000133562451914
0.00000081832064170
0.00000081014572400
0.00000148152951578
0.00000129908459249
0.00000173664360431
0.00000147387587410
0.00000131760160646
0.00000102327582226
0.00000167267474236
0.00000099998482759
0.00000219251588461
0.00000157587782730
0.00000188164283845
0.00000170220031622
0.00000145344229900
0.00000117042895763
0.00000189441497626
0.00000194003029084
0.00000235300350846
0.00000289581296840
0.00000244792570742
0.00000245997417651
0.00000200075755409
0.00000125962975298
0.00000294711256038
0.00000253532698634
0.00000260860680981
0.00000214053238229
0.00000278148420564
0.00000300307542198
0.00000256159955354
0.00000286425692888
0.00000188240545271
