0	1.000000	1.000000
1	1.110000	1.110000
2	1.232100	1.232100
3	1.367631	1.367631
4	1.518071	1.518071
5	1.685058	1.685058
6	1.870415	1.870414
7	2.076160	2.076159
8	2.304538	2.304539
9	2.558037	2.558038
10	2.839422	2.839421
11	3.151757	3.151757
12	3.498451	3.498453
13	3.883281	3.883282
14	4.310443	4.310441
15	4.784589	4.784587
16	5.310894	5.310895
17	5.895096	5.895094
18	6.543554	6.543551
19	7.263345	7.263337
20	8.062313	8.062312
21	8.949169	8.949152
22	9.933574	9.933571
23	11.026267	11.026258
24	12.239161	12.239152
25	13.585472	13.585476
26	15.079874	15.079888
27	16.738657	16.738640
28	18.579912	18.579893
29	20.623703	20.623686
30	22.892313	22.892302
31	25.410450	25.410501
32	28.205599	28.205599
33	31.308228	31.308229
34	34.752129	34.752132
35	38.574871	38.574848
36	42.818123	42.818089
37	47.528084	47.528084
38	52.756191	52.756260
39	58.559383	58.559330
40	65.000862	65.000999
41	72.150970	72.151115
42	80.087563	80.087791
43	88.897263	88.897263
44	98.675926	98.676010
45	109.530319	109.530121
46	121.578613	121.578461
47	134.952301	134.952225
48	149.797043	149.796783
49	166.274658	166.274628
50	184.564987	184.564484
51	204.866943	204.867432
52	227.402374	227.401688
53	252.416641	252.417435
54	280.182678	280.183563
55	311.002838	311.003540
56	345.213013	345.212585
57	383.186707	383.186401
58	425.336853	425.336548
59	472.123718	472.124817
60	524.057312	524.056885
61	581.704102	581.704834
62	645.691895	645.690491
63	716.717712	716.715820
64	795.556152	795.555664
65	883.067993	883.066406
66	980.205139	980.208984
67	1088.027344	1088.028320
68	1207.710571	1207.706909
69	1340.558838	1340.562378
70	1488.020874	1488.014771
71	1651.702271	1651.703613
72	1833.390137	1833.390015
73	2035.062012	2035.055420
74	2258.920898	2258.917480
75	2507.399902	2507.413086
76	2783.215820	2783.201416
77	3089.371094	3089.366455
78	3429.198486	3429.202393
79	3806.413086	3806.424561
80	4225.117188	4225.130859
81	4689.885742	4689.871582
82	5205.769043	5205.756348
83	5778.398438	5778.425293
84	6414.028320	6414.032227
85	7119.566406	7119.539062
86	7902.721680	7902.700684
87	8772.017578	8771.992188
88	9736.950195	9736.932617
89	10808.013672	10808.004883
90	11996.888672	11996.923828
91	13316.547852	13316.593750
92	14781.362305	14781.361328
93	16407.314453	16407.357422
94	18212.136719	18212.005859
95	20215.443359	20215.451172
96	22439.171875	22439.175781
97	24907.468750	24907.468750
98	27647.267578	27647.316406
99	30688.486328	30688.498047
100	34064.203125	34064.234375
101	37811.289062	37811.207031
102	41970.527344	41970.496094
103	46587.285156	46587.507812
104	51711.875000	51711.886719
105	57400.179688	57400.289062
106	63714.257812	63714.242188
107	70722.742188	70722.617188
108	78502.304688	78501.867188
109	87137.531250	87137.453125
110	96722.679688	96722.632812
111	107362.148438	107362.632812
112	119171.882812	119171.976562
113	132280.875000	132280.921875
114	146831.796875	146832.203125
115	162983.500000	162983.328125
116	180911.468750	180910.453125
117	200811.640625	200811.765625
118	222901.265625	222900.343750
119	247420.156250	247421.875000
120	274636.500000	274637.000000
121	304846.406250	304846.031250
122	338379.750000	338379.593750
123	375601.312500	375598.187500
124	416917.156250	416916.062500
125	462778.593750	462778.531250
126	513683.812500	513687.187500
127	570189.000000	570189.187500
128	632909.812500	632912.375000
129	702529.500000	702528.875000
130	779809.187500	779815.375000
131	865587.687500	865588.125000
132	960802.875000	960809.125000
133	1066489.500000	1066488.875000
134	1183803.750000	1183805.750000
135	1314023.750000	1314024.000000
136	1458565.375000	1458569.875000
137	1619006.375000	1619004.875000
138	1797098.625000	1797095.750000
139	1994778.250000	1994774.500000
140	2214205.500000	2214208.250000
141	2457764.500000	2457775.500000
142	2728120.000000	2728113.500000
143	3028214.000000	3028210.500000
144	3361319.500000	3361314.000000
145	3731069.000000	3731085.000000
146	4141482.250000	4141508.000000
147	4597049.000000	4597002.000000
148	5102715.500000	5102719.500000
149	5664012.000000	5663953.000000
150	6287050.000000	6287053.500000
151	6978632.500000	6978665.500000
152	7746285.500000	7746332.500000
153	8598376.000000	8598436.000000
154	9544198.000000	9544168.000000
155	10594059.000000	10594162.000000
156	11759407.000000	11759265.000000
157	13052949.000000	13053002.000000
158	14488759.000000	14488716.000000
159	16082534.000000	16082434.000000
160	17851642.000000	17851676.000000
161	19815276.000000	19815488.000000
162	21994976.000000	21994990.000000
163	24414420.000000	24414200.000000
164	27100016.000000	27099712.000000
165	30081014.000000	30081008.000000
166	33389898.000000	33390180.000000
167	37062768.000000	37062760.000000
168	41139748.000000	41140004.000000
169	45665028.000000	45665508.000000
170	50688320.000000	50688312.000000
171	56264008.000000	56263696.000000
172	62452964.000000	62453080.000000
173	69322784.000000	69323080.000000
174	76948320.000000	76948848.000000
175	85412696.000000	85412936.000000
176	94808104.000000	94808336.000000
177	105237056.000000	105237896.000000
178	116813000.000000	116812784.000000
179	129662432.000000	129663912.000000
180	143925168.000000	143924288.000000
181	159756992.000000	159757648.000000
182	177330208.000000	177330000.000000
183	196836592.000000	196837584.000000
184	218488992.000000	218487568.000000
185	242522224.000000	242524880.000000
186	269200000.000000	269199808.000000
187	298812192.000000	298814816.000000
188	331681824.000000	331681152.000000
189	368166560.000000	368163904.000000
190	408664832.000000	408668352.000000
191	453617600.000000	453617536.000000
192	503515680.000000	503508160.000000
193	558904064.000000	558902784.000000
194	620382208.000000	620377792.000000
195	688624256.000000	688618304.000000
196	764372672.000000	764371008.000000
197	848453312.000000	848455104.000000
198	941783488.000000	941783424.000000
199	1045379712.000000	1045373824.000000
200	1160369664.000000	1160363392.000000
