0	1.000000	1.000000
1	1.110000	1.110000
2	1.232100	1.232100
3	1.367631	1.367631
4	1.518071	1.518070
5	1.685058	1.685058
6	1.870414	1.870415
7	2.076160	2.076159
8	2.304538	2.304537
9	2.558037	2.558037
10	2.839421	2.839421
11	3.151758	3.151759
12	3.498451	3.498454
13	3.883281	3.883280
14	4.310441	4.310441
15	4.784589	4.784591
16	5.310896	5.310892
17	5.895095	5.895093
18	6.543551	6.543556
19	7.263348	7.263349
20	8.062313	8.062308
21	8.949168	8.949168
22	9.933575	9.933590
23	11.026268	11.026269
24	12.239160	12.239161
25	13.585468	13.585460
26	15.079870	15.079865
27	16.738659	16.738644
28	18.579916	18.579889
29	20.623690	20.623726
30	22.892319	22.892303
31	25.410450	25.410454
32	28.205614	28.205648
33	31.308216	31.308205
34	34.752125	34.752048
35	38.574852	38.574932
36	42.818089	42.818089
37	47.528107	47.528114
38	52.756199	52.756126
39	58.559368	58.559315
40	65.000900	65.001007
41	72.151001	72.151001
42	80.087708	80.087601
43	88.897270	88.897278
44	98.675919	98.675934
45	109.530251	109.530449
46	121.578613	121.579018
47	134.952209	134.952606
48	149.797043	149.797104
49	166.274704	166.274994
50	184.564957	184.565765
51	204.867111	204.867081
52	227.402328	227.402222
53	252.416824	252.416992
54	280.182556	280.182220
55	311.002777	311.003387
56	345.212799	345.211975
57	383.186279	383.187317
58	425.337036	425.337280
59	472.123688	472.124969
60	524.057617	524.056824
61	581.704224	581.703979
62	645.691589	645.691284
63	716.717590	716.717346
64	795.556580	795.556396
65	883.067200	883.066162
66	980.205627	980.208191
67	1088.027588	1088.030640
68	1207.709473	1207.708008
69	1340.558594	1340.559082
70	1488.020264	1488.020386
71	1651.703979	1651.706299
72	1833.390991	1833.386353
73	2035.063843	2035.064087
74	2258.919189	2258.926758
75	2507.402100	2507.401367
76	2783.216553	2783.217529
77	3089.368408	3089.378906
78	3429.201416	3429.193359
79	3806.414062	3806.407959
80	4225.123047	4225.110840
81	4689.878906	4689.872070
82	5205.766602	5205.767578
83	5778.403320	5778.395996
84	6414.027344	6414.008301
85	7119.566406	7119.565430
86	7902.723633	7902.721680
87	8772.024414	8772.020508
88	9736.942383	9736.974609
89	10808.004883	10807.995117
90	11996.892578	11996.947266
91	13316.553711	13316.613281
92	14781.377930	14781.487305
93	16407.314453	16407.328125
94	18212.128906	18212.156250
95	20215.455078	20215.433594
96	22439.156250	22439.181641
97	24907.455078	24907.572266
98	27647.292969	27647.414062
99	30688.494141	30688.300781
100	34064.226562	34064.371094
101	37811.289062	37811.285156
102	41970.503906	41970.496094
103	46587.296875	46587.304688
104	51711.847656	51711.742188
105	57400.214844	57399.824219
106	63714.265625	63714.402344
107	70722.750000	70722.843750
108	78502.203125	78502.585938
109	87137.523438	87137.437500
110	96722.679688	96722.726562
111	107362.218750	107362.757812
112	119171.968750	119172.906250
113	132280.984375	132280.578125
114	146831.812500	146831.671875
115	162983.406250	162983.296875
116	180911.453125	180911.859375
117	200811.812500	200811.812500
118	222901.015625	222900.796875
119	247420.421875	247418.953125
120	274636.312500	274634.312500
121	304846.937500	304843.593750
122	338379.625000	338380.781250
123	375601.562500	375600.250000
124	416917.593750	416919.062500
125	462778.437500	462780.343750
126	513684.218750	513684.125000
127	570189.062500	570188.375000
128	632910.062500	632909.187500
129	702530.187500	702530.062500
130	779808.062500	779815.500000
131	865587.562500	865585.125000
132	960801.250000	960801.687500
133	1066490.250000	1066495.875000
134	1183804.375000	1183802.875000
135	1314022.875000	1314012.875000
136	1458565.250000	1458562.125000
137	1619008.000000	1619015.250000
138	1797097.500000	1797097.875000
139	1994779.750000	1994787.500000
140	2214204.250000	2214209.000000
141	2457766.000000	2457757.750000
142	2728124.500000	2728123.000000
143	3028214.250000	3028215.250000
144	3361316.500000	3361329.750000
145	3731063.000000	3731055.750000
146	4141483.000000	4141526.250000
147	4597045.000000	4597002.000000
148	5102724.000000	5102770.500000
149	5664016.000000	5663996.000000
150	6287062.500000	6287049.500000
151	6978640.000000	6978642.500000
152	7746285.000000	7746283.000000
153	8598380.000000	8598330.000000
154	9544210.000000	9544184.000000
155	10594073.000000	10594062.000000
156	11759416.000000	11759503.000000
157	13052955.000000	13052939.000000
158	14488775.000000	14488901.000000
159	16082539.000000	16082538.000000
160	17851590.000000	17851600.000000
161	19815306.000000	19815230.000000
162	21994954.000000	21994860.000000
163	24414408.000000	24414578.000000
164	27100010.000000	27100000.000000
165	30081012.000000	30080838.000000
166	33389886.000000	33390142.000000
167	37062792.000000	37063132.000000
168	41139716.000000	41139632.000000
169	45665072.000000	45665072.000000
170	50688232.000000	50688036.000000
171	56264004.000000	56263632.000000
172	62453060.000000	62453560.000000
173	69322776.000000	69322984.000000
174	76948488.000000	76948120.000000
175	85412632.000000	85413504.000000
176	94808128.000000	94808528.000000
177	105237000.000000	105237312.000000
178	116813048.000000	116813016.000000
179	129662256.000000	129662056.000000
180	143925264.000000	143924064.000000
181	159757136.000000	159757488.000000
182	177330224.000000	177330480.000000
183	196836624.000000	196837296.000000
184	218488832.000000	218488768.000000
185	242522272.000000	242521264.000000
186	269200096.000000	269198464.000000
187	298812128.000000	298811104.000000
188	331681088.000000	331681120.000000
189	368165952.000000	368164480.000000
190	408664992.000000	408663712.000000
191	453618208.000000	453617728.000000
192	503516352.000000	503518592.000000
193	558902464.000000	558900544.000000
194	620381504.000000	620376896.000000
195	688623680.000000	688625728.000000
196	764371456.000000	764369024.000000
197	848453504.000000	848451264.000000
198	941783168.000000	941783808.000000
199	1045381056.000000	1045373568.000000
200	1160370816.000000	1160379520.000000
