0.00000000000000000
0.00000007389124727
0.00000024868756369
0.00000042765343993
0.00000064708516092
0.00000087952274077
0.00000066685819820
0.00000151339056722
0.00000123193111007
0.00000131304473969
0.00000164025144685
0.00000201477907050
0.00000191900071609
0.00000243010616463
0.00000258320249601
0.00000230980803446
0.00000282931888935
0.00000354077532727
0.00000349192239931
0.00000342738784626
0.00000387171784113
0.00000415548453449
0.00000360782278198
0.00000371033569067
0.00000389129285418
0.00000430160005831
0.00000502157805772
0.00000448645009270
0.00000477675477286
0.00000512809777221
0.00000517459140541
0.00000478841526145
0.00000595344862899
0.00000621398708563
0.00000625943410431
0.00000600704195191
0.00000682517620713
0.00000652282079868
0.00000718449990838
0.00000651161308946
0.00000744841944207
0.00000653797088346
0.00000746426348215
0.00000779825746685
0.00000815000988567
0.00000807663022553
0.00000837085310987
0.00000812372574946
0.00000830002294494
0.00000946940540952
0.00000983348211880
0.00000783159140286
0.00000951999824461
0.00000993797544177
0.00000950877951159
0.00001154517585705
0.00001044169337484
0.00001092244384355
0.00001121193408292
0.00001012895168503
