0.00000000000000000
0.00000020231735770
0.00000024868756369
0.00000072575879990
0.00000112881580487
0.00000113901087760
0.00000094640899699
0.00000101144951476
0.00000177268038620
0.00000119653313810
0.00000164025144685
0.00000181194220491
0.00000206468035677
0.00000282246379237
0.00000224504788260
0.00000249195777249
0.00000361425041471
0.00000258945336210
0.00000292254758979
0.00000373408622706
0.00000321089551310
0.00000408429306813
0.00000437478005147
0.00000420608903016
0.00000406932057154
0.00000439749613896
0.00000512488846826
0.00000526553601545
0.00000495660947893
0.00000609689980222
0.00000552249347736
0.00000666241812146
0.00000571118137030
0.00000690998299525
0.00000625943410431
0.00000671384953437
0.00000715151420472
0.00000652282079868
0.00000680574863297
0.00000610357816782
0.00000803452967005
0.00000685368393379
0.00000771935559296
0.00000706541776470
0.00000815000988567
0.00000690713582362
0.00000894354191845
0.00000781524225606
0.00000883175781679
0.00000868174127494
0.00000913920296595
0.00001024167908535
0.00000987812607060
0.00000974506697003
0.00000982051467235
0.00000975404322157
0.00001170800412353
0.00000975311480889
0.00000995219685689
0.00001125989788837
