0.00000000000000000
0.00000013810430249
0.00000031786533458
0.00000035312709994
0.00000064708516092
0.00000079302669516
0.00000113277619618
0.00000131261414624
0.00000123193111007
0.00000189560274766
0.00000164025144685
0.00000201477907050
0.00000184616089575
0.00000266552074127
0.00000249866384266
0.00000312948185559
0.00000263308600800
0.00000301226312440
0.00000326417247550
0.00000318202914162
0.00000420212900515
0.00000365714426993
0.00000429808432452
0.00000379296124725
0.00000344622356075
0.00000497287262288
0.00000460833641555
0.00000526553601545
0.00000483670634155
0.00000603231300022
0.00000510501099102
0.00000568793663425
0.00000643798314637
0.00000577898964212
0.00000616570813727
0.00000620898697547
0.00000639005887702
0.00000617125155544
0.00000680574863297
0.00000746369457330
0.00000737515566357
0.00000701154045895
0.00000720917137134
0.00000834788724347
0.00000736050973118
0.00000892717160874
0.00000882900415673
0.00000861729933890
0.00000843295666290
0.00000925458791827
0.00000898491870976
0.00000899508200820
0.00000907233846212
0.00000974506697003
0.00000940486779133
0.00001042571795987
0.00001062259491037
0.00001007792842963
0.00001030212386412
0.00001065672657992
