0.00000000000000000
0.00000020231735770
0.00000038704310546
0.00000065123245991
0.00000072737360157
0.00000105251483199
0.00000103959259658
0.00000141300235673
0.00000166453053098
0.00000142955634129
0.00000226785068300
0.00000167671762784
0.00000191900071609
0.00000243010616463
0.00000216050922925
0.00000312948185559
0.00000322178465203
0.00000332937044612
0.00000360579736121
0.00000367274655090
0.00000360738890992
0.00000401310160176
0.00000414469287062
0.00000478446792623
0.00000433636214760
0.00000430160005831
0.00000429840518393
0.00000548813199338
0.00000519641575368
0.00000512809777221
0.00000573123472053
0.00000598777709186
0.00000603420438189
0.00000586598913082
0.00000644688603840
0.00000701676706972
0.00000660761754208
0.00000687439004193
0.00000636387214500
0.00000705565965166
0.00000730189188507
0.00000819546439769
0.00000712414066774
0.00000743183761578
0.00000755788476981
0.00000807663022553
0.00000859992863330
0.00000923426632570
0.00000896469153476
0.00000846692378369
0.00000875349232548
0.00000974304025449
0.00000925140237511
0.00001051670085699
0.00001044398499387
0.00001031377217016
0.00001038139286300
0.00001027281660207
0.00001086200707569
0.00001027974451214
