0.00000000000000000
0.00000020231735770
0.00000045622087635
0.00000042765343993
0.00000016535451697
0.00000113901087760
0.00000141232699496
0.00000171416698821
0.00000144823082052
0.00000154606794288
0.00000195405106492
0.00000160910533931
0.00000235603963812
0.00000203774853688
0.00000266774114937
0.00000249195777249
0.00000322178465203
0.00000280085824325
0.00000360579736121
0.00000348872752242
0.00000340914221151
0.00000401310160176
0.00000414469287062
0.00000371033569067
0.00000469241758234
0.00000468518438092
0.00000553813011043
0.00000437515210374
0.00000531631889106
0.00000512809777221
0.00000580081513492
0.00000583785686306
0.00000587269287610
0.00000586598913082
0.00000625943410431
0.00000620898697547
0.00000715151420472
0.00000664001054643
0.00000813137809689
0.00000753170039358
0.00000737515566357
0.00000677475567121
0.00000763432488936
0.00000816467731793
0.00000805132236636
0.00000882085393584
0.00000791270206301
0.00000861729933890
0.00000896469153476
0.00000875334710535
0.00000960205573452
0.00000941061436725
0.00000996765802710
0.00001042024662112
0.00001106745531540
0.00000964209743185
0.00001026079183931
0.00001053266749866
0.00000911237203954
0.00001186306919682
