0.00000000000000000
0.00000013810430249
0.00000031786533458
0.00000080028513990
0.00000072737360157
0.00000062003460393
0.00000113277619618
0.00000111183772525
0.00000144823082052
0.00000189560274766
0.00000226785068300
0.00000248806509023
0.00000213752017710
0.00000203774853688
0.00000266774114937
0.00000276518237953
0.00000263308600800
0.00000280085824325
0.00000303642255169
0.00000348872752242
0.00000413604677235
0.00000365714426993
0.00000314764842028
0.00000395821236042
0.00000424734828891
0.00000410980789700
0.00000471164682610
0.00000437515210374
0.00000519641575368
0.00000532185817822
0.00000510501099102
0.00000606273720626
0.00000619571588768
0.00000560499066472
0.00000560335233502
0.00000600704195191
0.00000628127954449
0.00000675720029418
0.00000693199905811
0.00000651161308946
0.00000774147455606
0.00000780082308478
0.00000890978544341
0.00000761504754131
0.00000785394732774
0.00000733240651522
0.00000814177758644
0.00000935765972306
0.00000863235723985
0.00000839531795327
0.00000844492381310
0.00000949372083906
0.00000987812607060
0.00001032379238525
0.00000909313263057
0.00001008988059072
0.00000953718569720
0.00000955822663645
0.00000932232824388
0.00001148608712904
