           8.459
           8.725
           8.444
           7.765
           7.992
           9.866
           9.058
           7.842
           8.463
           9.114
           8.572
           8.468
           9.662
           9.509
           7.860
          10.308
           8.014
           8.543
           8.735
          11.583
           7.915
          10.637
           7.740
           9.438
           7.772
           7.856
           8.159
           8.427
          11.435
           7.872
           8.497
           9.000
           8.122
           7.824
          11.476
           7.900
           9.827
          11.397
          10.116
           7.770
           8.226
          10.342
           7.752
          10.518
          12.340
           7.822
           8.491
          11.641
           7.969
           7.956
           8.388
           8.268
           9.239
           8.916
          11.680
           8.107
           7.918
           7.970
           8.783
           7.980
           7.974
           8.862
           8.825
           7.794
           8.156
           9.375
           8.560
           7.771
           8.203
          10.725
           9.048
           7.981
           8.488
          10.001
           9.676
           9.010
           8.473
          10.046
           9.574
          10.303
           7.951
           9.695
          10.097
           9.032
           9.759
          10.364
          10.479
          10.319
          10.282
           9.552
           8.031
          11.526
          11.742
           9.823
           7.761
           8.680
           8.010
          10.060
           8.019
           8.919
           8.983
