           8.788
          13.542
          13.833
           8.384
           7.353
           8.653
           7.060
           7.509
           9.100
           7.776
          10.996
           7.369
           7.624
          11.380
           9.198
           9.156
           9.189
           7.629
           8.613
           9.514
           9.422
           7.584
           9.376
           8.979
          15.873
          10.809
          10.995
          11.384
          11.813
          13.267
           8.239
           9.049
           7.694
          10.189
           7.363
           7.142
           8.808
           9.737
           7.343
           8.270
           8.288
           7.624
           7.539
           9.046
           7.424
           7.582
           9.268
           8.773
           7.443
           9.567
           7.844
           9.777
          10.575
          11.049
           9.296
           7.991
           7.248
           7.084
           7.833
           8.881
           8.828
           7.253
           8.843
           7.013
           7.573
           9.183
           8.932
           7.735
           9.922
           8.627
           8.700
           7.764
           8.863
           9.330
           8.591
          12.299
           8.768
           9.227
           9.444
           7.453
           7.496
           9.388
           7.604
           7.683
           6.978
           7.794
           7.990
           8.108
           7.726
           8.579
           9.695
           7.017
           7.168
           7.407
           8.688
           7.657
           8.107
           7.438
           7.174
           8.616
           7.552
