           8.497
          10.752
           9.726
           8.473
           8.281
          12.183
           9.816
           9.059
           7.835
           7.751
           8.085
           7.812
           8.821
           9.373
           9.579
          10.664
          10.150
           8.654
          10.715
          10.014
           9.611
           9.331
           8.771
           9.177
           9.982
          11.550
          10.900
          12.687
          14.324
          13.619
          10.689
           8.885
           9.267
           9.632
          11.546
           8.303
           8.564
           8.570
           9.949
          10.349
           8.357
           7.963
           8.408
           8.122
           8.716
           7.812
           7.855
           9.161
           8.771
           9.266
           8.431
           8.629
           8.130
           8.459
           7.787
          13.537
           8.521
           8.547
           8.979
           8.113
           9.441
           8.466
           8.223
           7.854
           9.545
           8.005
           8.557
           9.412
           9.405
           9.804
           8.555
           8.217
           7.803
           9.173
           8.128
           8.367
           8.764
           8.800
           8.225
          10.125
           7.761
           8.738
           8.025
           7.813
          10.557
          13.357
           7.954
           9.431
           8.357
           8.997
           9.473
           9.786
           8.712
           7.848
           9.936
           8.303
          10.198
           8.565
           8.244
           8.571
           8.305
