O0
  naif_rec;         10;      10000;       1.085e+10;          52.489;          90.160;          57.126;           8.760 (15.335 %)
O1
  naif_rec;         10;      10000;       2.725e+21;          33.550;          49.777;          37.381;           4.761 (12.737 %)
O2
  naif_rec;         10;      10000;       3.432e+09;          33.551;          49.744;          37.139;           4.237 (11.409 %)
O3
  naif_rec;         10;      10000;       4.265e+13;          30.849;          39.752;          32.920;           2.808 ( 8.529 %)
Ofast
  naif_rec;         10;      10000;       4.174e+17;           5.791;           8.219;           6.599;           0.777 (11.774 %)
