0.00000000000000000
0.00000013810430249
0.00000024868756369
0.00000065123245991
0.00000064708516092
0.00000079302669516
0.00000094640899699
0.00000131261414624
0.00000134008096529
0.00000177909114607
0.00000182853121769
0.00000181194220491
0.00000250171927880
0.00000219469158798
0.00000300589576278
0.00000267410751052
0.00000312366821136
0.00000301226312440
0.00000394742224692
0.00000330470849394
0.00000360738890992
0.00000379952720266
0.00000452817150537
0.00000404083791700
0.00000478143144102
0.00000449339221961
0.00000440171559447
0.00000482034405959
0.00000513646418499
0.00000551561858422
0.00000580081513492
0.00000553801640545
0.00000587269287610
0.00000586598913082
0.00000654061200544
0.00000610801446369
0.00000715151420472
0.00000722595928518
0.00000686887384554
0.00000664762473001
0.00000715536432808
0.00000709046872154
0.00000805947840738
0.00000788986242962
0.00000775525980843
0.00000818294789843
0.00000791270206301
0.00000867899603758
0.00000903115839374
0.00000853852961410
0.00000929348722214
0.00001032478555716
0.00000996765802710
0.00000897343308306
0.00001065180843438
0.00001008988059072
0.00001098439798142
0.00000968815208474
0.00000960226984966
0.00001020434809859
