0.00000000000000000
0.00000026653041292
0.00000038704310546
0.00000065123245991
0.00000088795048289
0.00000087952274077
0.00000066685819820
0.00000131261414624
0.00000155638067575
0.00000142955634129
0.00000157749152323
0.00000160910533931
0.00000272023873981
0.00000227316311353
0.00000249866384266
0.00000285625724855
0.00000322178465203
0.00000322366800555
0.00000337804743740
0.00000410212428402
0.00000380563560833
0.00000351476133720
0.00000437478005147
0.00000437134014332
0.00000398030671286
0.00000363032749374
0.00000512488846826
0.00000537683400441
0.00000549617359712
0.00000532185817822
0.00000580081513492
0.00000613769732066
0.00000538815835872
0.00000525699270991
0.00000588453023615
0.00000590606944013
0.00000639005887702
0.00000652282079868
0.00000693199905811
0.00000719167129221
0.00000774147455606
0.00000724832524670
0.00000712414066774
0.00000743183761578
0.00000903819755947
0.00000892717160874
0.00000859992863330
0.00000843220924286
0.00000856589038086
0.00000875334710535
0.00000875349232548
0.00001015857261354
0.00001005718998359
0.00000926279579067
0.00000940486779133
0.00001053766374959
0.00001116529951695
0.00000949326391230
0.00000967225525111
0.00001050593375281
