0.00000000000000000
0.00000013810430249
0.00000031786533458
0.00000042765343993
0.00000080766204223
0.00000105251483199
0.00000103959259658
0.00000151339056722
0.00000155638067575
0.00000166257954448
0.00000214233083577
0.00000160910533931
0.00000242887945846
0.00000282246379237
0.00000232958653596
0.00000258303264150
0.00000312366821136
0.00000290656068382
0.00000349192239931
0.00000367274655090
0.00000327697774590
0.00000351476133720
0.00000391460568977
0.00000470184236965
0.00000469241758234
0.00000420570397766
0.00000491826764718
0.00000437515210374
0.00000555612516581
0.00000506351097021
0.00000503543057663
0.00000613769732066
0.00000603420438189
0.00000690998299525
0.00000597825620319
0.00000600704195191
0.00000671639687461
0.00000781190802393
0.00000693199905811
0.00000583155488672
0.00000722862810657
0.00000756403829703
0.00000712414066774
0.00000761504754131
0.00000834738492429
0.00000775767720683
0.00000779816430130
0.00000744506206398
0.00000790122179104
0.00000997064622243
0.00000944777147833
0.00000965993378268
0.00000978859411410
0.00001003442967764
0.00001013224983311
0.00000953015164213
0.00000995928928010
0.00001020785387792
0.00001177181729449
0.00001088291582059
