0.00000000000000000
0.00000026653041292
0.00000031786533458
0.00000050217977992
0.00000064708516092
0.00000131200296883
0.00000103959259658
0.00000091106130427
0.00000112378125484
0.00000189560274766
0.00000151473159962
0.00000235284051317
0.00000213752017710
0.00000250857769017
0.00000258320249601
0.00000230980803446
0.00000292743533002
0.00000301226312440
0.00000326417247550
0.00000336604817010
0.00000314481328030
0.00000394191013539
0.00000383790996282
0.00000420608903016
0.00000424734828891
0.00000439749613896
0.00000491826764718
0.00000482034405959
0.00000513646418499
0.00000448222975221
0.00000593997596370
0.00000531313606225
0.00000627647164058
0.00000603998810823
0.00000597825620319
0.00000630995948725
0.00000606372087944
0.00000593687205994
0.00000598512086959
0.00000780372367467
0.00000744841944207
0.00000693261219637
0.00000729420207495
0.00000880591205731
0.00000745919725049
0.00000786399487973
0.00000814177758644
0.00000744506206398
0.00000942995954763
0.00000982743456160
0.00000913920296595
0.00000907818848001
0.00000871421063612
0.00000993797544177
0.00000992442639260
0.00001020182638044
0.00001032109235116
0.00001020785387792
0.00001051208006846
0.00001043053733925
