1.00000000000000000
19.96931087332431787
398.77337675546885976
7963.22952843524126365
159020.20600895912502892
3175523.92893298016861081
63413024.52254293859004974
1266314400.10839843750000000
25287425919.13180541992187500
504972469365.30194091796875000
10083952223225.95312500000000000
201369576777348.96875000000000000
4021211679096630.00000000000000000
80300826107323072.00000000000000000
1603552159921892096.00000000000000000
32021831583070924800.00000000000000000
639453909615578316800.00000000000000000
12769453910276115005440.00000000000000000
254997194816890505003008.00000000000000000
5092118255124130186657792.00000000000000000
101686092440303557771526144.00000000000000000
2030601191434015566844657664.00000000000000000
40549706451488608337124130816.00000000000000000
809749693951820655963972567040.00000000000000000
16170143368103134036465914216448.00000000000000000
322906619783875041215163685404672.00000000000000000
6448222673518537786640182273900544.00000000000000000
128766563147910169137522206971002880.00000000000000000
2571379529590164883812810482474024960.00000000000000000
51348677199688448455841927044215603200.00000000000000000
1025397697934559055275289424502087221248.00000000000000000
