0.00000000000000000
0.00000005767102208
0.00000008986401049
0.00000023773994127
0.00000000072879767
0.00000007969166948
0.00000036335003888
0.00000057476464384
0.00000008012215048
0.00000005357815039
0.00000057346978344
0.00000057356199843
0.00000037023083567
0.00000026841889168
0.00000027788644079
0.00000093411632857
0.00000089597368538
0.00000032747470595
0.00000085754120141
0.00000058812096848
0.00000080659228315
0.00000093979538442
0.00000065882728242
0.00000173204636025
0.00000127794181955
0.00000115832883860
0.00000090773678705
0.00000177584161649
0.00000183865448279
0.00000178840711799
0.00000212315610128
0.00000112194517199
0.00000059351539002
0.00000190861899187
0.00000155230388317
0.00000175159816496
0.00000262483080291
0.00000288810936131
0.00000168908430120
0.00000096964832593
0.00000170220031622
0.00000210296839956
0.00000131577896847
0.00000247988684779
0.00000182357158137
0.00000256149120026
0.00000214933178499
0.00000253144894690
0.00000253473701517
0.00000226844267156
0.00000167894507048
0.00000198196516093
0.00000243933619152
0.00000295229770829
0.00000144833651521
0.00000174882694272
0.00000164736767425
0.00000256159955354
0.00000345674764266
0.00000311988145488
