0.00000000000000000
0.00000004903490714
0.00000008986401049
0.00000010424379134
0.00000015232845190
0.00000035369910801
0.00000005676509852
0.00000024545039927
0.00000057141191774
0.00000005357815039
0.00000049474261728
0.00000078497141421
0.00000093793755320
0.00000072011875907
0.00000098545163938
0.00000075315871005
0.00000016707387332
0.00000105241757321
0.00000053308786991
0.00000058812096848
0.00000122253078693
0.00000010209233626
0.00000099208946172
0.00000173204636025
0.00000121118695127
0.00000103882237601
0.00000133562451914
0.00000120132903161
0.00000089585478723
0.00000140481011522
0.00000102439408957
0.00000167517376108
0.00000169396599513
0.00000171161319673
0.00000146413253969
0.00000135698105196
0.00000135321221353
0.00000162339394914
0.00000044381308838
0.00000137497922039
0.00000279065264815
0.00000177820534928
0.00000102507894680
0.00000254493927796
0.00000135773674347
0.00000235300350846
0.00000177609119328
0.00000211383274948
0.00000193663430595
0.00000253612778904
0.00000251757570547
0.00000219644236081
0.00000138343744844
0.00000312414315753
0.00000114069390762
0.00000195535839531
0.00000380417545473
0.00000377511282516
0.00000286425692888
0.00000205918773873
