0.00000000000000000
0.00000004903490714
0.00000010116397690
0.00000027523565764
0.00000000072879767
0.00000028519724838
0.00000011808208659
0.00000024545039927
0.00000008012215048
0.00000022948233145
0.00000065219694960
0.00000050309219317
0.00000018099526316
0.00000049426882537
0.00000088437089673
0.00000039124347301
0.00000015688159871
0.00000083493471303
0.00000105221320031
0.00000058812096848
0.00000091057690909
0.00000121902973380
0.00000107540500654
0.00000195577714488
0.00000047688340009
0.00000097906914472
0.00000176351225123
0.00000235035420136
0.00000106727291370
0.00000086777431135
0.00000102439408957
0.00000136782454492
0.00000070356045053
0.00000259813927484
0.00000102327582226
0.00000080451709376
0.00000085869387321
0.00000118074355488
0.00000112305193174
0.00000086831560232
0.00000197431339920
0.00000161582382414
0.00000138845397389
0.00000287020142880
0.00000263878254768
0.00000172754043305
0.00000233595208084
0.00000261497218639
0.00000305807688573
0.00000173307243661
0.00000215816257619
0.00000198196516093
0.00000195938221739
0.00000286637498367
0.00000421711998351
0.00000271264038812
0.00000133925227704
0.00000156872505858
0.00000276550847659
0.00000214757888174
