0.00000000000000000
0.00000004903490714
0.00000000564998320
0.00000001874785819
0.00000030538570148
0.00000042220096764
0.00000005676509852
0.00000024545039927
0.00000047315396429
0.00000014153024092
0.00000080965128192
0.00000008027336160
0.00000093793755320
0.00000026841889168
0.00000007572495547
0.00000057220109153
0.00000073399594937
0.00000025498041923
0.00000111710386661
0.00000047195185329
0.00000070260765720
0.00000019517045272
0.00000107540500654
0.00000180662328846
0.00000121118695127
0.00000062054975697
0.00000144259645216
0.00000139283322657
0.00000115298197693
0.00000102121311246
0.00000191713822408
0.00000124488485845
0.00000147387587410
0.00000210562478700
0.00000155230388317
0.00000135698105196
0.00000099998482759
0.00000156015817853
0.00000191549724898
0.00000117231377316
0.00000215572212119
0.00000194058687442
0.00000138845397389
0.00000189441497626
0.00000170711287189
0.00000172754043305
0.00000214933178499
0.00000294906514433
0.00000275902553112
0.00000266997034778
0.00000191855382333
0.00000208920376087
0.00000215136380704
0.00000329598860677
0.00000175597912280
0.00000285032802317
0.00000312632158087
0.00000167904444691
0.00000237051466740
0.00000214757888174
