0.00000000000000000
0.00000004903490714
0.00000018537800418
0.00000015224400812
0.00000015232845190
0.00000042220096764
0.00000030203305081
0.00000002590756956
0.00000011639375643
0.00000049333860303
0.00000025856111880
0.00000029168277738
0.00000018099526316
0.00000038134385853
0.00000037896718344
0.00000066267990079
0.00000081498481737
0.00000134239472011
0.00000020863453842
0.00000082045919887
0.00000091057690909
0.00000047440480211
0.00000040888064796
0.00000143373864741
0.00000107767721469
0.00000199487407667
0.00000165654031821
0.00000072256854422
0.00000106727291370
0.00000079105491080
0.00000123041196676
0.00000192105313401
0.00000180401105564
0.00000102209291376
0.00000119961850923
0.00000143590447456
0.00000184773055384
0.00000212928011401
0.00000157587782730
0.00000218564100929
0.00000161149595522
0.00000218415916213
0.00000175182900098
0.00000202451983660
0.00000275524125715
0.00000224875966255
0.00000280250282047
0.00000219735598896
0.00000163758295134
0.00000200075755409
0.00000221806476440
0.00000133853356129
0.00000291929016564
0.00000200714773746
0.00000260199629367
0.00000298801565823
0.00000207872923034
0.00000289255771853
0.00000197552085822
0.00000267792573982
