0.00000000000000000
0.00000005767102208
0.00000010116397690
0.00000001874785819
0.00000022885707669
0.00000021669538874
0.00000024071606273
0.00000035522181413
0.00000037489601084
0.00000093309905566
0.00000080965128192
0.00000057356199843
0.00000030715231150
0.00000049426882537
0.00000058112866876
0.00000011980704523
0.00000041004047734
0.00000090742899976
0.00000085754120141
0.00000035578273809
0.00000049463840531
0.00000103287350088
0.00000090877391689
0.00000076254629353
0.00000081065774153
0.00000157660145763
0.00000122865258612
0.00000043531225178
0.00000132440010340
0.00000071433551025
0.00000102439408957
0.00000155223407462
0.00000136383081359
0.00000082508711863
0.00000172864657014
0.00000167267474236
0.00000121192125915
0.00000156015817853
0.00000100984545784
0.00000147631194400
0.00000106726978925
0.00000250892221241
0.00000262392906600
0.00000254493927796
0.00000159065416242
0.00000256149120026
0.00000261588252462
0.00000127860035463
0.00000103948024212
0.00000266997034778
0.00000227796695262
0.00000208920376087
0.00000205537301222
0.00000226491591132
0.00000160215781900
0.00000195535839531
0.00000177061383313
0.00000234096077688
0.00000237051466740
0.00000188240545271
