   1794.763
   1795.248
   1803.656
   1742.910
   1795.296
   1742.463
   1794.928
   1786.825
   1742.805
   1741.976
   1742.850
   1795.207
   1763.309
   1795.127
   1742.891
   1742.843
   1761.581
   1670.969
   1321.214
   1535.314
   1794.839
   1795.074
   1794.979
   1794.541
   1790.185
   1724.899
   1756.109
   1795.072
   1795.144
   1795.104
   1795.634
   1794.960
   1783.549
   1742.161
   1795.390
   1795.163
   1742.790
   1795.533
   1792.727
   1795.400
   1795.554
   1795.104
   1795.923
   1742.447
   1795.709
   1795.405
   1793.259
   1795.602
   1795.605
   1794.832
   1795.719
   1794.924
   1794.774
   1795.216
   1742.428
   1795.219
   1795.533
   1795.109
   1795.664
   1794.621
   1687.706
   1795.392
   1795.875
   1794.813
   1795.051
   1795.369
   1742.492
   1795.502
   1795.463
   1795.939
   1788.853
   1795.664
   1795.171
   1794.792
   1742.616
   1795.330
   1795.036
   1795.335
   1795.191
   1795.628
   1795.194
   1795.131
   1742.029
   1795.652
   1795.588
   1795.946
   1795.586
   1795.555
   1795.304
   1794.769
   1795.584
   1795.203
   1794.926
   1742.750
   1794.821
   1795.687
   1795.682
   1795.574
   1795.861
   1795.003
   1794.940
