    279.513
    282.093
    286.132
    281.601
    285.998
    285.789
    291.751
    280.913
    291.253
    289.932
    290.903
    285.307
    281.900
    277.428
    290.964
    284.076
    277.199
    284.965
    286.565
    286.060
    282.907
    285.600
    283.284
    281.928
    284.842
    283.352
    289.924
    291.965
    291.725
    291.883
    290.811
    288.227
    291.972
    291.281
    291.822
    291.949
    291.911
    291.860
    291.631
    290.731
    291.921
    291.978
    291.861
    291.949
    291.891
    291.903
    291.900
    291.930
    291.840
    291.966
    291.779
    291.838
    291.954
    291.951
    291.795
    291.854
    291.862
    291.912
    291.785
    291.956
    291.909
    292.020
    291.846
    292.027
    291.811
    291.970
    291.837
    290.247
    291.945
    292.001
    287.540
    292.005
    291.807
    291.728
    291.685
    291.953
    291.870
    291.855
    291.884
    291.966
    291.410
    291.947
    291.990
    292.088
    291.557
    291.963
    291.932
    291.911
    291.532
    291.989
    289.610
    291.062
    289.677
    290.756
    291.284
    291.587
    290.376
    291.968
    291.476
    291.743
    291.922
