   1572.120
   1795.286
   1795.159
   1795.225
   1795.284
   1789.464
   1786.074
   1791.818
   1794.694
   1790.989
   1795.244
   1795.035
   1795.223
   1795.290
   1791.941
   1795.354
   1795.276
   1752.940
   1795.113
   1791.195
   1794.970
   1794.851
   1795.339
   1795.285
   1794.952
   1795.292
   1794.937
   1795.199
   1795.309
   1793.450
   1794.365
   1755.543
   1795.170
   1795.125
   1596.606
   1795.481
   1795.422
   1654.313
   1795.436
   1795.004
   1795.157
   1795.298
   1795.469
   1795.266
   1795.254
   1795.232
   1794.311
   1795.332
   1794.325
   1795.266
   1794.292
   1795.257
   1794.969
   1795.310
   1795.284
   1795.254
   1795.304
   1795.364
   1772.987
   1795.304
   1795.294
   1777.285
   1795.108
   1795.395
   1794.879
   1795.345
   1792.879
   1432.299
   1795.276
   1758.398
   1795.292
   1494.766
   1654.305
   1795.282
   1795.404
   1464.122
   1787.769
   1795.213
   1795.307
   1425.479
   1795.290
   1794.848
   1490.883
   1392.781
   1795.021
   1795.154
   1794.726
   1757.439
   1392.238
   1795.187
   1795.068
   1795.191
   1794.713
   1762.155
   1529.620
   1794.952
   1795.089
   1794.640
   1789.714
   1794.924
   1790.384
