          10.371
           6.198
           6.906
           6.198
           8.267
           6.606
           6.955
           6.678
          12.977
           7.919
           6.934
           6.648
           7.635
          11.029
          13.523
          11.729
           7.282
           7.478
           6.652
           7.531
           7.840
           8.397
           8.091
           7.171
           6.546
           6.588
           6.802
           7.391
           8.920
           6.680
           6.577
           6.795
           7.437
           8.716
           7.633
           6.480
           6.197
           6.832
           6.924
           9.890
          12.649
           7.324
           7.052
           6.582
           6.740
           7.114
           6.833
           6.582
           6.832
           6.387
           7.153
           9.086
           8.054
           6.626
           7.096
           7.008
           7.957
           7.262
           6.669
           6.197
           6.621
           7.767
           9.985
           9.213
           6.706
           6.662
           9.279
           8.172
           6.554
           6.412
           6.881
           8.575
           6.796
           6.609
           6.839
           7.662
           6.588
           8.095
           8.419
           6.199
           6.743
           6.588
           8.428
           8.792
           8.438
           7.991
           8.097
          20.603
          11.851
          13.116
           7.274
           6.890
           7.131
           8.580
           6.297
           7.314
           6.998
           6.293
          10.022
           6.970
           6.582
