0.02053546905517578
0.008385419845581055
0.0025849342346191406
0.002587556838989258
0.0025501251220703125
0.002571582794189453
0.002529621124267578
0.002568483352661133
0.002536773681640625
0.002561807632446289
0.0027070045471191406
0.002641916275024414
0.0025382041931152344
0.00254058837890625
0.0025453567504882812
0.002574920654296875
0.0025267601013183594
0.002610445022583008
0.0024902820587158203
0.0025839805603027344
0.020250558853149414
0.008305072784423828
0.002693653106689453
0.002638578414916992
0.002650022506713867
0.0026154518127441406
0.002576112747192383
0.002694845199584961
0.0026273727416992188
0.002645730972290039
0.00258636474609375
0.0026159286499023438
0.0026547908782958984
0.0026023387908935547
0.0026519298553466797
0.0025720596313476562
0.0025987625122070312
0.002572298049926758
0.0026454925537109375
0.002664804458618164
0.0220334529876709
0.00851583480834961
0.0025587081909179688
0.0026018619537353516
0.0025436878204345703
0.0025551319122314453
0.0025446414947509766
0.0025331974029541016
0.0025544166564941406
0.002605915069580078
0.0025260448455810547
0.002511739730834961
0.0025899410247802734
0.0025243759155273438
0.002593994140625
0.002550363540649414
0.002567291259765625
0.0025625228881835938
0.002625703811645508
0.0025069713592529297
0.02040553092956543
0.008216381072998047
0.002558469772338867
0.002573728561401367
0.002564668655395508
0.0025446414947509766
0.002535104751586914
0.002569437026977539
0.002535581588745117
0.0025234222412109375
0.002527475357055664
0.002541780471801758
0.0026426315307617188
0.0026214122772216797
0.002574443817138672
0.002573728561401367
0.0026001930236816406
0.0025391578674316406
0.0025026798248291016
0.002562284469604492
0.02054309844970703
0.008208990097045898
0.002574443817138672
0.0025205612182617188
0.002624034881591797
0.0026175975799560547
0.0025894641876220703
0.0025839805603027344
0.002611875534057617
0.002529144287109375
0.002541065216064453
0.002528667449951172
0.002562999725341797
0.002541780471801758
0.0025255680084228516
0.002589702606201172
0.0025365352630615234
0.0025348663330078125
0.002556324005126953
0.002532482147216797
0.02089095115661621
0.008707284927368164
0.0025947093963623047
0.002536773681640625
0.0025811195373535156
0.002620220184326172
0.0025238990783691406
0.002552032470703125
0.002538919448852539
0.0025222301483154297
0.0025806427001953125
0.0025496482849121094
0.0025131702423095703
0.0026133060455322266
0.0025315284729003906
0.0025110244750976562
0.002537965774536133
0.0024857521057128906
0.0025141239166259766
0.0025489330291748047
0.020180463790893555
0.008286237716674805
0.002592802047729492
0.002640962600708008
0.002600431442260742
0.0027000904083251953
0.002661466598510742
0.002674579620361328
0.002759218215942383
0.0026750564575195312
0.002626180648803711
0.002657651901245117
0.002657651901245117
0.002626657485961914
0.0026617050170898438
0.0026483535766601562
0.002628326416015625
0.0026748180389404297
0.002656698226928711
0.00267791748046875
0.02123856544494629
0.008177042007446289
0.0025801658630371094
0.002532958984375
0.002512216567993164
0.0025157928466796875
0.0025246143341064453
0.002501249313354492
0.002490997314453125
0.0025968551635742188
0.002568483352661133
0.0025434494018554688
0.0025315284729003906
0.002559185028076172
0.0024995803833007812
0.002530813217163086
0.0025539398193359375
0.0025327205657958984
0.0025293827056884766
0.002551555633544922
0.02093982696533203
0.008150577545166016
0.0025522708892822266
0.0025632381439208984
0.0025377273559570312
0.0025320053100585938
0.0025026798248291016
0.0025022029876708984
0.002527952194213867
0.0025098323822021484
0.002489328384399414
0.002521991729736328
0.0025434494018554688
0.0025398731231689453
0.0025348663330078125
0.0025281906127929688
0.0025260448455810547
0.002534627914428711
0.002500295639038086
0.0025284290313720703
0.020481109619140625
0.008320331573486328
0.002481222152709961
0.002555370330810547
0.0025374889373779297
0.0025751590728759766
0.002599954605102539
0.0025768280029296875
0.0025551319122314453
0.002620697021484375
0.0025599002838134766
0.0025663375854492188
0.0026311874389648438
0.002490997314453125
0.002557992935180664
0.002640962600708008
0.0025625228881835938
0.0026063919067382812
0.0026328563690185547
0.0026197433471679688
0.022586345672607422
0.008392572402954102
0.0027060508728027344
0.0027124881744384766
0.0025763511657714844
0.0027108192443847656
0.002676248550415039
0.0025870800018310547
0.0025663375854492188
0.002747774124145508
0.0026848316192626953
0.0026891231536865234
0.00263214111328125
0.0026144981384277344
0.0025856494903564453
0.002640962600708008
0.002678394317626953
0.0026824474334716797
0.00274658203125
0.002704620361328125
0.02039313316345215
0.008241653442382812
0.002650022506713867
0.002644777297973633
0.0025794506072998047
0.0026111602783203125
0.0025930404663085938
0.0025806427001953125
0.0025930404663085938
0.0025789737701416016
0.00264739990234375
0.0026009082794189453
0.002602100372314453
0.0026106834411621094
0.002629995346069336
0.0026426315307617188
0.002560853958129883
0.0026063919067382812
0.002590179443359375
0.0026466846466064453
0.020256519317626953
0.008349418640136719
0.002671957015991211
0.0026428699493408203
0.002680063247680664
0.0026416778564453125
0.002627849578857422
0.002661466598510742
0.0026619434356689453
0.002588510513305664
0.0026807785034179688
0.002680063247680664
0.002620220184326172
0.0026831626892089844
0.0026247501373291016
0.0026116371154785156
0.0026874542236328125
0.0026102066040039062
0.0026040077209472656
0.002710103988647461
0.021394968032836914
0.008374691009521484
0.0025529861450195312
0.002635955810546875
0.002547025680541992
0.0026924610137939453
0.002554655075073242
0.002611875534057617
0.0026319026947021484
0.0025436878204345703
0.0026428699493408203
0.002597808837890625
0.0025768280029296875
0.0026018619537353516
0.0025849342346191406
0.0026094913482666016
0.002585887908935547
0.002611875534057617
0.002616405487060547
0.0025522708892822266
0.021183490753173828
0.00859975814819336
0.0026574134826660156
0.002628803253173828
0.00266265869140625
0.0026884078979492188
0.0026493072509765625
0.002705812454223633
0.002659320831298828
0.0026547908782958984
0.0026895999908447266
0.0025968551635742188
0.002615213394165039
0.00258636474609375
0.0026466846466064453
0.0026102066040039062
0.0026993751525878906
0.002638101577758789
0.002583742141723633
0.0026450157165527344
0.0205996036529541
0.00836181640625
0.002619028091430664
0.002655029296875
0.0025370121002197266
0.0025489330291748047
0.002580881118774414
0.002551555633544922
0.002563953399658203
0.002585887908935547
0.0025916099548339844
0.002618551254272461
0.0025200843811035156
0.002596139907836914
0.0026044845581054688
0.0025453567504882812
0.002574920654296875
0.0025920867919921875
0.0025725364685058594
0.0025916099548339844
0.021501779556274414
0.008201837539672852
0.002695798873901367
0.0025587081909179688
0.0026786327362060547
0.0026891231536865234
0.002660512924194336
0.0025572776794433594
0.0026569366455078125
0.002597332000732422
0.002599477767944336
0.002581357955932617
0.0026586055755615234
0.0025954246520996094
0.002629518508911133
0.002658843994140625
0.0026540756225585938
0.0025396347045898438
0.002691030502319336
0.002590656280517578
0.0199582576751709
0.008185863494873047
0.002583026885986328
0.002538442611694336
0.0025320053100585938
0.0025682449340820312
0.0025370121002197266
0.0025229454040527344
0.00249481201171875
0.0025343894958496094
0.00251007080078125
0.002559661865234375
0.0025327205657958984
0.0025606155395507812
0.0024979114532470703
0.0025408267974853516
0.0025687217712402344
0.0025594234466552734
0.002529621124267578
0.002567768096923828
0.020419597625732422
0.008253097534179688
0.0026781558990478516
0.0026311874389648438
0.002665996551513672
0.0027048587799072266
0.0026476383209228516
0.0026063919067382812
0.0025963783264160156
0.0026192665100097656
0.002627849578857422
0.0026476383209228516
0.0026481151580810547
0.0026273727416992188
0.0027060508728027344
0.0025641918182373047
0.002618551254272461
0.0025441646575927734
0.0026383399963378906
0.0025281906127929688
0.020599842071533203
0.008310317993164062
0.0025718212127685547
0.002638578414916992
0.002610445022583008
0.002659320831298828
0.002703428268432617
0.00261688232421875
0.002573251724243164
0.0025844573974609375
0.0026907920837402344
0.0026273727416992188
0.0026521682739257812
0.0026836395263671875
0.002653360366821289
0.002645730972290039
0.002640247344970703
0.0025815963745117188
0.002609729766845703
0.0026578903198242188
0.020339012145996094
0.00821828842163086
0.002641916275024414
0.002540111541748047
0.0025339126586914062
0.002544403076171875
0.002599477767944336
0.002544879913330078
0.002540111541748047
0.0025262832641601562
0.0025322437286376953
0.002600431442260742
0.0026445388793945312
0.0025682449340820312
0.002635478973388672
0.0025758743286132812
0.0025844573974609375
0.0025861263275146484
0.002660512924194336
0.0025899410247802734
0.020667314529418945
0.008257150650024414
0.0026941299438476562
0.0026154518127441406
0.0026307106018066406
0.0026941299438476562
0.0026540756225585938
0.0026328563690185547
0.002650737762451172
0.002619028091430664
0.002591371536254883
0.0026450157165527344
0.0026540756225585938
0.0026361942291259766
0.0026268959045410156
0.002634763717651367
0.002648591995239258
0.002622365951538086
0.0026476383209228516
0.002644777297973633
0.020077228546142578
0.008224964141845703
0.002619028091430664
0.0025420188903808594
0.0025691986083984375
0.002580404281616211
0.0025854110717773438
0.0025382041931152344
0.002534627914428711
0.0025305747985839844
0.0025794506072998047
0.002547025680541992
0.0025391578674316406
0.0025353431701660156
0.0025081634521484375
0.0025212764739990234
0.0025179386138916016
0.0025787353515625
0.0025653839111328125
0.0025839805603027344
0.021399259567260742
0.00828862190246582
0.002557992935180664
0.002544403076171875
0.0025517940521240234
0.002526998519897461
0.0024976730346679688
0.0025360584259033203
0.0025222301483154297
0.002502918243408203
0.002531766891479492
0.0025200843811035156
0.0025293827056884766
0.0025818347930908203
0.002526521682739258
0.0026025772094726562
0.0025568008422851562
0.002530336380004883
0.002547025680541992
0.002552509307861328
0.021530628204345703
0.008496522903442383
0.0026025772094726562
0.002677440643310547
0.0026633739471435547
0.002568960189819336
0.002599954605102539
0.0026314258575439453
0.0026175975799560547
0.002554178237915039
0.002638101577758789
0.002599954605102539
0.0025277137756347656
0.002691984176635742
0.0025773048400878906
0.0026383399963378906
0.0026421546936035156
0.002588987350463867
0.0025506019592285156
0.002555370330810547
0.021332502365112305
0.008219718933105469
0.0025599002838134766
0.0025610923767089844
0.0025377273559570312
0.0025475025177001953
0.002529144287109375
0.0025320053100585938
0.0024912357330322266
0.002524137496948242
0.0025968551635742188
0.0025343894958496094
0.0025496482849121094
0.0025403499603271484
0.0025589466094970703
0.0025224685668945312
0.002523660659790039
0.002565622329711914
0.0025506019592285156
0.002546072006225586
0.02013683319091797
0.008196353912353516
0.002567768096923828
0.002602815628051758
0.002591371536254883
0.0025568008422851562
0.002539396286010742
0.0025565624237060547
0.002530813217163086
0.0026056766510009766
0.0026144981384277344
0.0025398731231689453
0.0025336742401123047
0.002595663070678711
0.0025811195373535156
0.0025823116302490234
0.002596616744995117
0.0025534629821777344
0.0025315284729003906
0.0025794506072998047
0.021773576736450195
0.008354902267456055
0.002550840377807617
0.002593517303466797
0.0025284290313720703
0.002550840377807617
0.002579212188720703
0.002537965774536133
0.0025186538696289062
0.002603769302368164
0.0025186538696289062
0.002597808837890625
0.002597332000732422
0.0025246143341064453
0.002512216567993164
0.0026352405548095703
0.002524137496948242
0.0025026798248291016
0.0025873184204101562
0.0025632381439208984
0.02037787437438965
0.008212566375732422
0.0026841163635253906
0.0026731491088867188
0.002711772918701172
0.002681732177734375
0.0025823116302490234
0.0026030540466308594
0.0026710033416748047
0.0026586055755615234
0.0026521682739257812
0.0026862621307373047
0.002631664276123047
0.002611875534057617
0.0026476383209228516
0.0026361942291259766
0.0026121139526367188
0.002633810043334961
0.002683401107788086
0.0026175975799560547
0.022164344787597656
0.008547544479370117
0.0026092529296875
0.0025501251220703125
0.0026023387908935547
0.0025663375854492188
0.0025222301483154297
0.00257110595703125
0.0025560855865478516
0.002531290054321289
0.0025424957275390625
0.002608060836791992
0.0026063919067382812
0.0025768280029296875
0.0025796890258789062
0.002579927444458008
0.002546072006225586
0.002588033676147461
0.0025680065155029297
0.0025358200073242188
0.020420074462890625
0.008232593536376953
0.002561807632446289
0.0025839805603027344
0.0025653839111328125
0.002565622329711914
0.002591848373413086
0.0025620460510253906
0.0025420188903808594
0.002562999725341797
0.0025277137756347656
0.0025506019592285156
0.0025441646575927734
0.002565145492553711
0.002550363540649414
0.0025589466094970703
0.0025382041931152344
0.0025479793548583984
0.0025434494018554688
0.0026111602783203125
0.020141124725341797
0.008333683013916016
0.002612590789794922
0.002538919448852539
0.0025069713592529297
0.0025186538696289062
0.002526998519897461
0.0025169849395751953
0.002590656280517578
0.0025360584259033203
0.002597808837890625
0.0026023387908935547
0.00260162353515625
0.002512693405151367
0.002561330795288086
0.0026044845581054688
0.002518177032470703
0.0025615692138671875
0.002542734146118164
0.002562999725341797
0.020159482955932617
0.008339405059814453
0.002565145492553711
0.002572298049926758
0.002724885940551758
0.0026216506958007812
0.002603769302368164
0.0025691986083984375
0.0025610923767089844
0.002649545669555664
0.002607583999633789
0.002620697021484375
0.0025959014892578125
0.0026149749755859375
0.0025730133056640625
0.002596139907836914
0.0026128292083740234
0.002567291259765625
0.0026497840881347656
0.0026483535766601562
