naif	894.0	1712931757.40157103538513184	1712931757.54775142669677734
naif	894.0	1712931757.54786491394042969	1712931757.68791246414184570
naif	894.0	1712931757.68802809715270996	1712931757.82507252693176270
naif	894.0	1712931757.82519483566284180	1712931757.95959138870239258
naif	894.0	1712931757.95970749855041504	1712931758.09976863861083984
naif	894.0	1712931758.09987688064575195	1712931758.23621177673339844
naif	894.0	1712931758.23632311820983887	1712931758.36984181404113770
naif	894.0	1712931758.36996412277221680	1712931758.50464773178100586
naif	894.0	1712931758.50475835800170898	1712931758.64064311981201172
naif	894.0	1712931758.64075350761413574	1712931758.77480888366699219
naif	894.0	1712931758.77493381500244141	1712931758.90828776359558105
naif	894.0	1712931758.90839552879333496	1712931759.04604983329772949
naif	894.0	1712931759.04616022109985352	1712931759.18254542350769043
naif	894.0	1712931759.18265700340270996	1712931759.31776785850524902
naif	894.0	1712931759.31787562370300293	1712931759.45248389244079590
naif	894.0	1712931759.45260000228881836	1712931759.58703541755676270
naif	894.0	1712931759.58714199066162109	1712931759.72256779670715332
naif	894.0	1712931759.72267794609069824	1712931759.85821151733398438
naif	894.0	1712931759.85831975936889648	1712931759.99333310127258301
naif	894.0	1712931759.99345469474792480	1712931760.12800812721252441
naif	894.0	1712931789.87754917144775391	1712931790.02767348289489746
naif	894.0	1712931790.02774977684020996	1712931790.17167019844055176
naif	894.0	1712931790.17172813415527344	1712931790.31324958801269531
naif	894.0	1712931790.31336402893066406	1712931790.45029711723327637
naif	894.0	1712931790.45041322708129883	1712931790.58225870132446289
naif	894.0	1712931790.58238148689270020	1712931790.71705293655395508
naif	894.0	1712931790.71716213226318359	1712931790.85256528854370117
naif	894.0	1712931790.85267424583435059	1712931790.98898863792419434
naif	894.0	1712931790.98909807205200195	1712931791.12909102439880371
naif	894.0	1712931791.12920165061950684	1712931791.27071070671081543
naif	894.0	1712931791.27082014083862305	1712931791.40723228454589844
naif	894.0	1712931791.40735006332397461	1712931791.54371786117553711
naif	894.0	1712931791.54383397102355957	1712931791.68053340911865234
naif	894.0	1712931791.68064785003662109	1712931791.81650638580322266
naif	894.0	1712931791.81661820411682129	1712931791.94916582107543945
naif	894.0	1712931791.94927811622619629	1712931792.07883572578430176
naif	894.0	1712931792.07894682884216309	1712931792.21197533607482910
naif	894.0	1712931792.21208238601684570	1712931792.35167813301086426
naif	894.0	1712931792.35174989700317383	1712931792.49284934997558594
naif	894.0	1712931792.49295902252197266	1712931792.63286471366882324
naif	6228.0	1712931822.08348631858825684	1712931822.23599720001220703
naif	6228.0	1712931822.23611593246459961	1712931822.38277316093444824
naif	6228.0	1712931822.38288640975952148	1712931822.52081775665283203
naif	6228.0	1712931822.52094030380249023	1712931822.66171550750732422
naif	6228.0	1712931822.66182470321655273	1712931822.79677772521972656
naif	6228.0	1712931822.79688978195190430	1712931822.93137669563293457
naif	6228.0	1712931822.93148612976074219	1712931823.06690955162048340
naif	6228.0	1712931823.06703186035156250	1712931823.20148181915283203
naif	6228.0	1712931823.20159602165222168	1712931823.33573913574218750
naif	6228.0	1712931823.33585309982299805	1712931823.47011899948120117
naif	6228.0	1712931823.47023200988769531	1712931823.60813951492309570
naif	6228.0	1712931823.60825181007385254	1712931823.74396467208862305
naif	6228.0	1712931823.74407601356506348	1712931823.87908864021301270
naif	6228.0	1712931823.87919616699218750	1712931824.01435518264770508
naif	6228.0	1712931824.01447677612304688	1712931824.14895820617675781
naif	6228.0	1712931824.14907026290893555	1712931824.28418827056884766
naif	6228.0	1712931824.28431105613708496	1712931824.42383408546447754
naif	6228.0	1712931824.42394757270812988	1712931824.56187057495117188
naif	6228.0	1712931824.56198048591613770	1712931824.69695234298706055
naif	6228.0	1712931824.69707465171813965	1712931824.83215761184692383
naif	338.5	1712931854.64086174964904785	1712931854.78939700126647949
naif	338.5	1712931854.78951668739318848	1712931854.93153858184814453
naif	338.5	1712931854.93166637420654297	1712931855.06754732131958008
naif	338.5	1712931855.06768107414245605	1712931855.20417213439941406
naif	338.5	1712931855.20427703857421875	1712931855.34186625480651855
naif	338.5	1712931855.34197616577148438	1712931855.47893691062927246
naif	338.5	1712931855.47905278205871582	1712931855.61528420448303223
naif	338.5	1712931855.61540269851684570	1712931855.75060892105102539
naif	338.5	1712931855.75072526931762695	1712931855.88631868362426758
naif	338.5	1712931855.88643336296081543	1712931856.02145314216613770
naif	338.5	1712931856.02156400680541992	1712931856.15781998634338379
naif	338.5	1712931856.15793871879577637	1712931856.29765820503234863
naif	338.5	1712931856.29777312278747559	1712931856.43591284751892090
naif	338.5	1712931856.43603897094726562	1712931856.57419753074645996
naif	338.5	1712931856.57430100440979004	1712931856.71325826644897461
naif	338.5	1712931856.71336317062377930	1712931856.85627985000610352
naif	338.5	1712931856.85639882087707520	1712931856.99981355667114258
naif	338.5	1712931856.99992632865905762	1712931857.13508200645446777
naif	338.5	1712931857.13520097732543945	1712931857.27131819725036621
naif	338.5	1712931857.27143335342407227	1712931857.40710020065307617
naif	338.5	1712931886.85479235649108887	1712931886.99514746665954590
naif	338.5	1712931886.99526190757751465	1712931887.12958359718322754
naif	338.5	1712931887.12969350814819336	1712931887.26527523994445801
naif	338.5	1712931887.26537942886352539	1712931887.40031576156616211
naif	338.5	1712931887.40042281150817871	1712931887.53535556793212891
naif	338.5	1712931887.53547453880310059	1712931887.67049312591552734
naif	338.5	1712931887.67061352729797363	1712931887.80558753013610840
naif	338.5	1712931887.80571651458740234	1712931887.94063663482666016
naif	338.5	1712931887.94074773788452148	1712931888.07540655136108398
naif	338.5	1712931888.07552695274353027	1712931888.21083402633666992
naif	338.5	1712931888.21095108985900879	1712931888.34562015533447266
naif	338.5	1712931888.34573817253112793	1712931888.48079299926757812
naif	338.5	1712931888.48090386390686035	1712931888.61639499664306641
naif	338.5	1712931888.61650753021240234	1712931888.75185012817382812
naif	338.5	1712931888.75196623802185059	1712931888.88685464859008789
naif	338.5	1712931888.88696599006652832	1712931889.02156496047973633
naif	338.5	1712931889.02167582511901855	1712931889.15573525428771973
naif	338.5	1712931889.15585732460021973	1712931889.28766512870788574
naif	338.5	1712931889.28773283958435059	1712931889.42296338081359863
naif	338.5	1712931889.42308092117309570	1712931889.55840730667114258
naif	6228.0	1712931919.39387750625610352	1712931919.54121780395507812
naif	6228.0	1712931919.54132890701293945	1712931919.68170785903930664
naif	6228.0	1712931919.68183159828186035	1712931919.81615138053894043
naif	6228.0	1712931919.81625986099243164	1712931919.95125269889831543
naif	6228.0	1712931919.95137643814086914	1712931920.08699965476989746
naif	6228.0	1712931920.08712148666381836	1712931920.22268342971801758
naif	6228.0	1712931920.22279715538024902	1712931920.35896706581115723
naif	6228.0	1712931920.35908246040344238	1712931920.49347352981567383
naif	6228.0	1712931920.49358773231506348	1712931920.62853169441223145
naif	6228.0	1712931920.62864995002746582	1712931920.76684904098510742
naif	6228.0	1712931920.76697111129760742	1712931920.91068673133850098
naif	6228.0	1712931920.91080498695373535	1712931921.04834866523742676
naif	6228.0	1712931921.04845905303955078	1712931921.18224382400512695
naif	6228.0	1712931921.18235182762145996	1712931921.32262730598449707
naif	6228.0	1712931921.32274961471557617	1712931921.45820093154907227
naif	6228.0	1712931921.45832324028015137	1712931921.59417057037353516
naif	6228.0	1712931921.59427690505981445	1712931921.72880625724792480
naif	6228.0	1712931921.72891569137573242	1712931921.86445355415344238
naif	6228.0	1712931921.86456489562988281	1712931921.99943947792053223
naif	6228.0	1712931921.99955439567565918	1712931922.13569688796997070
naif	6.70703125	1712931951.92118334770202637	1712931952.07476758956909180
naif	6.70703125	1712931952.07489228248596191	1712931952.22173857688903809
naif	6.70703125	1712931952.22184967994689941	1712931952.36387968063354492
naif	6.70703125	1712931952.36399698257446289	1712931952.50448203086853027
naif	6.70703125	1712931952.50460362434387207	1712931952.64574146270751953
naif	6.70703125	1712931952.64585328102111816	1712931952.78094744682312012
naif	6.70703125	1712931952.78107118606567383	1712931952.91252374649047852
naif	6.70703125	1712931952.91263556480407715	1712931953.04265832901000977
naif	6.70703125	1712931953.04276847839355469	1712931953.17851972579956055
naif	6.70703125	1712931953.17863106727600098	1712931953.30954837799072266
naif	6.70703125	1712931953.30966544151306152	1712931953.44384860992431641
naif	6.70703125	1712931953.44396305084228516	1712931953.57943081855773926
naif	6.70703125	1712931953.57954144477844238	1712931953.71561241149902344
naif	6.70703125	1712931953.71573114395141602	1712931953.85185551643371582
naif	6.70703125	1712931953.85196900367736816	1712931953.98721146583557129
naif	6.70703125	1712931953.98733472824096680	1712931954.12153935432434082
naif	6.70703125	1712931954.12165498733520508	1712931954.25124907493591309
naif	6.70703125	1712931954.25136041641235352	1712931954.38449406623840332
naif	6.70703125	1712931954.38460564613342285	1712931954.52241849899291992
naif	6.70703125	1712931954.52252817153930664	1712931954.66094207763671875
naif	2366.0	1712931984.19770812988281250	1712931984.35110902786254883
naif	2366.0	1712931984.35123419761657715	1712931984.49276804924011230
naif	2366.0	1712931984.49289035797119141	1712931984.62606072425842285
naif	2366.0	1712931984.62618064880371094	1712931984.75574350357055664
naif	2366.0	1712931984.75586247444152832	1712931984.88541650772094727
naif	2366.0	1712931984.88552784919738770	1712931985.02156925201416016
naif	2366.0	1712931985.02167940139770508	1712931985.15729188919067383
naif	2366.0	1712931985.15740132331848145	1712931985.29315614700317383
naif	2366.0	1712931985.29327869415283203	1712931985.42905044555664062
naif	2366.0	1712931985.42916560173034668	1712931985.56453156471252441
naif	2366.0	1712931985.56464290618896484	1712931985.70083689689636230
naif	2366.0	1712931985.70094728469848633	1712931985.83664107322692871
naif	2366.0	1712931985.83675026893615723	1712931985.97227716445922852
naif	2366.0	1712931985.97238802909851074	1712931986.10802388191223145
naif	2366.0	1712931986.10813570022583008	1712931986.24144053459167480
naif	2366.0	1712931986.24155116081237793	1712931986.37324047088623047
naif	2366.0	1712931986.37334752082824707	1712931986.50824093818664551
naif	2366.0	1712931986.50835824012756348	1712931986.64356303215026855
naif	2366.0	1712931986.64368820190429688	1712931986.77392196655273438
naif	2366.0	1712931986.77403187751770020	1712931986.90362095832824707
naif	6228.0	1712932016.33918666839599609	1712932016.48382163047790527
naif	6228.0	1712932016.48393821716308594	1712932016.62344193458557129
naif	6228.0	1712932016.62355375289916992	1712932016.75949168205261230
naif	6228.0	1712932016.75959992408752441	1712932016.89508986473083496
naif	6228.0	1712932016.89519953727722168	1712932017.03005886077880859
naif	6228.0	1712932017.03017044067382812	1712932017.16466093063354492
naif	6228.0	1712932017.16478490829467773	1712932017.30559778213500977
naif	6228.0	1712932017.30571293830871582	1712932017.44814872741699219
naif	6228.0	1712932017.44825530052185059	1712932017.58811235427856445
naif	6228.0	1712932017.58823084831237793	1712932017.72306632995605469
naif	6228.0	1712932017.72318148612976074	1712932017.86063933372497559
naif	6228.0	1712932017.86074876785278320	1712932018.00000286102294922
naif	6228.0	1712932018.00011420249938965	1712932018.12967038154602051
naif	6228.0	1712932018.12978386878967285	1712932018.25935888290405273
naif	6228.0	1712932018.25947403907775879	1712932018.38903927803039551
naif	6228.0	1712932018.38915014266967773	1712932018.51870727539062500
naif	6228.0	1712932018.51882290840148926	1712932018.64851689338684082
naif	6228.0	1712932018.64862513542175293	1712932018.78418922424316406
naif	6228.0	1712932018.78429484367370605	1712932018.92044639587402344
naif	6228.0	1712932018.92055869102478027	1712932019.05066561698913574
naif	2366.0	1712932048.97824764251708984	1712932049.13324093818664551
naif	2366.0	1712932049.13335609436035156	1712932049.28190803527832031
naif	2366.0	1712932049.28202128410339355	1712932049.42099642753601074
naif	2366.0	1712932049.42110872268676758	1712932049.55600285530090332
naif	2366.0	1712932049.55611801147460938	1712932049.69371175765991211
naif	2366.0	1712932049.69382739067077637	1712932049.83576917648315430
naif	2366.0	1712932049.83588337898254395	1712932049.97920393943786621
naif	2366.0	1712932049.97931790351867676	1712932050.12226176261901855
naif	2366.0	1712932050.12236905097961426	1712932050.25747656822204590
naif	2366.0	1712932050.25758910179138184	1712932050.38846325874328613
naif	2366.0	1712932050.38857364654541016	1712932050.51912569999694824
naif	2366.0	1712932050.51923632621765137	1712932050.65009188652038574
naif	2366.0	1712932050.65020823478698730	1712932050.78185725212097168
naif	2366.0	1712932050.78196501731872559	1712932050.91404533386230469
naif	2366.0	1712932050.91416215896606445	1712932051.04969501495361328
naif	2366.0	1712932051.04980230331420898	1712932051.18734192848205566
naif	2366.0	1712932051.18745136260986328	1712932051.32084369659423828
naif	2366.0	1712932051.32096600532531738	1712932051.45275616645812988
naif	2366.0	1712932051.45286440849304199	1712932051.58448743820190430
naif	2366.0	1712932051.58459544181823730	1712932051.71683096885681152
naif	18.0	1712932081.44896721839904785	1712932081.59569859504699707
naif	18.0	1712932081.59580397605895996	1712932081.73506641387939453
naif	18.0	1712932081.73517751693725586	1712932081.86961054801940918
naif	18.0	1712932081.86972212791442871	1712932082.00340342521667480
naif	18.0	1712932082.00352001190185547	1712932082.13836026191711426
naif	18.0	1712932082.13846564292907715	1712932082.27469944953918457
naif	18.0	1712932082.27481412887573242	1712932082.40963816642761230
naif	18.0	1712932082.40975999832153320	1712932082.54413986206054688
naif	18.0	1712932082.54425072669982910	1712932082.67967844009399414
naif	18.0	1712932082.67975425720214844	1712932082.81213450431823730
naif	18.0	1712932082.81224918365478516	1712932082.94464731216430664
naif	18.0	1712932082.94475769996643066	1712932083.08049416542053223
naif	18.0	1712932083.08060574531555176	1712932083.21943163871765137
naif	18.0	1712932083.21954488754272461	1712932083.35526323318481445
naif	18.0	1712932083.35537934303283691	1712932083.48946070671081543
naif	18.0	1712932083.48957395553588867	1712932083.62414479255676270
naif	18.0	1712932083.62425684928894043	1712932083.75899100303649902
naif	18.0	1712932083.75911521911621094	1712932083.89383387565612793
naif	18.0	1712932083.89394736289978027	1712932084.02875876426696777
naif	18.0	1712932084.02886867523193359	1712932084.16349625587463379
naif	127.6875	1712932113.75328159332275391	1712932113.89978218078613281
naif	127.6875	1712932113.89990520477294922	1712932114.03984236717224121
naif	127.6875	1712932114.03996777534484863	1712932114.18117451667785645
naif	127.6875	1712932114.18128347396850586	1712932114.32350468635559082
naif	127.6875	1712932114.32362484931945801	1712932114.45902013778686523
naif	127.6875	1712932114.45913171768188477	1712932114.59480738639831543
naif	127.6875	1712932114.59491753578186035	1712932114.73084187507629395
naif	127.6875	1712932114.73095726966857910	1712932114.86689400672912598
naif	127.6875	1712932114.86701345443725586	1712932115.00468945503234863
naif	127.6875	1712932115.00480484962463379	1712932115.14557194709777832
naif	127.6875	1712932115.14568257331848145	1712932115.28661203384399414
naif	127.6875	1712932115.28672409057617188	1712932115.42219543457031250
naif	127.6875	1712932115.42231750488281250	1712932115.55748724937438965
naif	127.6875	1712932115.55760955810546875	1712932115.69353699684143066
naif	127.6875	1712932115.69364762306213379	1712932115.82957363128662109
naif	127.6875	1712932115.82968711853027344	1712932115.96467614173889160
naif	127.6875	1712932115.96478652954101562	1712932116.10003018379211426
naif	127.6875	1712932116.10014176368713379	1712932116.23725891113281250
naif	127.6875	1712932116.23737144470214844	1712932116.37094402313232422
naif	127.6875	1712932116.37106633186340332	1712932116.50882172584533691
naif	6.70703125	1712932146.52201938629150391	1712932146.66835761070251465
naif	6.70703125	1712932146.66847038269042969	1712932146.80879950523376465
naif	6.70703125	1712932146.80891227722167969	1712932146.94542503356933594
naif	6.70703125	1712932146.94553303718566895	1712932147.08774328231811523
naif	6.70703125	1712932147.08785486221313477	1712932147.22965049743652344
naif	6.70703125	1712932147.22975516319274902	1712932147.37230896949768066
naif	6.70703125	1712932147.37243175506591797	1712932147.51471161842346191
naif	6.70703125	1712932147.51481652259826660	1712932147.65763354301452637
naif	6.70703125	1712932147.65775394439697266	1712932147.79627132415771484
naif	6.70703125	1712932147.79639148712158203	1712932147.93090581893920898
naif	6.70703125	1712932147.93101978302001953	1712932148.06690144538879395
naif	6.70703125	1712932148.06701254844665527	1712932148.20301246643066406
naif	6.70703125	1712932148.20312786102294922	1712932148.33881354331970215
naif	6.70703125	1712932148.33892488479614258	1712932148.47427153587341309
naif	6.70703125	1712932148.47438240051269531	1712932148.61400842666625977
naif	6.70703125	1712932148.61412644386291504	1712932148.75584626197814941
naif	6.70703125	1712932148.75597381591796875	1712932148.89206814765930176
naif	6.70703125	1712932148.89217901229858398	1712932149.03463935852050781
naif	6.70703125	1712932149.03475999832153320	1712932149.17769742012023926
naif	6.70703125	1712932149.17781829833984375	1712932149.31997323036193848
naif	16432.0	1712932179.27935481071472168	1712932179.42599272727966309
naif	16432.0	1712932179.42610454559326172	1712932179.56732106208801270
naif	16432.0	1712932179.56743192672729492	1712932179.70282912254333496
naif	16432.0	1712932179.70294427871704102	1712932179.83831286430358887
naif	16432.0	1712932179.83843612670898438	1712932179.97364044189453125
naif	16432.0	1712932179.97374820709228516	1712932180.10893201828002930
naif	16432.0	1712932180.10904479026794434	1712932180.24417757987976074
naif	16432.0	1712932180.24428868293762207	1712932180.37958931922912598
naif	16432.0	1712932180.37970805168151855	1712932180.51416635513305664
naif	16432.0	1712932180.51427865028381348	1712932180.65053749084472656
naif	16432.0	1712932180.65064811706542969	1712932180.78599762916564941
naif	16432.0	1712932180.78610873222351074	1712932180.92106151580810547
naif	16432.0	1712932180.92117238044738770	1712932181.05844783782958984
naif	16432.0	1712932181.05856513977050781	1712932181.19638895988464355
naif	16432.0	1712932181.19651150703430176	1712932181.33330845832824707
naif	16432.0	1712932181.33341932296752930	1712932181.46913146972656250
naif	16432.0	1712932181.46925425529479980	1712932181.60501074790954590
naif	16432.0	1712932181.60511326789855957	1712932181.74164628982543945
naif	16432.0	1712932181.74174880981445312	1712932181.87921142578125000
naif	16432.0	1712932181.87933254241943359	1712932182.01679682731628418
naif	6228.0	1712932211.79993796348571777	1712932211.95370125770568848
naif	6228.0	1712932211.95382714271545410	1712932212.10146665573120117
naif	6228.0	1712932212.10158061981201172	1712932212.24219918251037598
naif	6228.0	1712932212.24231362342834473	1712932212.38358831405639648
naif	6228.0	1712932212.38372159004211426	1712932212.52431941032409668
naif	6228.0	1712932212.52443552017211914	1712932212.66519546508789062
naif	6228.0	1712932212.66530370712280273	1712932212.79858517646789551
naif	6228.0	1712932212.79869890213012695	1712932212.92825460433959961
naif	6228.0	1712932212.92837119102478027	1712932213.05793571472167969
naif	6228.0	1712932213.05805253982543945	1712932213.18933963775634766
naif	6228.0	1712932213.18944931030273438	1712932213.32836127281188965
naif	6228.0	1712932213.32848024368286133	1712932213.46633505821228027
naif	6228.0	1712932213.46644711494445801	1712932213.59600162506103516
naif	6228.0	1712932213.59611511230468750	1712932213.72576737403869629
naif	6228.0	1712932213.72588467597961426	1712932213.86629199981689453
naif	6228.0	1712932213.86640548706054688	1712932214.00439524650573730
naif	6228.0	1712932214.00451588630676270	1712932214.14218354225158691
naif	6228.0	1712932214.14229893684387207	1712932214.28440785408020020
naif	6228.0	1712932214.28452587127685547	1712932214.42686724662780762
naif	6228.0	1712932214.42697310447692871	1712932214.56955432891845703
naif	6228.0	1712932244.25237870216369629	1712932244.39418101310729980
naif	6228.0	1712932244.39429497718811035	1712932244.52829790115356445
naif	6228.0	1712932244.52842307090759277	1712932244.66425776481628418
naif	6228.0	1712932244.66436624526977539	1712932244.80028820037841797
naif	6228.0	1712932244.80039620399475098	1712932244.93588161468505859
naif	6228.0	1712932244.93599486351013184	1712932245.08011484146118164
naif	6228.0	1712932245.08023071289062500	1712932245.21918153762817383
naif	6228.0	1712932245.21929216384887695	1712932245.35540270805358887
naif	6228.0	1712932245.35551238059997559	1712932245.49605512619018555
naif	6228.0	1712932245.49616622924804688	1712932245.63549518585205078
naif	6228.0	1712932245.63560461997985840	1712932245.77493047714233398
naif	6228.0	1712932245.77504086494445801	1712932245.91222786903381348
naif	6228.0	1712932245.91233849525451660	1712932246.05119466781616211
naif	6228.0	1712932246.05130839347839355	1712932246.19399762153625488
naif	6228.0	1712932246.19411993026733398	1712932246.33015966415405273
naif	6228.0	1712932246.33027076721191406	1712932246.47148537635803223
naif	6228.0	1712932246.47160100936889648	1712932246.61105847358703613
naif	6228.0	1712932246.61116743087768555	1712932246.74730062484741211
naif	6228.0	1712932246.74741840362548828	1712932246.88346266746520996
naif	6228.0	1712932246.88357234001159668	1712932247.02005791664123535
naif	127.6875	1712932276.50880813598632812	1712932276.65946435928344727
naif	127.6875	1712932276.65957832336425781	1712932276.80042767524719238
naif	127.6875	1712932276.80053949356079102	1712932276.94416260719299316
naif	127.6875	1712932276.94428324699401855	1712932277.08815813064575195
naif	127.6875	1712932277.08826947212219238	1712932277.22863364219665527
naif	127.6875	1712932277.22874975204467773	1712932277.36741685867309570
naif	127.6875	1712932277.36752748489379883	1712932277.50444221496582031
naif	127.6875	1712932277.50455188751220703	1712932277.64026284217834473
naif	127.6875	1712932277.64037370681762695	1712932277.77665805816650391
naif	127.6875	1712932277.77677392959594727	1712932277.91279006004333496
naif	127.6875	1712932277.91290116310119629	1712932278.04994630813598633
naif	127.6875	1712932278.05006003379821777	1712932278.18696594238281250
naif	127.6875	1712932278.18707561492919922	1712932278.32340383529663086
naif	127.6875	1712932278.32350969314575195	1712932278.45927882194519043
naif	127.6875	1712932278.45938897132873535	1712932278.59976315498352051
naif	127.6875	1712932278.59988307952880859	1712932278.74254822731018066
naif	127.6875	1712932278.74266982078552246	1712932278.88072228431701660
naif	127.6875	1712932278.88083720207214355	1712932279.02474427223205566
naif	127.6875	1712932279.02485203742980957	1712932279.16673636436462402
naif	127.6875	1712932279.16686201095581055	1712932279.30403447151184082
naif	2366.0	1712932309.00730180740356445	1712932309.15487575531005859
naif	2366.0	1712932309.15500164031982422	1712932309.29586338996887207
naif	2366.0	1712932309.29597806930541992	1712932309.43198394775390625
naif	2366.0	1712932309.43210411071777344	1712932309.57566523551940918
naif	2366.0	1712932309.57574939727783203	1712932309.71529984474182129
naif	2366.0	1712932309.71540999412536621	1712932309.85184979438781738
naif	2366.0	1712932309.85196089744567871	1712932309.98683476448059082
naif	2366.0	1712932309.98694610595703125	1712932310.12143182754516602
naif	2366.0	1712932310.12154889106750488	1712932310.25721931457519531
naif	2366.0	1712932310.25734734535217285	1712932310.39254689216613770
naif	2366.0	1712932310.39265918731689453	1712932310.52774977684020996
naif	2366.0	1712932310.52787041664123535	1712932310.66261768341064453
naif	2366.0	1712932310.66272401809692383	1712932310.79771876335144043
naif	2366.0	1712932310.79783225059509277	1712932310.93283486366271973
naif	2366.0	1712932310.93295097351074219	1712932311.06859803199768066
naif	2366.0	1712932311.06871914863586426	1712932311.20418930053710938
naif	2366.0	1712932311.20430517196655273	1712932311.33946752548217773
naif	2366.0	1712932311.33958578109741211	1712932311.46955060958862305
naif	2366.0	1712932311.46966624259948730	1712932311.59921979904174805
naif	2366.0	1712932311.59933114051818848	1712932311.72888827323913574
naif	894.0	1712932341.35788869857788086	1712932341.50693774223327637
naif	894.0	1712932341.50704598426818848	1712932341.65599584579467773
naif	894.0	1712932341.65611314773559570	1712932341.79905056953430176
naif	894.0	1712932341.79915881156921387	1712932341.93420934677124023
naif	894.0	1712932341.93432211875915527	1712932342.06387567520141602
naif	894.0	1712932342.06398558616638184	1712932342.19354438781738281
naif	894.0	1712932342.19365692138671875	1712932342.32334828376770020
naif	894.0	1712932342.32346391677856445	1712932342.45303916931152344
naif	894.0	1712932342.45314860343933105	1712932342.59029698371887207
naif	894.0	1712932342.59042215347290039	1712932342.72871947288513184
naif	894.0	1712932342.72884130477905273	1712932342.86665749549865723
naif	894.0	1712932342.86676383018493652	1712932343.00973725318908691
naif	894.0	1712932343.00984430313110352	1712932343.14802551269531250
naif	894.0	1712932343.14813566207885742	1712932343.28349947929382324
naif	894.0	1712932343.28361463546752930	1712932343.41905093193054199
naif	894.0	1712932343.41917276382446289	1712932343.55460333824157715
naif	894.0	1712932343.55471563339233398	1712932343.69258165359497070
naif	894.0	1712932343.69269299507141113	1712932343.82766985893249512
naif	894.0	1712932343.82772684097290039	1712932343.96515727043151855
naif	894.0	1712932343.96527767181396484	1712932344.10888314247131348
naif	127.6875	1712932374.11561632156372070	1712932374.26876974105834961
naif	127.6875	1712932374.26888632774353027	1712932374.40898823738098145
naif	127.6875	1712932374.40910172462463379	1712932374.54664492607116699
naif	127.6875	1712932374.54676580429077148	1712932374.68282914161682129
naif	127.6875	1712932374.68293881416320801	1712932374.81834888458251953
naif	127.6875	1712932374.81845951080322266	1712932374.95428776741027832
naif	127.6875	1712932374.95440506935119629	1712932375.09163880348205566
naif	127.6875	1712932375.09173369407653809	1712932375.22751212120056152
naif	127.6875	1712932375.22763347625732422	1712932375.36511468887329102
naif	127.6875	1712932375.36521983146667480	1712932375.50356054306030273
naif	127.6875	1712932375.50368380546569824	1712932375.64173102378845215
naif	127.6875	1712932375.64184808731079102	1712932375.78225708007812500
naif	127.6875	1712932375.78236746788024902	1712932375.91932606697082520
naif	127.6875	1712932375.91944360733032227	1712932376.05475521087646484
naif	127.6875	1712932376.05487728118896484	1712932376.18973422050476074
naif	127.6875	1712932376.18985390663146973	1712932376.32769680023193359
naif	127.6875	1712932376.32780051231384277	1712932376.46387243270874023
naif	127.6875	1712932376.46399044990539551	1712932376.60056877136230469
naif	127.6875	1712932376.60069179534912109	1712932376.73722791671752930
naif	127.6875	1712932376.73734164237976074	1712932376.87421441078186035
naif	48.03125	1712932406.61034488677978516	1712932406.75736451148986816
naif	48.03125	1712932406.75747632980346680	1712932406.89906668663024902
naif	48.03125	1712932406.89919090270996094	1712932407.03497242927551270
naif	48.03125	1712932407.03508925437927246	1712932407.17172074317932129
naif	48.03125	1712932407.17182993888854980	1712932407.30778884887695312
naif	48.03125	1712932407.30790853500366211	1712932407.44393539428710938
naif	48.03125	1712932407.44404172897338867	1712932407.57790470123291016
naif	48.03125	1712932407.57802581787109375	1712932407.71377444267272949
naif	48.03125	1712932407.71388387680053711	1712932407.85029530525207520
naif	48.03125	1712932407.85040068626403809	1712932407.98793387413024902
naif	48.03125	1712932407.98804879188537598	1712932408.13280892372131348
naif	48.03125	1712932408.13291907310485840	1712932408.27376484870910645
naif	48.03125	1712932408.27388715744018555	1712932408.40849828720092773
naif	48.03125	1712932408.40860939025878906	1712932408.54375076293945312
naif	48.03125	1712932408.54386019706726074	1712932408.67731833457946777
naif	48.03125	1712932408.67743134498596191	1712932408.81198191642761230
naif	48.03125	1712932408.81210160255432129	1712932408.94463539123535156
naif	48.03125	1712932408.94474411010742188	1712932409.07763338088989258
naif	48.03125	1712932409.07774710655212402	1712932409.21110534667968750
naif	48.03125	1712932409.21121454238891602	1712932409.34582018852233887
naif	48.03125	1712932439.13603162765502930	1712932439.28265595436096191
naif	48.03125	1712932439.28276848793029785	1712932439.41987800598144531
naif	48.03125	1712932439.41998815536499023	1712932439.54955339431762695
naif	48.03125	1712932439.54966282844543457	1712932439.68341898918151855
naif	48.03125	1712932439.68352794647216797	1712932439.81933450698852539
naif	48.03125	1712932439.81945061683654785	1712932439.95343136787414551
naif	48.03125	1712932439.95354676246643066	1712932440.08395051956176758
naif	48.03125	1712932440.08406281471252441	1712932440.21912193298339844
naif	48.03125	1712932440.21924495697021484	1712932440.35900259017944336
naif	48.03125	1712932440.35911679267883301	1712932440.49826955795288086
naif	48.03125	1712932440.49838232994079590	1712932440.63476181030273438
naif	48.03125	1712932440.63487195968627930	1712932440.77096390724182129
naif	48.03125	1712932440.77108001708984375	1712932440.90681242942810059
naif	48.03125	1712932440.90692853927612305	1712932441.04428124427795410
naif	48.03125	1712932441.04439854621887207	1712932441.18101930618286133
naif	48.03125	1712932441.18113350868225098	1712932441.31675815582275391
naif	48.03125	1712932441.31687307357788086	1712932441.45601511001586914
naif	48.03125	1712932441.45612645149230957	1712932441.59780836105346680
naif	48.03125	1712932441.59791684150695801	1712932441.73820471763610840
naif	48.03125	1712932441.73832559585571289	1712932441.87761044502258301
naif	2366.0	1712932471.59266471862792969	1712932471.73953771591186523
naif	2366.0	1712932471.73966693878173828	1712932471.88086748123168945
naif	2366.0	1712932471.88099122047424316	1712932472.02341294288635254
naif	2366.0	1712932472.02353477478027344	1712932472.16274785995483398
naif	2366.0	1712932472.16285586357116699	1712932472.30257153511047363
naif	2366.0	1712932472.30268764495849609	1712932472.44354629516601562
naif	2366.0	1712932472.44366383552551270	1712932472.58318138122558594
naif	2366.0	1712932472.58330035209655762	1712932472.72206234931945801
naif	2366.0	1712932472.72218942642211914	1712932472.86017107963562012
naif	2366.0	1712932472.86028265953063965	1712932473.00047540664672852
naif	2366.0	1712932473.00058031082153320	1712932473.14087700843811035
naif	2366.0	1712932473.14099502563476562	1712932473.27847909927368164
naif	2366.0	1712932473.27860140800476074	1712932473.41781497001647949
naif	2366.0	1712932473.41791868209838867	1712932473.55593609809875488
naif	2366.0	1712932473.55604386329650879	1712932473.69571805000305176
naif	2366.0	1712932473.69582748413085938	1712932473.83706164360046387
naif	2366.0	1712932473.83718562126159668	1712932473.97703862190246582
naif	2366.0	1712932473.97715950012207031	1712932474.11604714393615723
naif	2366.0	1712932474.11615729331970215	1712932474.25571560859680176
naif	2366.0	1712932474.25582337379455566	1712932474.39402198791503906
naif	48.03125	1712932504.40377235412597656	1712932504.55518698692321777
naif	48.03125	1712932504.55529856681823730	1712932504.69487786293029785
naif	48.03125	1712932504.69498777389526367	1712932504.83008646965026855
naif	48.03125	1712932504.83019471168518066	1712932504.96458220481872559
naif	48.03125	1712932504.96469187736511230	1712932505.09950780868530273
naif	48.03125	1712932505.09962296485900879	1712932505.23251414299011230
naif	48.03125	1712932505.23262381553649902	1712932505.36886620521545410
naif	48.03125	1712932505.36897373199462891	1712932505.50347113609313965
naif	48.03125	1712932505.50357985496520996	1712932505.63813090324401855
naif	48.03125	1712932505.63824343681335449	1712932505.77244877815246582
naif	48.03125	1712932505.77255868911743164	1712932505.90761518478393555
naif	48.03125	1712932505.90773105621337891	1712932506.04344224929809570
naif	48.03125	1712932506.04355883598327637	1712932506.17873382568359375
naif	48.03125	1712932506.17884492874145508	1712932506.31348919868469238
naif	48.03125	1712932506.31360340118408203	1712932506.44769501686096191
naif	48.03125	1712932506.44781422615051270	1712932506.58316111564636230
naif	48.03125	1712932506.58327102661132812	1712932506.71847152709960938
naif	48.03125	1712932506.71859240531921387	1712932506.85304117202758789
naif	48.03125	1712932506.85315680503845215	1712932506.98812675476074219
naif	48.03125	1712932506.98824405670166016	1712932507.12255120277404785
naif	6.70703125	1712932536.88944792747497559	1712932537.03645944595336914
naif	6.70703125	1712932537.03656888008117676	1712932537.18141627311706543
naif	6.70703125	1712932537.18152713775634766	1712932537.31692433357238770
naif	6.70703125	1712932537.31703186035156250	1712932537.45210742950439453
naif	6.70703125	1712932537.45221948623657227	1712932537.58714294433593750
naif	6.70703125	1712932537.58725666999816895	1712932537.72268843650817871
naif	6.70703125	1712932537.72279787063598633	1712932537.85902833938598633
naif	6.70703125	1712932537.85913872718811035	1712932537.99550747871398926
naif	6.70703125	1712932537.99561500549316406	1712932538.13174009323120117
naif	6.70703125	1712932538.13185095787048340	1712932538.26803565025329590
naif	6.70703125	1712932538.26815032958984375	1712932538.40376591682434082
naif	6.70703125	1712932538.40389585494995117	1712932538.53715062141418457
naif	6.70703125	1712932538.53726768493652344	1712932538.66684007644653320
naif	6.70703125	1712932538.66695284843444824	1712932538.79732537269592285
naif	6.70703125	1712932538.79743504524230957	1712932538.94228649139404297
naif	6.70703125	1712932538.94238948822021484	1712932539.08324289321899414
naif	6.70703125	1712932539.08335566520690918	1712932539.22098326683044434
naif	6.70703125	1712932539.22110629081726074	1712932539.36455941200256348
naif	6.70703125	1712932539.36468005180358887	1712932539.50363039970397949
naif	6.70703125	1712932539.50374579429626465	1712932539.63715910911560059
naif	338.5	1712932569.14466381072998047	1712932569.29121303558349609
naif	338.5	1712932569.29132270812988281	1712932569.43715000152587891
naif	338.5	1712932569.43727087974548340	1712932569.57777047157287598
naif	338.5	1712932569.57788276672363281	1712932569.71764588356018066
naif	338.5	1712932569.71776223182678223	1712932569.85808157920837402
naif	338.5	1712932569.85820174217224121	1712932569.99810886383056641
naif	338.5	1712932569.99821877479553223	1712932570.13701248168945312
naif	338.5	1712932570.13711619377136230	1712932570.27241635322570801
naif	338.5	1712932570.27253174781799316	1712932570.40709590911865234
naif	338.5	1712932570.40722250938415527	1712932570.54151082038879395
naif	338.5	1712932570.54162144660949707	1712932570.67628955841064453
naif	338.5	1712932570.67640399932861328	1712932570.81116461753845215
naif	338.5	1712932570.81127309799194336	1712932570.94660711288452148
naif	338.5	1712932570.94671821594238281	1712932571.07734680175781250
naif	338.5	1712932571.07745766639709473	1712932571.21351099014282227
naif	338.5	1712932571.21363282203674316	1712932571.34911298751831055
naif	338.5	1712932571.34923577308654785	1712932571.48296976089477539
naif	338.5	1712932571.48307967185974121	1712932571.61277437210083008
naif	338.5	1712932571.61288881301879883	1712932571.74307537078857422
naif	338.5	1712932571.74318718910217285	1712932571.87277364730834961
naif	48.03125	1712932601.72783207893371582	1712932601.88055706024169922
naif	48.03125	1712932601.88067960739135742	1712932602.02830100059509277
naif	48.03125	1712932602.02842187881469727	1712932602.16316318511962891
naif	48.03125	1712932602.16328215599060059	1712932602.29295086860656738
naif	48.03125	1712932602.29306602478027344	1712932602.42758679389953613
naif	48.03125	1712932602.42770552635192871	1712932602.56311368942260742
naif	48.03125	1712932602.56322932243347168	1712932602.69892501831054688
naif	48.03125	1712932602.69903326034545898	1712932602.83392071723937988
naif	48.03125	1712932602.83404374122619629	1712932602.97122573852539062
naif	48.03125	1712932602.97134637832641602	1712932603.10771656036376953
naif	48.03125	1712932603.10783290863037109	1712932603.24293255805969238
naif	48.03125	1712932603.24305129051208496	1712932603.37845826148986816
naif	48.03125	1712932603.37856769561767578	1712932603.51738834381103516
naif	48.03125	1712932603.51749658584594727	1712932603.65688347816467285
naif	48.03125	1712932603.65699410438537598	1712932603.79001665115356445
naif	48.03125	1712932603.79012632369995117	1712932603.92538070678710938
naif	48.03125	1712932603.92549657821655273	1712932604.06079339981079102
naif	48.03125	1712932604.06091856956481934	1712932604.19601106643676758
naif	48.03125	1712932604.19611406326293945	1712932604.33576941490173340
naif	48.03125	1712932604.33588123321533203	1712932604.47229266166687012
naif	2.453125	1712932634.46619868278503418	1712932634.61255884170532227
naif	2.453125	1712932634.61267042160034180	1712932634.75197649002075195
naif	2.453125	1712932634.75208759307861328	1712932634.88634872436523438
naif	2.453125	1712932634.88647270202636719	1712932635.02113914489746094
naif	2.453125	1712932635.02124977111816406	1712932635.15527176856994629
naif	2.453125	1712932635.15538215637207031	1712932635.29000401496887207
naif	2.453125	1712932635.29011416435241699	1712932635.42551994323730469
naif	2.453125	1712932635.42562913894653320	1712932635.56117510795593262
naif	2.453125	1712932635.56128144264221191	1712932635.69736433029174805
naif	2.453125	1712932635.69748353958129883	1712932635.82629179954528809
naif	2.453125	1712932635.82640647888183594	1712932635.95609545707702637
naif	2.453125	1712932635.95621061325073242	1712932636.08508348464965820
naif	2.453125	1712932636.08520007133483887	1712932636.21614003181457520
naif	2.453125	1712932636.21625089645385742	1712932636.35143065452575684
naif	2.453125	1712932636.35154151916503906	1712932636.48721504211425781
naif	2.453125	1712932636.48732495307922363	1712932636.62742304801940918
naif	2.453125	1712932636.62753105163574219	1712932636.76617360115051270
naif	2.453125	1712932636.76628947257995605	1712932636.90064239501953125
naif	2.453125	1712932636.90075087547302246	1712932637.03556823730468750
naif	2.453125	1712932637.03570103645324707	1712932637.17259502410888672
naif	48.03125	1712932666.94253015518188477	1712932667.09085321426391602
naif	48.03125	1712932667.09096217155456543	1712932667.23644447326660156
naif	48.03125	1712932667.23656249046325684	1712932667.37911605834960938
naif	48.03125	1712932667.37923765182495117	1712932667.52177095413208008
naif	48.03125	1712932667.52187943458557129	1712932667.66514372825622559
naif	48.03125	1712932667.66526532173156738	1712932667.80845952033996582
naif	48.03125	1712932667.80857968330383301	1712932667.94482088088989258
naif	48.03125	1712932667.94492983818054199	1712932668.08162689208984375
naif	48.03125	1712932668.08173608779907227	1712932668.21698331832885742
naif	48.03125	1712932668.21709537506103516	1712932668.35925102233886719
naif	48.03125	1712932668.35936617851257324	1712932668.49998736381530762
naif	48.03125	1712932668.50010418891906738	1712932668.63535356521606445
naif	48.03125	1712932668.63547039031982422	1712932668.77056789398193359
naif	48.03125	1712932668.77067923545837402	1712932668.90818119049072266
naif	48.03125	1712932668.90829968452453613	1712932669.05086350440979004
naif	48.03125	1712932669.05096769332885742	1712932669.19427156448364258
naif	48.03125	1712932669.19439268112182617	1712932669.33546018600463867
naif	48.03125	1712932669.33557891845703125	1712932669.47722196578979492
naif	48.03125	1712932669.47734236717224121	1712932669.61858224868774414
naif	48.03125	1712932669.61869192123413086	1712932669.76083874702453613
naif	127.6875	1712932699.47999835014343262	1712932699.63150739669799805
naif	127.6875	1712932699.63162970542907715	1712932699.77710580825805664
naif	127.6875	1712932699.77721571922302246	1712932699.91776680946350098
naif	127.6875	1712932699.91789150238037109	1712932700.05910468101501465
naif	127.6875	1712932700.05921411514282227	1712932700.20074605941772461
naif	127.6875	1712932700.20085597038269043	1712932700.34367203712463379
naif	127.6875	1712932700.34374904632568359	1712932700.48194122314453125
naif	127.6875	1712932700.48205304145812988	1712932700.61955595016479492
naif	127.6875	1712932700.61967492103576660	1712932700.76042723655700684
naif	127.6875	1712932700.76055335998535156	1712932700.89852833747863770
naif	127.6875	1712932700.89864778518676758	1712932701.03633308410644531
naif	127.6875	1712932701.03644490242004395	1712932701.16589236259460449
naif	127.6875	1712932701.16600561141967773	1712932701.29558920860290527
naif	127.6875	1712932701.29571413993835449	1712932701.42513060569763184
naif	127.6875	1712932701.42524218559265137	1712932701.55452537536621094
naif	127.6875	1712932701.55464100837707520	1712932701.68850970268249512
naif	127.6875	1712932701.68862032890319824	1712932701.82439374923706055
naif	127.6875	1712932701.82450747489929199	1712932701.96202206611633301
naif	127.6875	1712932701.96213173866271973	1712932702.09906721115112305
naif	127.6875	1712932702.09917926788330078	1712932702.23889803886413574
naif	16432.0	1712932731.99724125862121582	1712932732.15165948867797852
naif	16432.0	1712932732.15173864364624023	1712932732.28664875030517578
naif	16432.0	1712932732.28676509857177734	1712932732.41679239273071289
naif	16432.0	1712932732.41691517829895020	1712932732.55312943458557129
naif	16432.0	1712932732.55323958396911621	1712932732.69176459312438965
naif	16432.0	1712932732.69188642501831055	1712932732.82869243621826172
naif	16432.0	1712932732.82881736755371094	1712932732.96598958969116211
naif	16432.0	1712932732.96611499786376953	1712932733.10283803939819336
naif	16432.0	1712932733.10296320915222168	1712932733.23968768119812012
naif	16432.0	1712932733.23980259895324707	1712932733.38207459449768066
naif	16432.0	1712932733.38220238685607910	1712932733.52530503273010254
naif	16432.0	1712932733.52541804313659668	1712932733.66318345069885254
naif	16432.0	1712932733.66330885887145996	1712932733.80657434463500977
naif	16432.0	1712932733.80668854713439941	1712932733.94829225540161133
naif	16432.0	1712932733.94840168952941895	1712932734.08907604217529297
naif	16432.0	1712932734.08918428421020508	1712932734.22799944877624512
naif	16432.0	1712932734.22811317443847656	1712932734.36504697799682617
naif	16432.0	1712932734.36515569686889648	1712932734.49949812889099121
naif	16432.0	1712932734.49961328506469727	1712932734.63143825531005859
naif	16432.0	1712932734.63155460357666016	1712932734.76785588264465332
naif	2366.0	1712932764.39534449577331543	1712932764.53813910484313965
naif	2366.0	1712932764.53824949264526367	1712932764.67682099342346191
naif	2366.0	1712932764.67693710327148438	1712932764.81057667732238770
naif	2366.0	1712932764.81069135665893555	1712932764.94471096992492676
naif	2366.0	1712932764.94481945037841797	1712932765.07969594001770020
naif	2366.0	1712932765.07980537414550781	1712932765.21198010444641113
naif	2366.0	1712932765.21209168434143066	1712932765.34451270103454590
naif	2366.0	1712932765.34461951255798340	1712932765.47826504707336426
naif	2366.0	1712932765.47838187217712402	1712932765.61227703094482422
naif	2366.0	1712932765.61240315437316895	1712932765.74683094024658203
naif	2366.0	1712932765.74695658683776855	1712932765.87923693656921387
naif	2366.0	1712932765.87935233116149902	1712932766.01257109642028809
naif	2366.0	1712932766.01267814636230469	1712932766.15188670158386230
naif	2366.0	1712932766.15200161933898926	1712932766.29238295555114746
naif	2366.0	1712932766.29250407218933105	1712932766.43328189849853516
naif	2366.0	1712932766.43339872360229492	1712932766.57370734214782715
naif	2366.0	1712932766.57381534576416016	1712932766.71487903594970703
naif	2366.0	1712932766.71499943733215332	1712932766.85264468193054199
naif	2366.0	1712932766.85275578498840332	1712932766.98545384407043457
naif	2366.0	1712932766.98556566238403320	1712932767.11861610412597656
naif	127.6875	1712932796.76117396354675293	1712932796.91605162620544434
naif	127.6875	1712932796.91616415977478027	1712932797.05720949172973633
naif	127.6875	1712932797.05732393264770508	1712932797.19283795356750488
naif	127.6875	1712932797.19294691085815430	1712932797.32825589179992676
naif	127.6875	1712932797.32836818695068359	1712932797.46357226371765137
naif	127.6875	1712932797.46369457244873047	1712932797.59897089004516602
naif	127.6875	1712932797.59908223152160645	1712932797.73382139205932617
naif	127.6875	1712932797.73393154144287109	1712932797.86722040176391602
naif	127.6875	1712932797.86733484268188477	1712932797.99962258338928223
naif	127.6875	1712932797.99973368644714355	1712932798.13489913940429688
naif	127.6875	1712932798.13502168655395508	1712932798.27143740653991699
naif	127.6875	1712932798.27155923843383789	1712932798.40825724601745605
naif	127.6875	1712932798.40837526321411133	1712932798.54623484611511230
naif	127.6875	1712932798.54635167121887207	1712932798.68496179580688477
naif	127.6875	1712932798.68507623672485352	1712932798.82268357276916504
naif	127.6875	1712932798.82280135154724121	1712932798.95857572555541992
naif	127.6875	1712932798.95868515968322754	1712932799.09473180770874023
naif	127.6875	1712932799.09485578536987305	1712932799.23067235946655273
naif	127.6875	1712932799.23078107833862305	1712932799.36772179603576660
naif	127.6875	1712932799.36783456802368164	1712932799.50401306152343750
