0.00000000000000000
0.00000005484948361
0.00000027458064607
0.00000025236035702
0.00000019556101084
0.00000070431703040
0.00000036556916041
0.00000066103364589
0.00000045412828120
0.00000076862603161
0.00000072067693798
0.00000123535761550
0.00000113116059693
0.00000131049154810
0.00000117427817218
0.00000078325905206
0.00000125712394397
0.00000158690733583
0.00000169065769552
0.00000142849804770
0.00000169987639472
0.00000177599352217
0.00000142680246770
0.00000144901435956
0.00000190054581968
0.00000168830702320
0.00000199935243087
0.00000264448191683
0.00000234257010871
0.00000184986962326
0.00000182404831791
0.00000268948182340
0.00000160200860820
0.00000269931550178
0.00000224001244058
0.00000325333830435
0.00000246384951050
0.00000233401311713
0.00000327452097975
0.00000267820909222
0.00000273195739171
0.00000317725794017
0.00000281398119334
0.00000347367976106
0.00000268346440757
0.00000356912946854
0.00000373212115500
0.00000510097173274
0.00000492541850401
0.00000501109230990
0.00000324709268740
0.00000429249825531
0.00000434728844554
0.00000460788290187
0.00000294784384843
0.00000372059320012
0.00000430950693670
0.00000440425065667
0.00000448285796772
0.00000323898151985
