0.00000000000000000
0.00000012427272885
0.00000019372139429
0.00000044071855250
0.00000041494722221
0.00000025714752004
0.00000043997361735
0.00000040105060863
0.00000065600143187
0.00000088618976593
0.00000044681720810
0.00000083664222889
0.00000075964436804
0.00000087777590379
0.00000085928044416
0.00000093001381994
0.00000134258869490
0.00000128827757038
0.00000192253948393
0.00000196865683309
0.00000154259177384
0.00000159279959746
0.00000185354494085
0.00000169753397979
0.00000204527479681
0.00000227830204097
0.00000268653660857
0.00000218712009428
0.00000207621886974
0.00000192742636172
0.00000299837166839
0.00000184777831310
0.00000331763213901
0.00000305614337737
0.00000215689090129
0.00000228519781316
0.00000302766005746
0.00000266235630261
0.00000312154867652
0.00000267820909222
0.00000304323915582
0.00000311683146857
0.00000281398119334
0.00000330973148826
0.00000316085258731
0.00000312430726651
0.00000373212115500
0.00000374322555745
0.00000387114780578
0.00000470410745366
0.00000348546208561
0.00000380663578285
0.00000467065873421
0.00000470204257239
0.00000426388958726
0.00000397606592493
0.00000393756139260
0.00000483746633676
0.00000397827919684
0.00000417929738643
