0.00000000000000000
0.00000005484948361
0.00000003200289073
0.00000003017693621
0.00000019556101084
0.00000025714752004
0.00000058878253124
0.00000048771162105
0.00000075693800720
0.00000076862603161
0.00000065221200551
0.00000051766991961
0.00000057388625359
0.00000131049154810
0.00000048128317055
0.00000093001381994
0.00000134258869490
0.00000148736408068
0.00000145877590712
0.00000142849804770
0.00000177851870516
0.00000168439655982
0.00000185354494085
0.00000225670312530
0.00000211763928537
0.00000177259202574
0.00000199935243087
0.00000264448191683
0.00000174327982102
0.00000216009657708
0.00000218537857959
0.00000132171361916
0.00000325635987005
0.00000219975647596
0.00000248937705847
0.00000247882591140
0.00000314042216685
0.00000233401311713
0.00000243317331196
0.00000428175029036
0.00000262819680368
0.00000353981676975
0.00000260283984158
0.00000371960217027
0.00000239703149972
0.00000301310171600
0.00000522165066547
0.00000336607384210
0.00000404685958882
0.00000409013774119
0.00000312790798830
0.00000255727513938
0.00000321549243520
0.00000366628619673
0.00000448323054373
0.00000410380228733
0.00000416072871906
0.00000388439184057
0.00000428102645937
0.00000488453428636
