0.00000000000000000
0.00000005484948361
0.00000027458064607
0.00000034653945476
0.00000041494722221
0.00000025714752004
0.00000029116470347
0.00000057437263347
0.00000045412828120
0.00000088618976593
0.00000078914187045
0.00000115561453818
0.00000085252342526
0.00000087777590379
0.00000048128317055
0.00000122352335569
0.00000194084195142
0.00000128827757038
0.00000099501233030
0.00000183361713674
0.00000248629949913
0.00000186759048453
0.00000174685932256
0.00000169753397979
0.00000197291030824
0.00000194116203082
0.00000170484492614
0.00000195843918301
0.00000227598229897
0.00000309077743856
0.00000290803910297
0.00000132171361916
0.00000221473129777
0.00000198565975061
0.00000215689090129
0.00000354378045171
0.00000314042216685
0.00000279369357679
0.00000289209022166
0.00000321272282493
0.00000273195739171
0.00000462749325848
0.00000295474209452
0.00000298183494264
0.00000354276313110
0.00000334671836753
0.00000412069407078
0.00000381865590052
0.00000431042726338
0.00000378315288496
0.00000253198449277
0.00000429249825531
0.00000442813101771
0.00000413708454930
0.00000393487815255
0.00000448701137453
0.00000445828515434
0.00000483746633676
0.00000438194221354
0.00000441437635307
