0.00000000000000000
0.00000005484948361
0.00000019372139429
0.00000015818125928
0.00000030525411652
0.00000006550344417
0.00000058878253124
0.00000040105060863
0.00000085787458254
0.00000076862603161
0.00000078914187045
0.00000091638530621
0.00000159555588305
0.00000087777590379
0.00000117427817218
0.00000137027812357
0.00000134258869490
0.00000118873431523
0.00000180659858973
0.00000156353774404
0.00000146394946340
0.00000159279959746
0.00000142680246770
0.00000194605360001
0.00000247946172820
0.00000194116203082
0.00000170484492614
0.00000138673690483
0.00000220939448922
0.00000216009657708
0.00000254670884128
0.00000321554651734
0.00000276618171839
0.00000348433682808
0.00000232313397988
0.00000257563996052
0.00000167451474476
0.00000213700720585
0.00000289209022166
0.00000321272282493
0.00000210939386351
0.00000347939029815
0.00000295474209452
0.00000371960217027
0.00000258798677162
0.00000401395167057
0.00000373212115500
0.00000366779521438
0.00000457399493793
0.00000357849631414
0.00000396220088203
0.00000415368040604
0.00000499402902288
0.00000404292487878
0.00000525092389138
0.00000442314319333
0.00000587167822192
0.00000509739574482
0.00000458377372189
0.00000476699480303
