0.00000000000000000
0.00000001457376163
0.00000003200289073
0.00000025236035702
0.00000041494722221
0.00000070431703040
0.00000051437807429
0.00000048771162105
0.00000075693800720
0.00000088618976593
0.00000113146653280
0.00000043792684229
0.00000103828153971
0.00000044506025948
0.00000155227544579
0.00000144365550751
0.00000142805344583
0.00000098964780494
0.00000064718964769
0.00000149601789587
0.00000193580332604
0.00000177599352217
0.00000185354494085
0.00000107623492922
0.00000226236826250
0.00000219401703843
0.00000219569076735
0.00000218712009428
0.00000240915791845
0.00000231521005400
0.00000245637627586
0.00000205820419067
0.00000196964222194
0.00000248521877643
0.00000315434937283
0.00000296289615699
0.00000359147060442
0.00000213700720585
0.00000304506252490
0.00000285638033645
0.00000325076033188
0.00000366066971294
0.00000457349245806
0.00000355565389747
0.00000344728549515
0.00000312430726651
0.00000353783469712
0.00000359236487131
0.00000378329191427
0.00000449945088284
0.00000443893967845
0.00000422308933068
0.00000418560330120
0.00000404292487878
0.00000590894676079
0.00000435927501213
0.00000483023069844
0.00000553061142491
0.00000428102645937
0.00000370913945314
