0.00000000000000000
0.00000012427272885
0.00000011286214251
0.00000025236035702
0.00000019556101084
0.00000044879159591
0.00000036556916041
0.00000040105060863
0.00000045412828120
0.00000006324362567
0.00000099453666786
0.00000075689915157
0.00000085252342526
0.00000098595481487
0.00000117427817218
0.00000107676858782
0.00000194084195142
0.00000208462361158
0.00000145877590712
0.00000163105759222
0.00000193580332604
0.00000205078440924
0.00000174685932256
0.00000231883303035
0.00000226236826250
0.00000194116203082
0.00000249019827208
0.00000195843918301
0.00000227598229897
0.00000192742636172
0.00000191438088333
0.00000321554651734
0.00000301127079422
0.00000234248762620
0.00000240625551917
0.00000247882591140
0.00000359147060442
0.00000200566993166
0.00000243317331196
0.00000321272282493
0.00000376956327206
0.00000378152265613
0.00000295474209452
0.00000380157630668
0.00000382919603894
0.00000390274612007
0.00000399116976552
0.00000359236487131
0.00000351972423971
0.00000378315288496
0.00000336627738651
0.00000339018223503
0.00000345802015170
0.00000328964751467
0.00000371553719608
0.00000474248409934
0.00000416072871906
0.00000405767811260
0.00000397827919684
0.00000523715273632
