0.00000000000000000
0.00000005484948361
0.00000019372139429
0.00000034653945476
0.00000019556101084
0.00000025714752004
0.00000088640035900
0.00000031438959622
0.00000075693800720
0.00000029837109432
0.00000058374707304
0.00000075689915157
0.00000103828153971
0.00000141867045918
0.00000104827908097
0.00000129690073963
0.00000159898294769
0.00000128827757038
0.00000076313054189
0.00000176609728856
0.00000114938022164
0.00000186759048453
0.00000153348808598
0.00000175966388484
0.00000182818133111
0.00000160402202067
0.00000190118326262
0.00000241580100556
0.00000267550915742
0.00000208253983863
0.00000236604371044
0.00000226863006825
0.00000313381533214
0.00000312750895249
0.00000356995706931
0.00000354378045171
0.00000359147060442
0.00000391006040739
0.00000273911791843
0.00000267820909222
0.00000283571797975
0.00000215000792303
0.00000351778569923
0.00000339170562466
0.00000421110658274
0.00000334671836753
0.00000360259684975
0.00000329064349902
0.00000466185082945
0.00000460177916825
0.00000420057028024
0.00000429249825531
0.00000264959443003
0.00000479620224290
0.00000393487815255
0.00000340125229412
0.00000475584158962
0.00000440425065667
0.00000438194221354
0.00000417929738643
