0.00000000000000000
0.00000019369597408
0.00000019372139429
0.00000015818125928
0.00000041494722221
0.00000038491023728
0.00000043997361735
0.00000003225445346
0.00000055506485654
0.00000076862603161
0.00000065221200551
0.00000059741299693
0.00000085252342526
0.00000087777590379
0.00000130027726338
0.00000166378765932
0.00000134258869490
0.00000079056129464
0.00000122689411871
0.00000190113698491
0.00000146394946340
0.00000140960567275
0.00000185354494085
0.00000207031341013
0.00000262419070533
0.00000194116203082
0.00000199935243087
0.00000184409872737
0.00000247574572820
0.00000247032353091
0.00000308870423381
0.00000247905594582
0.00000313381533214
0.00000291341222714
0.00000224001244058
0.00000286608210787
0.00000347870849503
0.00000364738585902
0.00000350397943460
0.00000365815093552
0.00000221315445154
0.00000311683146857
0.00000379930750158
0.00000388355044308
0.00000325633022326
0.00000356912946854
0.00000379688330763
0.00000381865590052
0.00000483756261249
0.00000419246602661
0.00000443893967845
0.00000304313761184
0.00000361970529603
0.00000432540389033
0.00000404454863079
0.00000461474773694
0.00000527656535136
0.00000431760752066
0.00000498743673860
0.00000300390255321
