0.00000000000000000
0.00000019369597408
0.00000027458064607
0.00000034653945476
0.00000052464032790
0.00000038491023728
0.00000066318698818
0.00000083435567072
0.00000075693800720
0.00000100375350026
0.00000085760680292
0.00000083664222889
0.00000048100719637
0.00000109413372595
0.00000085928044416
0.00000107676858782
0.00000159898294769
0.00000218416686673
0.00000145877590712
0.00000183361713674
0.00000154259177384
0.00000168439655982
0.00000153348808598
0.00000219457322024
0.00000168345235398
0.00000202544703336
0.00000209752159911
0.00000172975827174
0.00000254233353794
0.00000138452919253
0.00000263704140670
0.00000268948182340
0.00000245982037360
0.00000162883187502
0.00000257249859776
0.00000315652425523
0.00000257661161990
0.00000338471131064
0.00000342749328299
0.00000267820909222
0.00000325076033188
0.00000323768441177
0.00000337702479805
0.00000232604185141
0.00000402015131084
0.00000290189616549
0.00000399116976552
0.00000329064349902
0.00000395900369730
0.00000419246602661
0.00000372383148382
0.00000463954287850
0.00000402391815687
0.00000441956356084
0.00000426388958726
0.00000365672501892
0.00000393756139260
0.00000492410947278
0.00000418011070519
0.00000488453428636
