0.00000000000000000
0.00000005484948361
0.00000019372139429
0.00000003017693621
0.00000030525411652
0.00000019326616142
0.00000058878253124
0.00000031438959622
0.00000085787458254
0.00000123888096890
0.00000058374707304
0.00000051766991961
0.00000131691871138
0.00000087777590379
0.00000079628089856
0.00000144365550751
0.00000074433543839
0.00000128827757038
0.00000145877590712
0.00000136097819952
0.00000154259177384
0.00000250876922102
0.00000142680246770
0.00000213244331518
0.00000219000377394
0.00000210973203589
0.00000239202910384
0.00000195843918301
0.00000240915791845
0.00000293566396164
0.00000263704140670
0.00000311033357855
0.00000203091449090
0.00000170019745014
0.00000207376936199
0.00000276926805875
0.00000370423271381
0.00000187433265748
0.00000258614561519
0.00000267820909222
0.00000283571797975
0.00000353981676975
0.00000330664434746
0.00000371960217027
0.00000325633022326
0.00000323551281702
0.00000366735900237
0.00000487468070352
0.00000413471548034
0.00000429479431202
0.00000491567847487
0.00000519481427560
0.00000491318645071
0.00000404292487878
0.00000404454863079
0.00000403993410613
0.00000423511782788
0.00000423096438464
0.00000539109975530
0.00000582485015293
