0	nan
5	0.00000003973642827
10	0.00000003973642827
15	0.00000003973642827
20	0.00000003973642827
25	0.00000003973642827
30	0.00000003973642827
35	0.00000003973642827
40	0.00000003973642827
45	0.00000003973642827
50	0.00000003973642827
55	0.00000003973642827
60	0.00000003973642827
65	0.00000003973642827
70	0.00000003973642827
75	0.00000003973642827
80	0.00000003973642827
85	0.00000003973642827
90	0.00000003973642827
95	0.00000003973642827
100	0.00000003973642827
105	0.00000003973642827
110	0.00000003973642827
115	0.00000003973642827
120	0.00000003973642827
125	0.00000003973642827
130	0.00000003973642827
135	0.00000003973642827
140	0.00000003973642827
145	0.00000003973642827
150	0.00000003973642827
155	0.00000003973642827
160	0.00000003973642827
165	0.00000003973642827
170	0.00000003973642827
175	0.00000003973642827
180	0.00000003973642827
185	0.00000003973642827
190	0.00000003973642827
195	0.00000003973642827
200	0.00000003973642827
205	0.00000003973642827
210	0.00000003973642827
215	0.00000003973642827
220	0.00000003973642827
225	0.00000003973642827
230	0.00000003973642827
235	0.00000003973642827
240	0.00000003973642827
245	0.00000003973642827
250	0.00000003973642827
255	0.00000003973642827
260	0.00000003973642827
265	0.00000003973642827
270	0.00000003973642827
275	0.00000003973642827
280	0.00000003973642827
285	0.00000003973642827
290	0.00000003973642827
295	0.00000003973642827
300	0.00000003973642827
