0.00000000000000000
0.00000000000000000
0.00000000000000000
0.00000012120883200
0.00000015588098310
0.00000027438194817
0.00000016616319379
0.00000005811672435
0.00000036054646612
0.00000038351718756
0.00000009236089678
0.00000019615748516
0.00000008152898876
0.00000036963815035
0.00000002348360904
0.00000004062524857
0.00000010172326983
0.00000002835812556
0.00000007808907896
0.00000013756659457
0.00000022678275273
0.00000002676558329
0.00000064889803810
0.00000015500189578
0.00000021493670239
0.00000027214349020
0.00000018725202552
0.00000019687966529
0.00000061648298944
0.00000020727278760
0.00000044413336298
0.00000020337972129
0.00000051703191759
0.00000078666287863
0.00000005871753809
0.00000078736593519
0.00000071430202264
0.00000005748754866
0.00000048088616204
0.00000029589717290
0.00000066200629947
0.00000043420583284
0.00000012050507446
0.00000053223624657
0.00000014397246538
0.00000028686233197
0.00000109475624527
0.00000032747405654
0.00000000472009986
0.00000074066345993
0.00000096945970519
0.00000084868521367
0.00000029803068865
0.00000000765401449
0.00000010411923940
0.00000003189147146
0.00000008607669738
0.00000006654971431
0.00000102674840714
0.00000019522260754
