0.00000000000000000
0.00000000000000000
0.00000000000000000
0.00000001300889600
0.00000015588098310
0.00000007149450321
0.00000024172105752
0.00000005811672435
0.00000002887579827
0.00000004183577109
0.00000009236089678
0.00000063460797636
0.00000075199578789
0.00000011855408093
0.00000010575883691
0.00000004062524857
0.00000018097226053
0.00000021362546834
0.00000046828654697
0.00000013756659457
0.00000012248651075
0.00000024664075731
0.00000029053887935
0.00000019727949164
0.00000006102261569
0.00000013133305325
0.00000007717036200
0.00000006305811853
0.00000029206541593
0.00000065384249981
0.00000073679728957
0.00000030808756120
0.00000001423912022
0.00000034731582838
0.00000008524770333
0.00000050431875333
0.00000040513902080
0.00000038166845248
0.00000036893462647
0.00000029589717290
0.00000038825986241
0.00000025480336785
0.00000003625919148
0.00000001855109993
0.00000081726986077
0.00000081636494923
0.00000097908463352
0.00000025166750906
0.00000099833167893
0.00000028484216080
0.00000005474731170
0.00000051307305837
0.00000066460865881
0.00000087251995317
0.00000004114162367
0.00000036207555342
0.00000008607669738
0.00000035017568104
0.00000019030139612
0.00000053567594331
