0.00000000000000000
0.00000000000000000
0.00000000000000000
0.00000001300889600
0.00000002004087734
0.00000015908979771
0.00000016616319379
0.00000005811672435
0.00000028849064120
0.00000021337600410
0.00000013064655520
0.00000019615748516
0.00000008152898876
0.00000006975897113
0.00000005879161883
0.00000039073389811
0.00000010172326983
0.00000012099179695
0.00000010403612968
0.00000013756659457
0.00000085256020466
0.00000052004709791
0.00000020094908966
0.00000019727949164
0.00000032376260108
0.00000023220218911
0.00000001106476512
0.00000049628775824
0.00000029206541593
0.00000076029492218
0.00000073679728957
0.00000005235391995
0.00000090754767497
0.00000009203122186
0.00000005871753809
0.00000069301687457
0.00000040513902080
0.00000010460290324
0.00000005597576779
0.00000008704521592
0.00000052422826111
0.00000022360320546
0.00000027140559039
0.00000028965998805
0.00000021130220492
0.00000050739159391
0.00000098733276620
0.00000103704379802
0.00000020344241568
0.00000080578078837
0.00000056685082014
0.00000096055593210
0.00000110450222300
0.00000058423130694
0.00000008481360779
0.00000044462157391
0.00000056309162248
0.00000020836269767
0.00000092496128524
0.00000029204309303
