0.00000000000000000
0.00000000000000000
0.00000000000000000
0.00000008011776000
0.00000002004087734
0.00000004379764725
0.00000001504746634
0.00000015715192749
0.00000023073904466
0.00000004183577109
0.00000001914282921
0.00000024229300604
0.00000008152898876
0.00000044638507525
0.00000027030929264
0.00000004062524857
0.00000038441880020
0.00000012099179695
0.00000034686974121
0.00000021713831239
0.00000012248651075
0.00000004158600186
0.00000015741006909
0.00000038985615406
0.00000013797965904
0.00000053480959670
0.00000014327595888
0.00000092951739795
0.00000004864023609
0.00000053701006607
0.00000014119449021
0.00000005235391995
0.00000060083071715
0.00000001780554070
0.00000077854374522
0.00000012692251084
0.00000089334558694
0.00000046271367844
0.00000005597576779
0.00000026104137906
0.00000015923301170
0.00000010400156213
0.00000042816985634
0.00000090608216401
0.00000021130220492
0.00000019861189576
0.00000016938335128
0.00000002424786664
0.00000030280357358
0.00000041507681770
0.00000031079906592
0.00000004628053378
0.00000007808390656
0.00000085721192419
0.00000014779122352
0.00000054593067197
0.00000105982917717
0.00000098833410620
0.00000019030139612
0.00000138839091931
