0.00000000000000000
0.00000000000000000
0.00000000000000000
0.00000001300889600
0.00000006792005288
0.00000004379764725
0.00000001504746634
0.00000004091847879
0.00000002887579827
0.00000012830541237
0.00000020386462277
0.00000002306776044
0.00000039737586776
0.00000024409611564
0.00000002348360904
0.00000039073389811
0.00000010172326983
0.00000002835812556
0.00000065041175562
0.00000018072027673
0.00000012248651075
0.00000010993758701
0.00000024699985877
0.00000054956087905
0.00000013797965904
0.00000023220218911
0.00000045167441304
0.00000011023373735
0.00000073005154012
0.00000050498592908
0.00000063924264737
0.00000024415415089
0.00000001423912022
0.00000001780554070
0.00000080507391046
0.00000031562063208
0.00000083151298657
0.00000046271367844
0.00000015647942934
0.00000022627985391
0.00000093575273653
0.00000028340402712
0.00000019302345742
0.00000022402515859
0.00000005801675324
0.00000011036145955
0.00000006195987221
0.00000027897832327
0.00000098889147921
0.00000015460750391
0.00000045735619675
0.00000015815125222
0.00000058175643972
0.00000000765401449
0.00000029305208659
0.00000062847669246
0.00000002211802260
0.00000000435677738
0.00000167731830460
0.00000037794724526
