0.00000000000000000
0.00000007175807783
0.00000012226836046
0.00000018757305474
0.00000015478991282
0.00000031088304089
0.00000016602883881
0.00000031463565228
0.00000032613687925
0.00000031278759058
0.00000057024159453
0.00000042142623190
0.00000046625607533
0.00000199490793321
0.00000061774100062
0.00000083089141838
0.00000020862655682
0.00000017249273375
0.00000069026940720
0.00000082785196145
0.00000078612413325
0.00000080445253118
0.00000093721048051
0.00000073967366628
0.00000101494206170
0.00000175347395606
0.00000036757636635
0.00000090889002583
0.00000118382476298
0.00000214940340401
0.00000133144574453
0.00000382773777513
0.00000177201971354
0.00000225769924427
0.00000049466419067
0.00000199614339254
0.00000257354474454
0.00000372878742121
0.00000131969368028
0.00000126800262721
0.00000612062982993
0.00000069382544388
0.00000139515593160
0.00000213337090939
0.00000196035929649
0.00000197213996151
0.00000183443279206
0.00000180022527508
0.00000205889083315
0.00000181409138736
0.00000356057918718
0.00000327100881365
0.00001099458010383
0.00000260518178133
0.00000815996786015
0.00000258874681801
0.00000259710794852
0.00000262782260909
0.00000253866259095
0.00000218626362644
