0.00000000000000000
0.00000001203270299
0.00000005727068786
0.00000018757305474
0.00000015478991282
0.00000011059217725
0.00000034702694834
0.00000031463565228
0.00000038671423946
0.00000061628789320
0.00000119362567712
0.00000029953381741
0.00000046625607533
0.00000063640620799
0.00000104696210155
0.00000064656692077
0.00000065329674094
0.00000062948574944
0.00000087571623076
0.00000076591114519
0.00000097232296804
0.00000074226053678
0.00000087489251533
0.00000086456204850
0.00000120265407984
0.00000037413092494
0.00000043040077136
0.00000134955162302
0.00000215937104692
0.00000372884145610
0.00000209146527089
0.00000021033273031
0.00000177201971354
0.00000162049326226
0.00000135697609973
0.00000154829043735
0.00000467072524366
0.00000559170208904
0.00000254241948148
0.00000311792475708
0.00000163491924605
0.00000150803100412
0.00000178450587392
0.00000310871734990
0.00000664007446806
0.00000327787542611
0.00000071690869641
0.00000482047821181
0.00000173046935708
0.00000168245670797
0.00000237346742129
0.00000631120564624
0.00000211660215667
0.00000247247734549
0.00000194599766357
0.00000378792994584
0.00000206305813055
0.00000071674953799
0.00000186839326577
0.00000205193823338
