0.00000000000000000
0.00000001203270299
0.00000011711703730
0.00000006763791659
0.00000021487894707
0.00000025067229544
0.00000022636154199
0.00000031463565228
0.00000050786895989
0.00000025208753005
0.00000015963451788
0.00000036048002465
0.00000058839538465
0.00000132178105988
0.00000055642370049
0.00000052368392236
0.00000108425838982
0.00000062948574944
0.00000178235490696
0.00000088979277770
0.00000084819041152
0.00000080445253118
0.00000099952844569
0.00000080211785739
0.00000180073821032
0.00000250584288213
0.00000164280459394
0.00000192393452755
0.00000099458726431
0.00000107488552636
0.00000139478070506
0.00000497007621033
0.00000113610179239
0.00000341343399566
0.00000161237476047
0.00000122839546936
0.00000486305099555
0.00000134604908771
0.00000215648486533
0.00000165499621994
0.00000286288118308
0.00000062906496012
0.00000178450587392
0.00000206834781336
0.00000183004969400
0.00000063933096770
0.00000562333463577
0.00000750809051837
0.00000089690245150
0.00000187990872706
0.00000323082591888
0.00000201540829822
0.00000251391071002
0.00000214071625590
0.00000261086381645
0.00000405441508536
0.00000273062040301
0.00000282849693791
0.00000428136283641
0.00000413398182582
