0.00000000000000000
0.00000010741804668
0.00000011711703730
0.00000018757305474
0.00000015478991282
0.00000025067229544
0.00000028669424517
0.00000059218796669
0.00000050786895989
0.00000049488777215
0.00000076786461155
0.00000073655170574
0.00000052732572999
0.00000045282615163
0.00000067905830076
0.00000021361406807
0.00000053016484126
0.00000069117640200
0.00000081390062291
0.00000101367441021
0.00000084819041152
0.00000280268314405
0.00000199173388278
0.00000098945043071
0.00000170321946153
0.00000094251469569
0.00000101456054385
0.00000084593836909
0.00000130998309543
0.00000107488552636
0.00000107810590241
0.00000105893219770
0.00000234434584258
0.00000111072847665
0.00000135697609973
0.00000049903735778
0.00000129137306521
0.00000192419501910
0.00000144843078567
0.00000255798126965
0.00000124714179225
0.00000286800116317
0.00000146004758865
0.00000196308414074
0.00000189520449524
0.00000144984577567
0.00000216152785468
0.00000166912223573
0.00000490364445959
0.00000339370754006
0.00000336272722620
0.00000353566766475
0.00000337474590894
0.00000363192670310
0.00000400708273749
0.00000232226167849
0.00000192954567605
0.00000262782260909
0.00000280677032102
0.00000110470850353
