0.00000000000000000
0.00000001203270299
0.00000011711703730
0.00000018757305474
0.00000027496798132
0.00000071269963174
0.00000049763089613
0.00000043554546814
0.00000009790464225
0.00000049488777215
0.00000069188761326
0.00000054331864639
0.00000058839538465
0.00000132178105988
0.00000055642370049
0.00000064656692077
0.00000065329674094
0.00000226997492056
0.00000124660987789
0.00000132337849148
0.00000084819041152
0.00000286487513845
0.00000087489251533
0.00000098945043071
0.00000192587955575
0.00000125600174821
0.00000095173613884
0.00000097184168257
0.00000203321271448
0.00000132771326228
0.00000107810590241
0.00000213780738650
0.00000139046896085
0.00000123816967305
0.00000244242040789
0.00000574531483282
0.00000135548164918
0.00000077381932741
0.00000189901065454
0.00000139700049146
0.00000163491924605
0.00000137851003659
0.00000178450587392
0.00000317374044593
0.00000274221691145
0.00000164570609536
0.00000333907008013
0.00000173467375540
0.00000238731230923
0.00000753197084943
0.00000204371415299
0.00000194932406057
0.00000178551169555
0.00000287059065301
0.00000380762289162
0.00000074231742598
0.00000233008303953
0.00000098431530976
0.00000200244713080
0.00000265640250216
