0.00000000000000000
0.00000007175807783
0.00000000257566158
0.00000000767034751
0.00000015478991282
0.00000011059217725
0.00000022636154199
0.00000025418074435
0.00000058252352396
0.00000037348765110
0.00000038777256643
0.00000042142623190
0.00000058839538465
0.00000045282615163
0.00000098564480142
0.00000230262504096
0.00000065329674094
0.00000264011883588
0.00000069026940720
0.00000070397032894
0.00000039313515377
0.00000080445253118
0.00000087489251533
0.00000086456204850
0.00000157807811611
0.00000319551439770
0.00000189410221398
0.00000103479333931
0.00000137306226165
0.00000158054099820
0.00000367201613735
0.00000465275997833
0.00000113610179239
0.00000117444907485
0.00000142082576491
0.00000129237446296
0.00000148369881711
0.00000134604908771
0.00000131969368028
0.00000275147806602
0.00000137640094351
0.00000150803100412
0.00000048670212292
0.00000310871734990
0.00000176489489275
0.00000184156641505
0.00000196527081711
0.00000232463743245
0.00000199320653794
0.00000253808212401
0.00000356209140815
0.00000227974524884
0.00000211660215667
0.00000194165960214
0.00000064698033265
0.00000245550424825
0.00000206305813055
0.00000195890817967
0.00000247163565843
0.00000211910092991
