0.00000000000000000
0.00000001203270299
0.00000005727068786
0.00000006763791659
0.00000015478991282
0.00000025067229544
0.00000028669424517
0.00000025418074435
0.00000076425560460
0.00000049488777215
0.00000038777256643
0.00000042142623190
0.00000058839538465
0.00000063640620799
0.00000177363370455
0.00000181109304734
0.00000071486269078
0.00000062948574944
0.00000134964565198
0.00000076591114519
0.00000033106887551
0.00000086664452558
0.00000168014405689
0.00000025943339144
0.00000101494206170
0.00000043682833544
0.00000157998018893
0.00000090889002583
0.00000443022103101
0.00000208546117262
0.00000107810590241
0.00000131278518330
0.00000229785498183
0.00000136561086945
0.00000129312643454
0.00000142033245016
0.00000161191598504
0.00000128181065089
0.00000144843078567
0.00000524638951710
0.00000182880797295
0.00000144327052035
0.00000645673457176
0.00000304369425387
0.00000377326321321
0.00000327787542611
0.00000242320390478
0.00000724588443968
0.00000186183794751
0.00000168245670797
0.00000085811460807
0.00000201540829822
0.00000191794788000
0.00000187530738422
0.00000347518981519
0.00000338820223656
0.00000199630190330
0.00000195890817967
0.00000087971096747
0.00000218626362644
