0.00000000000000000
0.00000010741804668
0.00000011711703730
0.00000018757305474
0.00000015478991282
0.00000025067229544
0.00000028669424517
0.00000031463565228
0.00000032613687925
0.00000114401386202
0.00000044859557579
0.00000036048002465
0.00000034411676601
0.00000051401950375
0.00000104696210155
0.00000064656692077
0.00000254813265072
0.00000081455770710
0.00000075208501506
0.00000070397032894
0.00000268958744956
0.00000099102851438
0.00000043378475337
0.00000157076140471
0.00000042418341067
0.00000113060692720
0.00000088891173383
0.00000192393452755
0.00000203321271448
0.00000126450632830
0.00000139478070506
0.00000207434414010
0.00000189920329777
0.00000162049326226
0.00000534723874482
0.00000161226943095
0.00000174013315297
0.00000179571814546
0.00000177027354915
0.00000159049728782
0.00000137640094351
0.00000176707293917
0.00000165472255981
0.00000226341710146
0.00000176489489275
0.00000164570609536
0.00000157275674196
0.00000331279325935
0.00000192752224273
0.00000227481276523
0.00000177991153835
0.00000181715558526
0.00000191794788000
0.00000366681726804
0.00000267735043173
0.00000198915525409
0.00000406574494795
0.00000091742386682
0.00000253866259095
0.00000285789059175
