0.00000000000000000
0.00000004769267185
0.00000011711703730
0.00000041210263604
0.00000015478991282
0.00000005038143180
0.00000022636154199
0.00000037509056021
0.00000032613687925
0.00000043418771163
0.00000044859557579
0.00000024898204779
0.00000040518642067
0.00000057521285587
0.00000061774100062
0.00000113809891439
0.00000059173079110
0.00000062948574944
0.00000081390062291
0.00000088979277770
0.00000097232296804
0.00000317583511045
0.00000099952844569
0.00000111433881293
0.00000170321946153
0.00000325821180820
0.00000101456054385
0.00000185316487695
0.00000424098353234
0.00000107488552636
0.00000107810590241
0.00000105893219770
0.00000119969358451
0.00000220274262983
0.00000534723874482
0.00000142033245016
0.00000129137306521
0.00000134604908771
0.00000189901065454
0.00000595587777044
0.00000137640094351
0.00000049954399259
0.00000541846805892
0.00000527926203846
0.00000176489489275
0.00000325080189690
0.00000464204944790
0.00000317680718819
0.00000186183794751
0.00000359115955915
0.00000765103193509
0.00000234582948649
0.00000371058995911
0.00000227342069174
0.00000347518981519
0.00000733782462906
0.00000339818267548
0.00000195890817967
0.00000206947406332
0.00000929855748021
