0.00000000000000000
0.00000005767102208
0.00000018537800418
0.00000027523565764
0.00000015232845190
0.00000049070282727
0.00000012718586569
0.00000057476464384
0.00000027663805738
0.00000066924278408
0.00000021380187817
0.00000106685063525
0.00000038671145436
0.00000029620594256
0.00000022751727250
0.00000048172228227
0.00000048083707074
0.00000170486615373
0.00000144155719811
0.00000034123195308
0.00000033723860227
0.00000187057654903
0.00000157529827548
0.00000005779991677
0.00000187873563416
0.00000223388700184
0.00000219139998332
0.00000196734581144
0.00000106727291370
0.00000217200412076
0.00000116173934103
0.00000106047532875
0.00000083707039663
0.00000249963637727
0.00000091649373442
0.00000254083239096
0.00000149450316790
0.00000250869473766
0.00000361359435736
0.00000056431743148
0.00000342558317512
0.00000323963907554
0.00000371405414727
0.00000293525385897
0.00000795896001441
0.00000349968581337
0.00000392222459559
0.00000395134401815
0.00000417951946552
0.00000127838513498
0.00000497356542225
0.00000466293015940
0.00000034439685842
0.00000415521585297
0.00000467858389490
0.00000167998312519
0.00000140087535648
0.00000487830670845
0.00000572796204546
0.00000471092202911
