0.00000000000000000
0.00000005767102208
0.00000008986401049
0.00000001874785819
0.00000038191432626
0.00000042220096764
0.00000012718586569
0.00000019363526015
0.00000066966987119
0.00000084514696514
0.00000096710561424
0.00000099638082999
0.00000093793755320
0.00000049426882537
0.00000098545163938
0.00000129603156561
0.00000113894028940
0.00000046996244803
0.00000031049079198
0.00000010889372269
0.00000070260765720
0.00000177749843257
0.00000182524490995
0.00000057983841423
0.00000227926484389
0.00000026203036922
0.00000240534384936
0.00000282911468875
0.00000063872759753
0.00000102121311246
0.00000076109417946
0.00000016892153590
0.00000312455178177
0.00000299215086511
0.00000091649373442
0.00000317221977175
0.00000083679757931
0.00000130721509610
0.00000293435551401
0.00000350296641626
0.00000360699189711
0.00000276847735466
0.00000327800411476
0.00000129315410206
0.00000415274577084
0.00000129553109809
0.00000392222459559
0.00000119507711515
0.00000142769343341
0.00000501221512569
0.00000149923850584
0.00000509188455916
0.00000140029560150
0.00000174937956360
0.00000001296587084
0.00000470911109643
0.00000405066777250
0.00000520926487344
0.00000088928788296
0.00000409218402802
