0.00000000000000000
0.00000016437695130
0.00000018537800418
0.00000006674807497
0.00000015378604725
0.00000049070282727
0.00000000455188955
0.00000057476464384
0.00000057141191774
0.00000084514696514
0.00000088837844808
0.00000020160585944
0.00000087485902903
0.00000117181862646
0.00000048004792610
0.00000129603156561
0.00000048083707074
0.00000155987758028
0.00000072775986881
0.00000151747389004
0.00000054520785416
0.00000196365466549
0.00000165861382030
0.00000173204636025
0.00000081065774153
0.00000175586115151
0.00000016198254318
0.00000225460210388
0.00000089585478723
0.00000040745790804
0.00000287855498433
0.00000296604046897
0.00000257432647921
0.00000082508711863
0.00000269853134848
0.00000022148740003
0.00000114127578196
0.00000282487359070
0.00000078343251006
0.00000105700614633
0.00000110963487462
0.00000364559288839
0.00000429545419061
0.00000072347123320
0.00000403628706136
0.00000308271042976
0.00000354898400388
0.00000453600669454
0.00000417951946552
0.00000127838513498
0.00000029782714058
0.00000444845295953
0.00000416717049838
0.00000467075220069
0.00000475549454679
0.00000415836055620
0.00000485176780525
0.00000443702915513
0.00000592545895006
0.00000577161574526
