0 5.8375e-17
5 2.58389e-07
10 5.16026e-07
15 5.70737e-07
20 9.1133e-07
25 1.03138e-06
30 1.01698e-06
35 2.09553e-06
40 1.86887e-06
45 1.95672e-06
50 2.08207e-06
55 1.90262e-06
60 2.26535e-06
65 3.86985e-06
70 3.75546e-06
75 3.99351e-06
80 3.64806e-06
85 3.34644e-06
90 3.91294e-06
95 4.25575e-06
100 4.42739e-06
105 3.84194e-06
110 3.84705e-06
115 4.22858e-06
120 4.66095e-06
125 3.97101e-06
130 6.97684e-06
135 6.55544e-06
140 7.10956e-06
145 8.39501e-06
150 7.82415e-06
155 7.93509e-06
160 7.7695e-06
165 8.46911e-06
170 8.08861e-06
175 8.72966e-06
180 7.76018e-06
185 7.86174e-06
190 8.16602e-06
195 9.18164e-06
200 8.176e-06
205 7.7654e-06
210 7.64522e-06
215 8.12285e-06
220 7.85949e-06
225 8.23391e-06
230 8.33358e-06
235 8.85545e-06
240 8.00127e-06
245 8.13783e-06
250 1.0228e-05
255 7.80686e-06
260 1.49439e-05
265 1.37655e-05
270 1.31735e-05
275 1.72652e-05
280 1.45305e-05
285 1.4839e-05
290 1.58576e-05
295 1.41351e-05
300 0
