0.00000000000000000
0.00000005767102208
0.00000018537800418
0.00000027523565764
0.00000038191432626
0.00000049070282727
0.00000048598401502
0.00000057476464384
0.00000066966987119
0.00000066924278408
0.00000088837844808
0.00000099638082999
0.00000106409460153
0.00000117181862646
0.00000128869386735
0.00000129603156561
0.00000146289576143
0.00000148738329356
0.00000170111986330
0.00000174981212043
0.00000174245391667
0.00000187057654903
0.00000199187599959
0.00000203035407308
0.00000214575510731
0.00000217413377055
0.00000229837191634
0.00000244610629884
0.00000252432698866
0.00000263232052407
0.00000267253710713
0.00000278163093927
0.00000290446166075
0.00000299215086511
0.00000305121672242
0.00000317221977175
0.00000333128557480
0.00000339399552617
0.00000350038788347
0.00000350296641626
0.00000360699189711
0.00000364559288839
0.00000378672915269
0.00000384598788135
0.00000391982835189
0.00000402090504287
0.00000410884489144
0.00000420191373660
0.00000432904514282
0.00000440992361137
0.00000449434791654
0.00000444845295953
0.00000464712447250
0.00000467075220069
0.00000475549454679
0.00000484679873149
0.00000497501396414
0.00000509894548511
0.00000523421978399
0.00000532966003019
