0	0.00000000000000000
1	0.00000000889548410
2	0.00000001864042365
3	0.00000000113139440
4	0.00000006387551995
5	0.00000005767102208
6	0.00000002771301320
7	0.00000000284552524
8	0.00000013801690070
9	0.00000015350714737
10	0.00000008986401049
11	0.00000006537998778
12	0.00000003310716751
13	0.00000004113594381
14	0.00000002422048958
15	0.00000006674807497
16	0.00000029907533220
17	0.00000026148250421
18	0.00000030124729870
19	0.00000035247169005
20	0.00000015232845190
21	0.00000012503399938
22	0.00000016142941555
23	0.00000012722616049
24	0.00000010627599171
25	0.00000007969166948
26	0.00000007234978292
27	0.00000004203326901
28	0.00000004566959629
29	0.00000006181700419
30	0.00000012718586569
31	0.00000010322067119
32	0.00000056884461511
33	0.00000053638680892
34	0.00000052479848366
35	0.00000057476464384
36	0.00000064121832677
37	0.00000064920192061
38	0.00000071071347637
39	0.00000073483188799
40	0.00000027663805738
41	0.00000025123014902
42	0.00000021847369357
43	0.00000028828543400
44	0.00000034037101673
45	0.00000031743442197
46	0.00000025578920230
47	0.00000026464473174
48	0.00000018018377336
49	0.00000026951878475
50	0.00000017983395264
51	0.00000010508130308
52	0.00000010602650080
53	0.00000017058588219
54	0.00000010197318128
55	0.00000008027336160
56	0.00000008977358501
57	0.00000010647601695
58	0.00000015271626756
59	0.00000011357460971
60	0.00000026055440602
61	0.00000018821055789
62	0.00000019808137174
63	0.00000016732929700
64	0.00000117158903047
65	0.00000105889365961
66	0.00000105615022101
67	0.00000105287042068
68	0.00000109202651782
69	0.00000111102649956
70	0.00000118761312470
71	0.00000111282247118
72	0.00000129006689373
73	0.00000130789408311
74	0.00000129404406540
75	0.00000129603156561
76	0.00000142840539305
77	0.00000148598795586
78	0.00000150110785577
79	0.00000152522188520
80	0.00000057201821335
81	0.00000051755860142
82	0.00000054614495596
83	0.00000044646893530
84	0.00000040899647864
85	0.00000039996899268
86	0.00000060876716544
87	0.00000065152352848
88	0.00000071220527463
89	0.00000063760502180
90	0.00000066286920251
91	0.00000066713222889
92	0.00000049101789238
93	0.00000056050196917
94	0.00000049709266726
95	0.00000047195185329
96	0.00000033640710144
97	0.00000032100777994
98	0.00000056050274726
99	0.00000049360557670
100	0.00000039065377936
101	0.00000036546522879
102	0.00000018074667343
103	0.00000019504318368
104	0.00000021707440011
105	0.00000019517045272
106	0.00000031024498156
107	0.00000032859562799
108	0.00000019785101953
109	0.00000018265564944
110	0.00000015893401349
111	0.00000015979121026
112	0.00000014851955326
113	0.00000018551039104
114	0.00000021540582363
115	0.00000024050779607
116	0.00000028542363087
117	0.00000035102787134
118	0.00000020210736722
119	0.00000025851400106
120	0.00000052443962425
121	0.00000056511275693
122	0.00000037500771720
123	0.00000041524571090
124	0.00000039476427286
125	0.00000039525517498
126	0.00000031852141256
127	0.00000026052059714
128	0.00000230418313236
129	0.00000237435980751
130	0.00000208442805030
131	0.00000215167276388
132	0.00000207194432655
133	0.00000208805201549
134	0.00000210525878521
135	0.00000215885000640
136	0.00000217016361496
137	0.00000219632638906
138	0.00000220203680650
139	0.00000214936299597
140	0.00000235290886219
141	0.00000234426974679
142	0.00000220582560887
143	0.00000217615810215
144	0.00000259077836677
145	0.00000263232052407
146	0.00000262458304696
147	0.00000260717331362
148	0.00000261632225082
149	0.00000259597979175
150	0.00000260386448140
151	0.00000253948444001
152	0.00000289311979901
153	0.00000290239122075
154	0.00000294984515971
155	0.00000296604046897
156	0.00000303383706832
157	0.00000303858433694
158	0.00000309224442706
159	0.00000306678991367
160	0.00000114374069257
161	0.00000111782751454
162	0.00000100531890536
163	0.00000101974715482
164	0.00000109355673665
165	0.00000112059581133
166	0.00000089544275234
167	0.00000086258328931
168	0.00000078156985496
169	0.00000085384736032
170	0.00000075876179181
171	0.00000080616387606
172	0.00000118571533977
173	0.00000123584928761
174	0.00000133499645097
175	0.00000135698105196
176	0.00000137960891801
177	0.00000142966611192
178	0.00000125302821208
179	0.00000128778016150
180	0.00000135321221353
181	0.00000128678254599
182	0.00000137022031161
183	0.00000133505823923
184	0.00000099621973775
185	0.00000092780047244
186	0.00000107665095472
187	0.00000111768947418
188	0.00000099954862402
189	0.00000097439415451
190	0.00000089663898395
191	0.00000100669030674
192	0.00000065133098651
193	0.00000061445711796
194	0.00000061004936146
195	0.00000066565015510
196	0.00000114318439865
197	0.00000116069325845
198	0.00000102222718623
199	0.00000099796599122
200	0.00000079515670627
201	0.00000077597120925
202	0.00000069261326543
203	0.00000079457968451
204	0.00000034248614554
205	0.00000039796238558
206	0.00000038653643365
207	0.00000042011297090
208	0.00000044400377438
209	0.00000040928321651
210	0.00000037100389803
211	0.00000036448574538
212	0.00000061585685252
213	0.00000064098294442
214	0.00000066599465392
215	0.00000065841880303
216	0.00000036992386087
217	0.00000035807707286
218	0.00000040996570490
219	0.00000031936701597
220	0.00000030960835821
221	0.00000031725954264
222	0.00000034066239194
223	0.00000026247661577
224	0.00000029431801084
225	0.00000037237043633
226	0.00000040858050917
227	0.00000036830942531
228	0.00000045791029332
229	0.00000048730313009
230	0.00000046974912232
231	0.00000050613582514
232	0.00000059312109442
233	0.00000058976344845
234	0.00000070063041974
235	0.00000069393767824
236	0.00000041110535792
237	0.00000036012154905
238	0.00000054666632782
239	0.00000051289180419
240	0.00000105387924015
241	0.00000098041135887
242	0.00000114060378134
243	0.00000108977047150
244	0.00000072884448086
245	0.00000080993617940
246	0.00000085994594659
247	0.00000079648681416
248	0.00000077897359900
249	0.00000075752490084
250	0.00000077704464629
251	0.00000082323651921
252	0.00000063361011172
253	0.00000061979994327
254	0.00000050531717236
255	0.00000048452263767
256	0.00000459004559208
257	0.00000465981140412
258	0.00000473421514677
259	0.00000478053737198
260	0.00000416717049838
261	0.00000419020840270
262	0.00000427401673417
263	0.00000433632199577
264	0.00000409835486680
265	0.00000415521585297
266	0.00000417213453409
267	0.00000417721027190
268	0.00000421501269772
269	0.00000422879881625
270	0.00000429403063541
271	0.00000428113160953
272	0.00000434432127301
273	0.00000435381673358
274	0.00000436336031190
275	0.00000436489200879
276	0.00000441786755973
277	0.00000446143123715
278	0.00000426944569534
279	0.00000429339566183
280	0.00000472852164637
281	0.00000472265685842
282	0.00000465592354644
283	0.00000476716944901
284	0.00000439283881288
285	0.00000443702915513
286	0.00000437756385212
287	0.00000436227746124
288	0.00000518039665032
289	0.00000523110932428
290	0.00000523421978399
291	0.00000528328266465
292	0.00000527884344730
293	0.00000519787774266
294	0.00000523180613153
295	0.00000524126888718
296	0.00000523493614050
297	inf
298	inf
299	inf
