    929.380
    921.168
    939.056
    929.344
    913.754
    940.060
    939.972
    939.995
    924.203
    924.697
    916.969
    940.385
    937.771
    940.323
    940.461
    940.144
    940.190
    936.694
    916.304
    930.080
    940.491
    940.221
    940.146
    937.992
    929.633
    930.059
    940.070
    940.270
    940.252
    940.214
    940.377
    915.007
    921.030
    940.419
    633.509
    788.252
    746.915
    752.217
    669.171
    847.462
    939.528
    939.986
    940.373
    924.819
    895.930
    930.186
    939.407
    940.152
    939.989
    939.628
    932.534
    914.096
    940.421
    927.623
    928.092
    933.163
    874.306
    921.567
    940.321
    940.024
    905.660
    921.584
    938.958
    940.194
    939.974
    939.964
    940.033
    940.152
    894.518
    940.343
    940.019
    940.071
    939.984
    918.077
    918.059
    927.970
    941.214
    940.210
    870.783
    940.147
    935.291
    926.700
    940.080
    922.714
    940.039
    940.035
    940.089
    940.247
    939.935
    940.148
    940.137
    934.180
    940.193
    940.321
    940.325
    940.193
    940.196
    908.570
    901.809
    793.672
    903.664
