   1097.822
   1054.662
   1087.581
   1096.210
    999.524
   1091.068
   1003.973
   1058.606
   1069.151
   1013.662
   1084.201
   1092.187
   1084.846
   1052.233
   1094.172
   1070.256
   1072.900
   1062.413
   1097.818
   1095.965
   1097.995
   1097.883
   1092.509
   1098.105
    997.166
   1088.827
   1097.867
   1001.072
   1040.595
   1077.534
   1092.605
   1095.024
   1096.785
   1075.438
   1097.868
   1097.629
   1095.948
   1052.022
   1069.237
   1097.590
   1050.314
   1048.497
   1054.432
   1037.360
   1080.907
   1070.829
   1095.845
   1094.675
   1090.126
   1046.206
   1083.359
   1050.144
   1096.033
   1090.466
   1081.132
   1092.409
   1032.507
   1065.405
   1017.421
   1094.126
   1028.930
   1098.259
   1007.632
   1094.381
   1095.842
   1092.336
   1070.096
   1097.187
   1053.640
   1051.889
   1064.250
   1065.625
   1062.165
   1077.977
   1095.982
   1052.801
   1060.409
   1008.467
   1083.297
   1097.924
   1088.752
   1069.990
   1097.708
   1097.690
   1038.715
   1094.387
   1088.213
   1088.699
   1097.740
   1032.355
   1088.018
   1091.103
   1021.102
   1025.597
   1092.563
   1086.777
   1075.895
   1063.854
   1079.909
   1091.451
   1083.323
