           7.228
           7.205
           7.377
           6.985
           6.995
           7.224
           7.067
           7.134
           6.953
           7.773
           7.332
           7.160
           7.032
           8.440
           7.241
           7.049
           7.183
           7.074
       -3023.284
           7.645
           7.662
           7.311
           7.088
           7.052
           7.657
           6.973
           7.219
           6.949
           7.668
           7.626
           7.196
           7.007
           7.220
           6.997
           7.320
           7.320
           6.959
           7.726
           7.080
           7.247
           7.292
           7.566
           7.795
           7.306
           7.764
           7.137
           7.038
           7.342
           7.048
           8.207
           7.031
           7.501
           7.314
           7.031
           6.995
           7.231
           7.652
           6.976
           7.565
           7.042
           7.235
           7.436
           7.417
           7.024
           7.310
           7.561
           7.019
           7.355
           7.504
           7.211
           7.041
           7.315
           7.242
           7.098
           7.188
           7.300
           7.113
           7.692
           8.912
           7.302
           7.072
           7.276
           6.989
           6.952
           7.602
           7.484
           6.997
           7.724
           7.728
           6.972
           7.462
           7.321
           7.293
           7.773
           6.961
           6.973
           7.727
           6.973
           7.486
           7.415
           7.112
