           6.950
           7.036
           6.949
           7.005
           6.983
           6.951
           6.947
           6.951
           6.947
           6.947
           6.948
           6.949
           6.970
           6.976
           6.947
           6.951
           6.974
           6.950
           6.985
           7.132
           7.353
           6.948
           6.949
           6.982
           6.951
           6.977
           7.218
           6.976
           6.958
           7.767
           6.982
           6.972
           6.956
           7.106
           7.623
           7.042
           7.758
           6.960
           6.947
           7.652
           6.971
           7.008
           7.658
           7.077
           6.949
           6.950
           6.974
           7.033
           6.971
           6.950
           6.951
           7.000
           6.997
           7.837
           6.975
           6.950
           6.984
           6.950
           6.948
           6.952
           6.997
           6.950
           7.155
           7.020
           6.950
           6.982
           7.719
           6.999
           6.949
           6.947
           7.604
           6.950
           6.948
           7.017
           6.949
           6.949
           6.950
           6.948
           6.974
           7.079
           6.972
           6.948
           6.949
           6.950
           6.948
           7.000
           6.961
           6.950
           7.101
           6.953
           6.951
           6.958
           6.949
           6.950
           6.949
           6.949
           6.951
           6.950
           6.973
           6.975
           6.949
