           7.683
           7.998
           8.924
           8.821
           7.669
           8.683
           7.785
           7.680
           7.691
           9.355
           8.625
           8.051
           7.355
           7.346
           8.930
           8.595
           7.363
           9.209
           7.917
          10.352
           7.493
          10.100
           7.899
           7.783
           7.748
           7.648
           7.391
           9.277
           9.938
           7.767
           8.026
           7.395
           7.695
           8.027
          10.132
           7.546
           7.566
           8.884
           9.266
           8.351
           7.345
           7.816
           7.647
           7.411
           7.405
           9.896
           7.338
           7.892
           7.552
           7.892
           7.788
           8.310
          13.003
           8.476
           9.512
           8.263
           9.234
          14.986
           7.682
           9.669
           7.646
           7.815
           8.981
           8.003
           8.115
           7.889
           7.791
           7.946
           9.014
           7.994
           8.908
           7.418
           7.372
           9.875
           7.368
           7.876
           7.753
          11.637
           8.527
           7.715
           7.534
           7.365
           7.347
           7.850
           9.652
           8.803
           7.997
           7.671
           7.346
           8.033
           9.750
           8.261
           7.343
           7.723
           7.593
           7.756
          10.492
          14.262
           8.906
           7.629
           7.661
