  rapi_ite;         10;      10000;       1.247e+08;      -99992.620;           7.386;       -3022.929;       17407.764 (-575.858 %)
  rapi_ite;         10;      10000;       1.028e+25;           7.331;           7.345;           7.334;           0.002 ( 0.032 %)
  rapi_ite;         10;      10000;       1.227e+25;           7.331;           7.342;           7.334;           0.002 ( 0.027 %)
  rapi_ite;         10;      10000;       1.465e+09;           7.332;           7.342;           7.334;           0.002 ( 0.027 %)
  rapi_ite;         10;      10000;       1.498e+14;           7.331;           7.341;           7.334;           0.002 ( 0.024 %)
  rapi_ite;         10;      10000;       1.618e+15;           7.330;           7.360;           7.334;           0.007 ( 0.093 %)
  rapi_ite;         10;      10000;       2.078e+14;           7.332;           7.347;           7.334;           0.003 ( 0.035 %)
  rapi_ite;         10;      10000;       2.239e+12;           7.331;           7.344;           7.334;           0.002 ( 0.034 %)
  rapi_ite;         10;      10000;       2.301e+25;           7.330;           7.357;           7.334;           0.006 ( 0.075 %)
  rapi_ite;         10;      10000;       2.980e+15;           7.332;           7.343;           7.334;           0.002 ( 0.029 %)
  rapi_ite;         10;      10000;       3.697e+11;           7.330;           7.356;           7.334;           0.005 ( 0.073 %)
  rapi_ite;         10;      10000;       5.356e+23;           7.331;           7.345;           7.334;           0.002 ( 0.032 %)
  rapi_ite;         10;      10000;       7.306e+18;           7.330;           7.345;           7.334;           0.003 ( 0.042 %)
  rapi_ite;         10;      10000;       8.835e+08;           7.331;           7.342;           7.334;           0.002 ( 0.025 %)
  rapi_ite;         10;      10000;       9.644e+19;           7.331;           7.345;           7.334;           0.002 ( 0.033 %)
  rapi_ite;         10;      10000;       1.148e+16;           7.331;           7.358;           7.335;           0.005 ( 0.065 %)
  rapi_ite;         10;      10000;       1.464e+13;           7.330;           7.358;           7.335;           0.009 ( 0.117 %)
  rapi_ite;         10;      10000;       1.977e+21;           7.332;           7.349;           7.335;           0.004 ( 0.054 %)
  rapi_ite;         10;      10000;       2.084e+15;           7.332;           7.356;           7.335;           0.004 ( 0.060 %)
  rapi_ite;         10;      10000;       2.161e+15;           7.330;           7.358;           7.335;           0.005 ( 0.064 %)
  rapi_ite;         10;      10000;       2.193e+19;           7.331;           7.360;           7.335;           0.005 ( 0.067 %)
  rapi_ite;         10;      10000;       2.638e+10;           7.332;           7.343;           7.335;           0.002 ( 0.026 %)
  rapi_ite;         10;      10000;       2.859e+15;           7.332;           7.347;           7.335;           0.003 ( 0.035 %)
  rapi_ite;         10;      10000;       3.061e+12;           7.332;           7.344;           7.335;           0.002 ( 0.028 %)
  rapi_ite;         10;      10000;       3.732e+18;           7.331;           7.357;           7.335;           0.005 ( 0.067 %)
  rapi_ite;         10;      10000;       4.631e+10;           7.332;           7.349;           7.335;           0.003 ( 0.037 %)
  rapi_ite;         10;      10000;       4.747e+12;           7.330;           7.358;           7.335;           0.005 ( 0.068 %)
  rapi_ite;         10;      10000;       1.138e+17;           7.332;           7.342;           7.336;           0.002 ( 0.026 %)
  rapi_ite;         10;      10000;       1.536e+10;           7.333;           7.347;           7.336;           0.002 ( 0.034 %)
  rapi_ite;         10;      10000;       2.571e+13;           7.330;           7.361;           7.336;           0.007 ( 0.097 %)
  rapi_ite;         10;      10000;       2.691e+15;           7.333;           7.342;           7.336;           0.002 ( 0.025 %)
  rapi_ite;         10;      10000;       2.880e+09;           7.332;           7.362;           7.336;           0.005 ( 0.070 %)
  rapi_ite;         10;      10000;       3.352e+17;           7.333;           7.348;           7.336;           0.002 ( 0.033 %)
  rapi_ite;         10;      10000;       3.505e+12;           7.332;           7.360;           7.336;           0.005 ( 0.063 %)
  rapi_ite;         10;      10000;       3.653e+26;           7.332;           7.350;           7.336;           0.003 ( 0.041 %)
  rapi_ite;         10;      10000;       4.164e+14;           7.333;           7.345;           7.336;           0.002 ( 0.028 %)
  rapi_ite;         10;      10000;       5.450e+14;           7.332;           7.344;           7.336;           0.002 ( 0.029 %)
  rapi_ite;         10;      10000;       7.465e+08;           7.330;           7.361;           7.336;           0.007 ( 0.100 %)
  rapi_ite;         10;      10000;       7.566e+11;           7.333;           7.345;           7.336;           0.002 ( 0.031 %)
  rapi_ite;         10;      10000;       9.218e+16;           7.332;           7.361;           7.336;           0.007 ( 0.090 %)
  rapi_ite;         10;      10000;       4.187e+09;           7.331;           7.362;           7.337;           0.007 ( 0.096 %)
  rapi_ite;         10;      10000;       5.548e+25;           7.332;           7.360;           7.337;           0.007 ( 0.096 %)
  rapi_ite;         10;      10000;       2.673e+17;           7.333;           7.361;           7.338;           0.008 ( 0.114 %)
  rapi_ite;         10;      10000;       3.638e+12;           7.335;           7.361;           7.338;           0.005 ( 0.063 %)
  rapi_ite;         10;      10000;       3.641e+17;           7.332;           7.354;           7.338;           0.006 ( 0.077 %)
  rapi_ite;         10;      10000;       1.529e+12;           7.331;           7.674;           7.344;           0.059 ( 0.806 %)
  rapi_ite;         10;      10000;       3.798e+09;           7.332;           7.647;           7.344;           0.055 ( 0.743 %)
  rapi_ite;         10;      10000;       5.005e+15;           7.333;           7.591;           7.344;           0.045 ( 0.609 %)
  rapi_ite;         10;      10000;       8.903e+34;           7.331;           7.649;           7.344;           0.055 ( 0.746 %)
  rapi_ite;         10;      10000;       4.764e+11;           7.331;           7.686;           7.345;           0.061 ( 0.833 %)
  rapi_ite;         10;      10000;       1.508e+06;           7.333;           7.666;           7.346;           0.057 ( 0.783 %)
  rapi_ite;         10;      10000;       1.926e+09;           7.331;           7.710;           7.346;           0.065 ( 0.891 %)
  rapi_ite;         10;      10000;       3.854e+07;           7.331;           7.731;           7.346;           0.069 ( 0.941 %)
  rapi_ite;         10;      10000;       1.467e+19;           7.330;           7.707;           7.347;           0.065 ( 0.883 %)
  rapi_ite;         10;      10000;       1.852e+16;           7.332;           7.730;           7.347;           0.069 ( 0.935 %)
  rapi_ite;         10;      10000;       1.959e+13;           7.332;           7.732;           7.347;           0.069 ( 0.941 %)
  rapi_ite;         10;      10000;       8.890e+19;           7.332;           7.724;           7.347;           0.068 ( 0.921 %)
  rapi_ite;         10;      10000;       1.110e+12;           7.333;           7.705;           7.348;           0.064 ( 0.874 %)
  rapi_ite;         10;      10000;       1.197e+19;           7.332;           7.782;           7.349;           0.078 ( 1.059 %)
  rapi_ite;         10;      10000;       9.860e+11;           7.332;           7.768;           7.349;           0.075 ( 1.025 %)
  rapi_ite;         10;      10000;       9.798e+20;           7.331;           7.636;           7.350;           0.063 ( 0.857 %)
  rapi_ite;         10;      10000;       1.759e+09;           7.332;           7.389;           7.352;           0.022 ( 0.302 %)
  rapi_ite;         10;      10000;       1.027e+08;           7.331;           7.648;           7.353;           0.075 ( 1.021 %)
  rapi_ite;         10;      10000;       3.622e+13;           7.331;           7.650;           7.353;           0.075 ( 1.027 %)
  rapi_ite;         10;      10000;       6.626e+08;           7.331;           7.375;           7.353;           0.017 ( 0.227 %)
  rapi_ite;         10;      10000;       5.287e+10;           7.333;           7.361;           7.356;           0.006 ( 0.081 %)
  rapi_ite;         10;      10000;       5.535e+13;           7.332;           7.382;           7.356;           0.023 ( 0.308 %)
  rapi_ite;         10;      10000;       5.733e+22;           7.334;           7.363;           7.356;           0.009 ( 0.129 %)
  rapi_ite;         10;      10000;       9.732e+24;           7.343;           7.360;           7.357;           0.003 ( 0.038 %)
  rapi_ite;         10;      10000;       1.091e+17;           7.342;           7.361;           7.358;           0.003 ( 0.042 %)
  rapi_ite;         10;      10000;       1.144e+11;           7.354;           7.360;           7.358;           0.001 ( 0.017 %)
  rapi_ite;         10;      10000;       1.208e+27;           7.343;           7.361;           7.358;           0.003 ( 0.040 %)
  rapi_ite;         10;      10000;       1.008e+15;           7.357;           7.375;           7.359;           0.003 ( 0.041 %)
  rapi_ite;         10;      10000;       1.418e+16;           7.357;           7.369;           7.359;           0.002 ( 0.028 %)
  rapi_ite;         10;      10000;       1.974e+14;           7.357;           7.368;           7.359;           0.002 ( 0.026 %)
  rapi_ite;         10;      10000;       4.264e+12;           7.357;           7.368;           7.359;           0.002 ( 0.027 %)
  rapi_ite;         10;      10000;       7.166e+11;           7.345;           7.363;           7.359;           0.003 ( 0.039 %)
  rapi_ite;         10;      10000;       7.501e+07;           7.358;           7.370;           7.360;           0.002 ( 0.028 %)
  rapi_ite;         10;      10000;       8.822e+13;           7.358;           7.371;           7.360;           0.002 ( 0.031 %)
  rapi_ite;         10;      10000;       1.862e+12;           7.346;           7.363;           7.361;           0.003 ( 0.039 %)
  rapi_ite;         10;      10000;       4.059e+20;           7.335;           7.614;           7.362;           0.047 ( 0.632 %)
  rapi_ite;         10;      10000;       1.160e+12;           7.331;           8.019;           7.363;           0.125 ( 1.695 %)
  rapi_ite;         10;      10000;       1.118e+10;           7.334;           7.395;           7.366;           0.023 ( 0.317 %)
  rapi_ite;         10;      10000;       1.189e+09;           7.336;           7.653;           7.367;           0.052 ( 0.700 %)
  rapi_ite;         10;      10000;       5.838e+15;           7.331;           7.386;           7.367;           0.019 ( 0.262 %)
  rapi_ite;         10;      10000;       9.921e+19;           7.330;           8.011;           7.367;           0.128 ( 1.735 %)
  rapi_ite;         10;      10000;       1.852e+23;           7.331;           8.181;           7.370;           0.154 ( 2.083 %)
  rapi_ite;         10;      10000;       1.351e+12;           7.332;           8.074;           7.377;           0.147 ( 1.989 %)
  rapi_ite;         10;      10000;       4.561e+10;           7.332;           8.378;           7.378;           0.188 ( 2.546 %)
  rapi_ite;         10;      10000;       6.079e+22;           7.340;           8.082;           7.379;           0.126 ( 1.710 %)
  rapi_ite;         10;      10000;       1.167e+15;           7.373;           7.386;           7.381;           0.003 ( 0.039 %)
  rapi_ite;         10;      10000;       1.799e+18;           7.331;           8.890;           7.381;           0.271 ( 3.668 %)
  rapi_ite;         10;      10000;       2.518e+18;           7.333;           8.115;           7.392;           0.133 ( 1.793 %)
  rapi_ite;         10;      10000;       1.361e+14;           7.358;           8.114;           7.405;           0.130 ( 1.758 %)
  rapi_ite;         10;      10000;       2.510e+11;           7.330;           9.430;           7.461;           0.447 ( 5.988 %)
  rapi_ite;         10;      10000;       5.461e+16;           7.332;          11.991;           7.498;           0.815 (10.870 %)
  rapi_ite;         10;      10000;       3.929e+26;           7.332;          10.772;           7.532;           0.628 ( 8.335 %)
  rapi_ite;         10;      10000;       3.856e+18;           7.334;          12.668;           7.555;           0.937 (12.401 %)
  rapi_ite;         10;      10000;       2.781e+10;           7.332;          10.515;           7.579;           0.730 ( 9.637 %)
  rapi_ite;         10;      10000;       9.874e+14;           7.330;          17.324;           7.824;           1.817 (23.223 %)
  rapi_ite;         10;      10000;       9.274e+15;           7.331;          18.060;           7.855;           2.021 (25.730 %)
