    665.833
    703.437
    666.011
    706.264
    666.636
    706.227
    666.342
    666.403
    666.565
    704.737
    706.208
    700.727
    659.230
    666.010
    666.581
    665.507
    663.142
    660.228
    694.527
    661.350
    673.740
    688.875
    660.460
    663.076
    666.310
    666.114
    694.292
    660.445
    666.566
    663.073
    706.226
    666.171
    666.002
    666.576
    685.318
    628.735
    666.093
    666.543
    705.518
    666.317
    666.348
    656.635
    666.645
    665.954
    654.562
    699.092
    704.116
    706.209
    666.568
    696.405
    666.009
    665.508
    666.638
    666.565
    706.182
    666.636
    706.202
    666.573
    706.279
    704.660
    698.607
    706.222
    702.285
    666.514
    666.003
    703.491
    706.285
    665.484
    701.201
    666.574
    666.588
    701.231
    666.577
    666.634
    666.568
    666.029
    666.574
    700.592
    698.719
    673.075
    704.762
    703.489
    686.657
    666.009
    706.226
    666.269
    666.349
    706.226
    704.373
    666.561
    706.242
    666.571
    628.745
    665.841
    665.512
    699.729
    666.328
    666.565
    666.013
    665.163
    688.149
