    573.934
    575.431
    577.841
    573.895
    540.575
    558.511
    557.299
    568.253
    560.971
    577.927
    571.223
    574.750
    576.788
    578.184
    563.774
    575.210
    578.568
    577.132
    577.809
    573.969
    571.953
    574.864
    539.639
    565.182
    577.931
    575.952
    572.432
    572.219
    566.585
    570.228
    576.323
    576.095
    566.264
    573.307
    320.363
    471.039
    447.540
    421.028
    468.911
    451.459
    572.500
    553.797
    532.963
    567.602
    571.468
    561.201
    570.578
    563.145
    568.005
    580.962
    571.750
    576.398
    576.479
    577.495
    571.342
    571.863
    582.359
    582.986
    571.548
    545.239
    563.035
    577.200
    570.762
    576.829
    576.567
    578.639
    577.877
    578.186
    576.651
    573.181
    577.381
    574.866
    578.091
    567.829
    572.722
    572.236
    572.101
    568.262
    547.559
    577.152
    574.636
    578.036
    577.111
    577.878
    577.023
    577.422
    576.822
    576.786
    572.985
    578.426
    577.119
    576.425
    580.103
    573.908
    572.868
    578.313
    577.770
    563.050
    570.617
    497.758
    565.776
