     98.077
     98.280
     98.339
     97.991
     95.963
     97.990
     98.234
     95.044
     97.727
     98.266
     98.031
     98.243
     97.972
     98.288
     97.284
     97.915
     97.886
     97.633
     93.370
     96.318
     94.135
     94.487
     94.880
     94.540
     97.728
     95.894
     97.511
     96.954
     97.817
     97.907
     94.646
     94.749
     94.470
     97.987
     98.269
     97.213
     94.489
     92.390
     92.453
     94.745
     95.998
     95.740
     95.449
     95.299
     95.117
     97.778
     98.191
     98.180
     98.238
     97.320
     93.175
     94.769
     95.177
     95.604
     97.123
     98.259
     98.220
     97.980
     96.390
     96.548
     97.319
     97.252
     97.273
     97.494
     97.440
     96.853
     96.982
     97.421
     97.279
     97.837
     97.488
     95.667
     95.495
     94.520
     94.193
     96.029
     95.776
     95.663
     95.253
     95.037
     94.960
     95.348
     95.947
     97.918
     97.630
     97.831
     96.718
     98.124
     97.861
     97.885
     96.444
     95.392
     96.665
     94.784
     90.896
     92.339
     89.508
     90.620
     70.783
     97.780
     97.787
