          13.293
          13.259
          13.203
          13.294
          14.113
          13.660
          13.690
          13.426
          13.600
          13.201
          13.356
          13.274
          13.227
          13.195
          13.533
          13.264
          13.187
          13.220
          13.204
          13.292
          13.339
          13.272
          14.138
          13.499
          13.201
          13.247
          13.328
          13.333
          13.466
          13.380
          13.238
          13.243
          13.473
          13.308
          23.815
          16.197
          17.047
          18.121
          16.270
          16.899
          13.326
          13.777
          14.315
          13.441
          13.351
          13.595
          13.371
          13.548
          13.432
          13.132
          13.344
          13.236
          13.234
          13.211
          13.353
          13.341
          13.101
          13.087
          13.349
          13.993
          13.550
          13.218
          13.367
          13.226
          13.232
          13.185
          13.202
          13.195
          13.231
          13.311
          13.214
          13.272
          13.198
          13.436
          13.321
          13.333
          13.336
          13.426
          13.933
          13.219
          13.277
          13.199
          13.220
          13.202
          13.222
          13.213
          13.227
          13.227
          13.315
          13.190
          13.220
          13.236
          13.152
          13.294
          13.318
          13.193
          13.205
          13.550
          13.370
          15.328
          13.485
