          14.908
          14.885
          14.880
          14.840
          14.793
          14.827
          14.834
          14.907
          14.908
          14.810
          15.085
          15.549
          14.879
          14.932
          14.908
          14.784
          14.787
          14.831
          15.222
          14.906
          14.788
          14.783
          14.902
          14.979
          14.901
          14.904
          14.911
          14.833
          14.849
          14.784
          14.784
          14.788
          14.787
          14.787
          14.792
          14.787
          14.799
          15.055
          14.856
          14.901
          14.919
          14.926
          14.916
          14.869
          14.867
          14.994
          15.068
          14.988
          14.813
          14.960
          14.903
          14.797
          15.198
          14.831
          14.784
          14.826
          14.907
          14.835
          14.906
          14.798
          14.787
          14.822
          14.788
          14.861
          14.909
          14.806
          14.905
          14.834
          14.788
          15.102
          14.787
          14.907
          14.785
          15.187
          14.802
          14.784
          14.837
          14.907
          14.791
          14.785
          14.831
          14.838
          15.015
          14.784
          14.789
          15.168
          14.833
          14.829
          14.829
          14.902
          14.784
          15.331
          14.784
          14.785
          14.796
          14.787
          14.910
          14.838
          14.877
          14.794
          14.910
