0	1.000000	1.000000
1	1.349076	1.349076
2	1.820005	1.820005
3	2.455325	2.455325
4	3.312419	3.312420
5	4.468704	4.468704
6	6.028620	6.028620
7	8.133064	8.133065
8	10.972117	10.972118
9	14.802217	14.802224
10	19.969311	19.969313
11	26.940119	26.940115
12	36.344257	36.344238
13	49.031155	49.031155
14	66.146729	66.146751
15	89.236938	89.236908
16	120.387360	120.387299
17	162.411728	162.411636
18	219.105606	219.105652
19	295.590088	295.590149
20	398.773315	398.773102
21	537.975342	537.975586
22	725.769714	725.769592
23	979.118103	979.118286
24	1320.904907	1320.904907
25	1782.000610	1782.001831
26	2404.052490	2404.050537
27	3243.249268	3243.250488
28	4375.388672	4375.387695
29	5902.729980	5902.733887
30	7963.232422	7963.233887
31	10743.001953	10742.987305
32	14493.121094	14493.113281
33	19552.314453	19552.316406
34	26377.556641	26377.578125
35	35585.335938	35585.328125
36	48007.281250	48007.304688
37	64765.460938	64765.433594
38	87373.507812	87373.437500
39	117873.476562	117873.531250
40	159020.281250	159020.125000
41	214530.390625	214530.078125
42	289417.718750	289417.562500
43	390446.312500	390446.500000
44	526741.937500	526741.437500
45	710614.500000	710613.875000
46	958672.625000	958670.187500
47	1293322.125000	1293324.625000
48	1744789.625000	1744789.375000
49	2353853.500000	2353853.500000
50	3175525.750000	3175527.750000
51	4284025.000000	4284033.000000
52	5779469.500000	5779474.000000
53	7796949.000000	7796945.500000
54	10518672.000000	10518660.000000
55	14190483.000000	14190485.000000
56	19144036.000000	19144018.000000
57	25826762.000000	25826764.000000
58	34842232.000000	34842132.000000
59	47004804.000000	47004960.000000
60	63413092.000000	63412912.000000
61	85549024.000000	85549040.000000
62	115412168.000000	115412232.000000
63	155699680.000000	155699280.000000
64	210050544.000000	210050032.000000
65	283374208.000000	283373856.000000
66	382293120.000000	382292864.000000
67	515742496.000000	515742304.000000
68	695775296.000000	695776640.000000
69	938654144.000000	938654592.000000
70	1266314624.000000	1266317568.000000
71	1708354432.000000	1708351616.000000
72	2304700416.000000	2304698368.000000
73	3109211136.000000	3109216768.000000
74	4194568192.000000	4194563328.000000
75	5658788864.000000	5658791424.000000
76	7634134016.000000	7634139648.000000
77	10299025408.000000	10299003904.000000
78	13894155264.000000	13894134784.000000
79	18744272896.000000	18744281088.000000
80	25287446528.000000	25287440384.000000
81	34114674688.000000	34114633728.000000
82	46023299072.000000	46023114752.000000
83	62088851456.000000	62088908800.000000
84	83762577408.000000	83762421760.000000
85	113002061824.000000	113002184704.000000
86	152448253952.000000	152448696320.000000
87	205664468992.000000	205664174080.000000
88	277456945152.000000	277456388096.000000
89	374310076416.000000	374309093376.000000
90	504972607488.000000	504973197312.000000
91	681246588928.000000	681245671424.000000
92	919053533184.000000	919052746752.000000
93	1239871520768.000000	1239874011136.000000
94	1672681095168.000000	1672684371968.000000
95	2256574611456.000000	2256570941440.000000
96	3044288757760.000000	3044286398464.000000
97	4106974396416.000000	4106978328576.000000
98	5540622106624.000000	5540625252352.000000
99	7474724732928.000000	7474723684352.000000
100	10083969794048.000000	10083935191040.000000
101	13604023697408.000000	13604109680640.000000
102	18352871309312.000000	18352959389696.000000
103	24759387553792.000000	24759328833536.000000
104	33402264748032.000000	33402331856896.000000
105	45062239027200.000000	45062289358848.000000
106	60792414142464.000000	60792112152576.000000
107	82013432315904.000000	82013348429824.000000
108	110642325356544.000000	110641746542592.000000
109	149264927817728.000000	149264894263296.000000
110	201369726222336.000000	201369944326144.000000
111	271663274917888.000000	271663644016640.000000
112	366493921443840.000000	366494458314752.000000
113	494428615606272.000000	494427575418880.000000
114	667021104644096.000000	667020030902272.000000
115	899861884960768.000000	899862354722816.000000
116	1213982035673088.000000	1213984183156736.000000
117	1637752634343424.000000	1637752902778880.000000
118	2209452375670784.000000	2209455328460800.000000
119	2980721798938624.000000	2980722067374080.000000
120	4021218697019392.000000	4021218697019392.000000
121	5424923262582784.000000	5424931852517376.000000
122	7318636620414976.000000	7318676348862464.000000
123	9873383562936320.000000	9873390005387264.000000
124	13319954157797376.000000	13319967042699264.000000
125	17969617032970240.000000	17969603074326528.000000
126	24242375966588928.000000	24242453276000256.000000
127	32704799422021632.000000	32704857404080128.000000
128	44121245549068288.000000	44121005030899712.000000
129	59522899488276480.000000	59523247380627456.000000
130	80300898999336960.000000	80300667071102976.000000
131	108332106135896064.000000	108332020236550144.000000
132	146148013276921856.000000	146147858658099200.000000
133	197164957668737024.000000	197165026388213760.000000
134	265990262398910464.000000	265989901621657600.000000
135	358840909808271360.000000	358840738009579520.000000
136	484103630996111360.000000	484102600203960320.000000
137	653092658310283264.000000	653094582455631872.000000
138	881071171649404928.000000	881071377807835136.000000
139	1188631718131662848.000000	1188632955082244096.000000
140	1603553733910724608.000000	1603562942320607232.000000
141	2163315928245207040.000000	2163317852390555648.000000
142	2918475769925599232.000000	2918471097001181184.000000
143	3937249709118193664.000000	3937256306187960320.000000
144	5311645566030053376.000000	5311643367006797824.000000
145	7165798753192902656.000000	7165749824925466624.000000
146	9667221791243763712.000000	9667200900522835968.000000
147	13041813192399912960.000000	13041805495818518528.000000
148	17594399361322713088.000000	17594413654973874176.000000
149	23736177855591088128.000000	23736191049730621440.000000
150	32021870983115702272.000000	32021772027069202432.000000
151	43199908612342284288.000000	43199820651412062208.000000
152	58280014052499390464.000000	58280119605615656960.000000
153	78624053400866652160.000000	78624035808680607744.000000
154	106069825158899564544.000000	106069658033132142592.000000
155	143096310232814452736.000000	143096406989837697024.000000
156	193047589675608309760.000000	193048029480259420160.000000
157	260436006431115706368.000000	260435320335859974144.000000
158	351348289744937156608.000000	351347058291914047488.000000
159	473994712844001607680.000000	473992953625397166080.000000
160	639454852091268300800.000000	639455415041221722112.000000
161	862672812134631473152.000000	862678230527933153280.000000
162	1163811489980805545984.000000	1163814656574293540864.000000
163	1570069108941899431936.000000	1570064746079760416768.000000
164	2118142265419123130368.000000	2118146628281262145536.000000
165	2857532556191696158720.000000	2857544096665741295616.000000
166	3855032304383196921856.000000	3855051163206636535808.000000
167	5200722509740290080768.000000	5200712939591081918464.000000
168	7016177562728865464320.000000	7016186006978166784000.000000
169	9465338059934417289216.000000	9465293023938143584256.000000
170	12769472606449099079680.000000	12769505257546397515776.000000
171	17226984647032899108864.000000	17226994780132060692480.000000
172	23240499366072460247040.000000	23240720042454201401344.000000
173	31353220684422888554496.000000	31353364799610964410368.000000
174	42297852736259972136960.000000	42297650074276740464640.000000
175	57062971668588553830400.000000	57063025711784082276352.000000
176	76982199165664280707072.000000	76981955971284402700288.000000
177	103854889911807878627328.000000	103854691753424274325504.000000
178	140108164350598501629952.000000	140108056264207444738048.000000
179	189016580763897982615552.000000	189016959066266681737216.000000
180	254997467824614908362752.000000	254998026270968702304256.000000
181	344010988358803195428864.000000	344010664099630024753152.000000
182	464096842320455086899200.000000	464095761456544517980160.000000
183	626101733239310308605952.000000	626100436202617625903104.000000
184	844657820275898583089152.000000	844660198176501834711040.000000
185	1139507262900746311434240.000000	1139506974670370159722496.000000
186	1537284061079746455273472.000000	1537282187582301469147136.000000
187	2073910366592686849261568.000000	2073907628404113408000000.000000
188	2797864655210840422612992.000000	2797846208466766713061376.000000
189	3774530690727530301751296.000000	3774544525785585583915008.000000
190	5092119938612107107368960.000000	5092110138779317949169664.000000
191	6869664338455823996944384.000000	6869692008571934561271808.000000
192	9267703598089165984497664.000000	9267711668539698232426496.000000
193	12502811139848767757352960.000000	12502850339179924390150144.000000
194	16867268129592777216360448.000000	16867278505886318677983232.000000
195	22755216348111357192699904.000000	22755154090350108422963200.000000
196	30698492720872123162165248.000000	30698229854769072801054720.000000
197	41414596040758558810177536.000000	41414323951283471594291200.000000
198	55871461556963342515437568.000000	55871544567311674208419840.000000
199	75374802849412848256286720.000000	75374184883486378986307584.000000
200	101686265530402264502501376.000000	101686514561447259581448192.000000
