0	1.000000	1.000000
1	1.110000	1.110000
2	1.232100	1.232100
3	1.367631	1.367631
4	1.518070	1.518071
5	1.685058	1.685058
6	1.870415	1.870414
7	2.076160	2.076160
8	2.304538	2.304538
9	2.558037	2.558037
10	2.839421	2.839421
11	3.151758	3.151757
12	3.498451	3.498451
13	3.883282	3.883280
14	4.310443	4.310440
15	4.784591	4.784590
16	5.310894	5.310895
17	5.895094	5.895097
18	6.543555	6.543559
19	7.263350	7.263337
20	8.062313	8.062313
21	8.949166	8.949170
22	9.933574	9.933577
23	11.026272	11.026277
24	12.239162	12.239158
25	13.585469	13.585487
26	15.079876	15.079885
27	16.738659	16.738659
28	18.579914	18.579908
29	20.623711	20.623734
30	22.892315	22.892265
31	25.410456	25.410440
32	28.205606	28.205591
33	31.308218	31.308229
34	34.752140	34.752182
35	38.574886	38.574905
36	42.818111	42.818066
37	47.528095	47.528103
38	52.756187	52.756065
39	58.559349	58.559376
40	65.000900	65.000931
41	72.151016	72.151016
42	80.087646	80.087616
43	88.897270	88.897255
44	98.675949	98.675934
45	109.530251	109.530235
46	121.578598	121.578674
47	134.952255	134.952255
48	149.797058	149.796936
49	166.274734	166.274734
50	184.564957	184.564789
51	204.867050	204.867889
52	227.402573	227.402084
53	252.416550	252.416702
54	280.182709	280.183014
55	311.002655	311.002380
56	345.213043	345.212341
57	383.186340	383.185120
58	425.336792	425.336395
59	472.124268	472.124207
60	524.057800	524.057739
61	581.704407	581.703186
62	645.691711	645.690369
63	716.717712	716.718628
64	795.555725	795.559021
65	883.067993	883.067566
66	980.204773	980.204529
67	1088.027466	1088.022339
68	1207.711792	1207.711060
69	1340.559937	1340.562622
70	1488.020386	1488.019043
71	1651.701172	1651.707642
72	1833.387939	1833.391602
73	2035.061890	2035.065552
74	2258.920166	2258.923096
75	2507.399414	2507.398438
76	2783.213379	2783.224854
77	3089.371582	3089.368896
78	3429.196533	3429.206543
79	3806.408936	3806.422852
80	4225.121094	4225.113770
81	4689.880859	4689.880371
82	5205.770508	5205.758301
83	5778.398926	5778.400391
84	6414.020508	6414.053223
85	7119.572266	7119.568359
86	7902.724609	7902.708984
87	8772.020508	8772.012695
88	9736.939453	9736.946289
89	10807.997070	10807.987305
90	11996.895508	11996.943359
91	13316.552734	13316.466797
92	14781.373047	14781.349609
93	16407.326172	16407.369141
94	18212.111328	18212.101562
95	20215.466797	20215.441406
96	22439.167969	22439.074219
97	24907.458984	24907.289062
98	27647.273438	27647.103516
99	30688.457031	30688.433594
100	34064.210938	34064.269531
101	37811.273438	37811.289062
102	41970.546875	41970.355469
103	46587.289062	46587.152344
104	51711.886719	51711.816406
105	57400.164062	57400.082031
106	63714.218750	63713.773438
107	70722.835938	70722.703125
108	78502.281250	78502.148438
109	87137.468750	87137.843750
110	96722.679688	96722.789062
111	107362.148438	107361.843750
112	119171.867188	119172.242188
113	132280.984375	132281.406250
114	146831.687500	146831.828125
115	162983.312500	162984.562500
116	180911.656250	180911.296875
117	200811.921875	200813.265625
118	222901.000000	222900.046875
119	247420.093750	247419.984375
120	274636.375000	274637.562500
121	304846.531250	304847.687500
122	338379.562500	338381.562500
123	375601.156250	375605.437500
124	416917.687500	416920.312500
125	462777.937500	462779.437500
126	513683.781250	513686.000000
127	570189.062500	570188.375000
128	632909.312500	632914.187500
129	702529.875000	702530.750000
130	779808.000000	779808.687500
131	865588.125000	865586.812500
132	960801.437500	960798.437500
133	1066490.000000	1066486.500000
134	1183805.125000	1183807.625000
135	1314023.125000	1314023.875000
136	1458565.000000	1458562.625000
137	1619008.250000	1619018.625000
138	1797097.500000	1797094.375000
139	1994780.500000	1994779.000000
140	2214206.000000	2214197.250000
141	2457766.500000	2457760.250000
142	2728121.500000	2728111.250000
143	3028217.250000	3028237.500000
144	3361316.750000	3361314.500000
145	3731064.500000	3731077.250000
146	4141483.000000	4141490.500000
147	4597046.000000	4597025.500000
148	5102721.500000	5102757.000000
149	5664018.000000	5664016.000000
150	6287056.000000	6287048.000000
151	6978634.000000	6978626.000000
152	7746276.000000	7746240.000000
153	8598378.000000	8598328.000000
154	9544217.000000	9544185.000000
155	10594065.000000	10594120.000000
156	11759403.000000	11759392.000000
157	13052945.000000	13053049.000000
158	14488782.000000	14488736.000000
159	16082544.000000	16082466.000000
160	17851608.000000	17851584.000000
161	19815296.000000	19815246.000000
162	21994982.000000	21994972.000000
163	24414412.000000	24414432.000000
164	27100008.000000	27099912.000000
165	30080984.000000	30081202.000000
166	33389964.000000	33389920.000000
167	37062808.000000	37062740.000000
168	41139672.000000	41139356.000000
169	45665096.000000	45665400.000000
170	50688220.000000	50688384.000000
171	56263876.000000	56263940.000000
172	62452952.000000	62452756.000000
173	69322832.000000	69322064.000000
174	76948360.000000	76948440.000000
175	85412608.000000	85412520.000000
176	94808080.000000	94808160.000000
177	105237080.000000	105237672.000000
178	116812872.000000	116811736.000000
179	129662432.000000	129663232.000000
180	143925440.000000	143926096.000000
181	159757088.000000	159758192.000000
182	177330656.000000	177329520.000000
183	196836816.000000	196836080.000000
184	218488720.000000	218489744.000000
185	242522832.000000	242524352.000000
186	269199968.000000	269200000.000000
187	298812000.000000	298807776.000000
188	331681792.000000	331680288.000000
189	368166112.000000	368166720.000000
190	408664896.000000	408669056.000000
191	453617536.000000	453616608.000000
192	503515584.000000	503511936.000000
193	558902464.000000	558899136.000000
194	620381568.000000	620378112.000000
195	688623424.000000	688620544.000000
196	764372288.000000	764364416.000000
197	848453632.000000	848448256.000000
198	941782720.000000	941780224.000000
199	1045380800.000000	1045385856.000000
200	1160371456.000000	1160365696.000000
