0	1.000000	1.000000
1	1.349076	1.349076
2	1.820005	1.820005
3	2.455324	2.455325
4	3.312419	3.312419
5	4.468703	4.468704
6	6.028619	6.028620
7	8.133064	8.133064
8	10.972117	10.972120
9	14.802215	14.802220
10	19.969311	19.969311
11	26.940113	26.940117
12	36.344257	36.344254
13	49.031128	49.031158
14	66.146744	66.146759
15	89.236923	89.236969
16	120.387321	120.387436
17	162.411758	162.411728
18	219.105637	219.105545
19	295.590179	295.590332
20	398.773499	398.773071
21	537.975708	537.975586
22	725.769531	725.769714
23	979.118530	979.118042
24	1320.904297	1320.905151
25	1782.000122	1781.999756
26	2404.053711	2404.054199
27	3243.248291	3243.250732
28	4375.392090	4375.389160
29	5902.731445	5902.726562
30	7963.225586	7963.228516
31	10743.000000	10743.013672
32	14493.133789	14493.111328
33	19552.328125	19552.294922
34	26377.566406	26377.552734
35	35585.316406	35585.371094
36	48007.277344	48007.269531
37	64765.464844	64765.351562
38	87373.515625	87373.484375
39	117873.492188	117873.562500
40	159020.265625	159020.046875
41	214530.390625	214530.828125
42	289417.843750	289418.468750
43	390446.437500	390446.031250
44	526741.562500	526741.687500
45	710614.500000	710612.937500
46	958673.375000	958673.312500
47	1293322.125000	1293322.625000
48	1744789.750000	1744790.750000
49	2353852.500000	2353852.750000
50	3175526.500000	3175526.250000
51	4284022.500000	4284025.500000
52	5779474.000000	5779481.000000
53	7796943.000000	7796940.500000
54	10518675.000000	10518675.000000
55	14190484.000000	14190453.000000
56	19144048.000000	19144046.000000
57	25826744.000000	25826692.000000
58	34842260.000000	34842224.000000
59	47004816.000000	47004944.000000
60	63413064.000000	63412944.000000
61	85549024.000000	85549256.000000
62	115412096.000000	115411992.000000
63	155699680.000000	155699536.000000
64	210050608.000000	210050800.000000
65	283374208.000000	283373376.000000
66	382293344.000000	382293056.000000
67	515742592.000000	515741728.000000
68	695775232.000000	695773824.000000
69	938654016.000000	938652288.000000
70	1266315904.000000	1266311040.000000
71	1708355840.000000	1708353408.000000
72	2304700160.000000	2304696832.000000
73	3109216512.000000	3109214208.000000
74	4194563584.000000	4194575872.000000
75	5658788864.000000	5658800128.000000
76	7634129408.000000	7634156544.000000
77	10299023360.000000	10299010048.000000
78	13894161408.000000	13894118400.000000
79	18744272896.000000	18744285184.000000
80	25287446528.000000	25287518208.000000
81	34114664448.000000	34114576384.000000
82	46023266304.000000	46023299072.000000
83	62088839168.000000	62088822784.000000
84	83762561024.000000	83762896896.000000
85	113002020864.000000	113001947136.000000
86	152448466944.000000	152448925696.000000
87	205664190464.000000	205663518720.000000
88	277456846848.000000	277456781312.000000
89	374310141952.000000	374309421056.000000
90	504973000704.000000	504973393920.000000
91	681246392320.000000	681249144832.000000
92	919053402112.000000	919053533184.000000
93	1239871913984.000000	1239871782912.000000
94	1672682930176.000000	1672675721216.000000
95	2256573300736.000000	2256575397888.000000
96	3044289282048.000000	3044301602816.000000
97	4106972561408.000000	4106973347840.000000
98	5540617912320.000000	5540644126720.000000
99	7474717392896.000000	7474725257216.000000
100	10083960356864.000000	10084003348480.000000
101	13604034183168.000000	13604038377472.000000
102	18352862920704.000000	18352898572288.000000
103	24759408525312.000000	24759414816768.000000
104	33402306691072.000000	33402195542016.000000
105	45062209667072.000000	45062234832896.000000
106	60792376393728.000000	60792430919680.000000
107	82013440704512.000000	82013365207040.000000
108	110642451185664.000000	110642778341376.000000
109	149264961372160.000000	149264374169600.000000
110	201369742999552.000000	201370279870464.000000
111	271662889041920.000000	271662603829248.000000
112	366493887889408.000000	366493988552704.000000
113	494428347170816.000000	494427172765696.000000
114	667021037535232.000000	667019292704768.000000
115	899861549416448.000000	899860677001216.000000
116	1213982035673088.000000	1213982840979456.000000
117	1637753708085248.000000	1637762029584384.000000
118	2209453046759424.000000	2209444188389376.000000
119	2980720993632256.000000	2980722335809536.000000
120	4021217086406656.000000	4021214938923008.000000
121	5424928631291904.000000	5424902324617216.000000
122	7318630714834944.000000	7318592597000192.000000
123	9873393226612736.000000	9873397521580032.000000
124	13319950936571904.000000	13319929461735424.000000
125	17969612738002944.000000	17969680383737856.000000
126	24242384556523520.000000	24242498373156864.000000
127	32704777947185152.000000	32704799422021632.000000
128	44121275613839360.000000	44121400167890944.000000
129	59522912373178368.000000	59522942437949440.000000
130	80300959128879104.000000	80300770150318080.000000
131	108331968696942592.000000	108331831257989120.000000
132	146148064816529408.000000	146148253795090432.000000
133	197164768690176000.000000	197164201754492928.000000
134	265990365478125568.000000	265991774227398656.000000
135	358841150326439936.000000	358841219045916672.000000
136	484104112032448512.000000	484106414134919168.000000
137	653093001907666944.000000	653093345505050624.000000
138	881071171649404928.000000	881066704883417088.000000
139	1188631030936895488.000000	1188629656547360768.000000
140	1603554008788631552.000000	1603551672326422528.000000
141	2163315653367300096.000000	2163309331175440384.000000
142	2918476869437227008.000000	2918498859669782528.000000
143	3937244761315868672.000000	3937248884484472832.000000
144	5311643367006797824.000000	5311650513832378368.000000
145	7165807549285924864.000000	7165796554169647104.000000
146	9667216293685624832.000000	9667233885871669248.000000
147	13041818689958051840.000000	13041845078237118464.000000
148	17594377371090157568.000000	17594378470601785344.000000
149	23736147069265510400.000000	23736089894660866048.000000
150	32021884177255235584.000000	32021921560650579968.000000
151	43199930602574839808.000000	43199952592807395328.000000
152	58279974470080790528.000000	58280128401708679168.000000
153	78624088585238740992.000000	78623842294634119168.000000
154	106069957100294897664.000000	106069631644853075968.000000
155	143096292640628408320.000000	143096618096070230016.000000
156	193047677636538531840.000000	193047923927143153664.000000
157	260436111984231972864.000000	260436323090464505856.000000
158	351347797163727912960.000000	351348360113681334272.000000
159	473995310978327117824.000000	473993798050327298048.000000
160	639454570616291590144.000000	639452037341501194240.000000
161	862673375084584894464.000000	862674852828212625408.000000
162	1163812123299503144960.000000	1163812826986944921600.000000
163	1570068686729434365952.000000	1570069812629341208576.000000
164	2118141561731681353728.000000	2118144517218936815616.000000
165	2857536778316346818560.000000	2857537341266300239872.000000
166	3855026956358639419392.000000	3855043563382265348096.000000
167	5200730391039637979136.000000	5200730391039637979136.000000
168	7016171370279377829888.000000	7016180940428585992192.000000
169	9465356074332926771200.000000	9465269380040099889152.000000
170	12769478235948633292800.000000	12769402800654874836992.000000
171	17226989150632526479360.000000	17226977891633458053120.000000
172	23240499366072460247040.000000	23240375517082707558400.000000
173	31353193662825124331520.000000	31353324267214318075904.000000
174	42297875254258108989440.000000	42298068909042085920768.000000
175	57063012200985200164864.000000	57063183337771040243712.000000
176	76982325266453847080960.000000	76982073064874714333184.000000
177	103854943955003407073280.000000	103855088070191482929152.000000
178	140108110307402973184000.000000	140107722997835019321344.000000
179	189016616792695001579520.000000	189015770115965055926272.000000
180	254997485839013417844736.000000	254996747248674529083392.000000
181	344011204531585309212672.000000	344009619264516474798080.000000
182	464096878349252105863168.000000	464095473226168366268416.000000
183	626101949412092422389760.000000	626102669988032801669120.000000
184	844659333485373379575808.000000	844660414349283948494848.000000
185	1139508559937438994137088.000000	1139496526319234660171776.000000
186	1537283196388618000138240.000000	1537284781655686834552832.000000
187	2073911519514191456108544.000000	2073910510707874925117440.000000
188	2797862349367831208919040.000000	2797862637598207360630784.000000
189	3774528384884521088057344.000000	3774517143899851171299328.000000
190	5092128009062639355297792.000000	5092084774506216598536192.000000
191	6869670103063347031179264.000000	6869606115919841351172096.000000
192	9267696680560138343415808.000000	9267614246672558953857024.000000
193	12502826127828327646363648.000000	12502899914804622484570112.000000
194	16867266976671272609513472.000000	16867295799708887780687872.000000
195	22755181760466218987290624.000000	22755285523401633603518464.000000
196	30698476579971058666307584.000000	30698335923547496630976512.000000
197	41414591429072540382789632.000000	41414679051106890503159808.000000
198	55871429275161213523722240.000000	55871447721905287233273856.000000
199	75374719839064516563304448.000000	75374254058776655397126144.000000
200	101686330094006522485932032.000000	101686671358771886112636928.000000
