0	1.000000	1.000000
1	1.110000	1.110000
2	1.232100	1.232100
3	1.367631	1.367631
4	1.518070	1.518071
5	1.685058	1.685058
6	1.870415	1.870414
7	2.076160	2.076160
8	2.304538	2.304538
9	2.558038	2.558038
10	2.839422	2.839421
11	3.151758	3.151758
12	3.498452	3.498454
13	3.883280	3.883282
14	4.310441	4.310437
15	4.784590	4.784586
16	5.310895	5.310893
17	5.895096	5.895091
18	6.543556	6.543562
19	7.263345	7.263345
20	8.062310	8.062311
21	8.949168	8.949173
22	9.933578	9.933587
23	11.026269	11.026268
24	12.239165	12.239147
25	13.585467	13.585483
26	15.079865	15.079858
27	16.738655	16.738644
28	18.579905	18.579887
29	20.623707	20.623699
30	22.892323	22.892298
31	25.410461	25.410446
32	28.205599	28.205612
33	31.308229	31.308201
34	34.752129	34.752056
35	38.574875	38.574917
36	42.818085	42.818119
37	47.528091	47.528122
38	52.756214	52.756168
39	58.559380	58.559361
40	65.000931	65.000763
41	72.151001	72.151154
42	80.087646	80.087738
43	88.897301	88.897324
44	98.675903	98.675667
45	109.530281	109.530151
46	121.578598	121.578880
47	134.952286	134.952209
48	149.796997	149.797287
49	166.274734	166.275040
50	184.565033	184.565125
51	204.866959	204.866562
52	227.402466	227.402405
53	252.416809	252.417358
54	280.182526	280.181702
55	311.002686	311.002686
56	345.212891	345.212555
57	383.186371	383.186890
58	425.336945	425.336670
59	472.123657	472.124390
60	524.058105	524.057800
61	581.704346	581.703247
62	645.691528	645.690491
63	716.717407	716.717041
64	795.556152	795.555664
65	883.067322	883.067627
66	980.205383	980.205811
67	1088.027954	1088.022095
68	1207.710938	1207.712891
69	1340.558594	1340.556396
70	1488.022217	1488.019653
71	1651.703125	1651.705322
72	1833.388794	1833.389282
73	2035.062256	2035.063110
74	2258.920166	2258.909912
75	2507.400635	2507.398438
76	2783.216064	2783.225342
77	3089.368408	3089.366943
78	3429.196533	3429.195312
79	3806.412842	3806.409424
80	4225.120117	4225.134277
81	4689.877441	4689.867676
82	5205.761230	5205.755859
83	5778.401367	5778.406250
84	6414.023926	6414.026855
85	7119.566895	7119.550293
86	7902.724609	7902.732422
87	8772.012695	8771.969727
88	9736.933594	9736.924805
89	10808.009766	10808.012695
90	11996.885742	11996.881836
91	13316.548828	13316.585938
92	14781.363281	14781.297852
93	16407.310547	16407.265625
94	18212.121094	18212.111328
95	20215.435547	20215.568359
96	22439.152344	22439.134766
97	24907.462891	24907.298828
98	27647.269531	27647.417969
99	30688.482422	30688.515625
100	34064.210938	34064.207031
101	37811.265625	37810.988281
102	41970.519531	41970.527344
103	46587.257812	46587.480469
104	51711.914062	51712.125000
105	57400.199219	57400.089844
106	63714.234375	63714.046875
107	70722.812500	70723.093750
108	78502.250000	78502.203125
109	87137.539062	87137.500000
110	96722.625000	96722.750000
111	107362.242188	107362.148438
112	119172.031250	119171.609375
113	132281.015625	132280.921875
114	146831.890625	146832.250000
115	162983.437500	162983.093750
116	180911.421875	180912.671875
117	200811.578125	200812.359375
118	222901.156250	222901.109375
119	247420.156250	247419.812500
120	274636.343750	274638.031250
121	304846.500000	304844.093750
122	338379.281250	338380.906250
123	375601.125000	375601.781250
124	416917.656250	416916.593750
125	462777.906250	462778.406250
126	513684.031250	513682.187500
127	570189.500000	570189.125000
128	632909.562500	632910.000000
129	702529.875000	702528.562500
130	779808.937500	779813.375000
131	865587.437500	865595.312500
132	960802.687500	960802.125000
133	1066491.125000	1066492.375000
134	1183804.000000	1183805.375000
135	1314023.500000	1314008.250000
136	1458567.000000	1458572.000000
137	1619007.125000	1619019.625000
138	1797098.125000	1797097.875000
139	1994780.750000	1994779.375000
140	2214204.000000	2214197.500000
141	2457768.750000	2457770.750000
142	2728119.500000	2728117.250000
143	3028219.500000	3028221.500000
144	3361320.000000	3361313.500000
145	3731065.500000	3731064.250000
146	4141481.000000	4141473.750000
147	4597044.500000	4597011.000000
148	5102714.000000	5102760.000000
149	5664021.500000	5663977.000000
150	6287063.000000	6287035.000000
151	6978630.500000	6978651.500000
152	7746287.000000	7746285.500000
153	8598376.000000	8598452.000000
154	9544196.000000	9544085.000000
155	10594062.000000	10594044.000000
156	11759411.000000	11759391.000000
157	13052956.000000	13052968.000000
158	14488780.000000	14488886.000000
159	16082534.000000	16082422.000000
160	17851644.000000	17851790.000000
161	19815300.000000	19815156.000000
162	21994982.000000	21994942.000000
163	24414434.000000	24414268.000000
164	27099990.000000	27100008.000000
165	30081006.000000	30081286.000000
166	33389948.000000	33389774.000000
167	37062788.000000	37062972.000000
168	41139748.000000	41139888.000000
169	45665072.000000	45664892.000000
170	50688248.000000	50688928.000000
171	56264004.000000	56263808.000000
172	62453028.000000	62452880.000000
173	69322752.000000	69323272.000000
174	76948352.000000	76949016.000000
175	85412704.000000	85412056.000000
176	94808088.000000	94806544.000000
177	105236888.000000	105236856.000000
178	116813088.000000	116812800.000000
179	129662264.000000	129660896.000000
180	143925296.000000	143925360.000000
181	159757264.000000	159756608.000000
182	177330176.000000	177329440.000000
183	196836768.000000	196836720.000000
184	218488944.000000	218488368.000000
185	242522704.000000	242521696.000000
186	269200032.000000	269202752.000000
187	298811936.000000	298812352.000000
188	331681088.000000	331679552.000000
189	368166656.000000	368169728.000000
190	408664160.000000	408662880.000000
191	453617856.000000	453617536.000000
192	503515264.000000	503517504.000000
193	558902720.000000	558906752.000000
194	620381760.000000	620381888.000000
195	688624384.000000	688626880.000000
196	764372928.000000	764371712.000000
197	848453120.000000	848463744.000000
198	941783040.000000	941771776.000000
199	1045379712.000000	1045380224.000000
200	1160371712.000000	1160368384.000000
