-nan
0.00000000000000000
0.00000005960464466
0.00000015894571955
0.00000000000000022
0.00000000000000036
0.00000023841857866
0.00000027247837561
0.00000005960464522
0.00000010596381293
0.00000019073486293
0.00000026009299474
0.00000015894571851
0.00000014671912669
0.00000006811959276
0.00000019073486470
0.00000011920929111
0.00000033659093687
0.00000010596381116
0.00000030116031231
0.00000009536742969
0.00000018165224871
0.00000052018598867
0.00000000000000216
0.00000007947286192
0.00000038146972884
0.00000014671912792
0.00000028257017019
0.00000013623919047
0.00000006577064006
0.00000025431315353
0.00000012305475303
0.00000035762787121
0.00000069358132318
0.00000022439395847
0.00000010899135166
0.00000063578287681
0.00000020619985181
0.00000090348093133
0.00000029343825084
0.00000028610229421
0.00000027912418913
0.00000063578287896
0.00000008871388825
0.00000017339533219
0.00000008477104814
0.00000074635381531
0.00000008116376889
0.00000039736429554
0.00000077850964924
0.00000038146972997
0.00000059838388843
0.00000022007868458
0.00000014395083619
0.00000042385524753
0.00000027743253280
0.00000027247838068
0.00000046847158929
0.00000013154128992
0.00000000000000506
0.00000038146972135
0.00000018760805689
0.00000012305474500
0.00000024220299535
0.00000000000000577
0.00000046950119602
0.00000011559688081
0.00000022774311418
0.00000000000000627
0.00000055285466979
0.00000043596539529
0.00000042982505062
0.00000052981907138
0.00000073158577016
0.00000061859954967
0.00000061035156951
0.00000010038676304
0.00000029724914478
0.00000048906375929
0.00000028972383558
0.00000047683715074
0.00000009419006349
0.00000055824837271
0.00000027576124041
0.00000000000000778
0.00000008975757486
0.00000000000000793
0.00000026308256204
0.00000026009300346
0.00000094295888279
0.00000050862631029
0.00000016767899241
0.00000091221022403
0.00000000000000840
0.00000105512902245
0.00000040154707207
0.00000047683716679
0.00000055057487172
0.00000015570193791
0.00000038532294737
0.00000061035155369
0.00000007553855085
0.00000029919195132
0.00000022221536573
0.00000022007869742
0.00000036330451056
0.00000050382793163
0.00000085563304071
0.00000028257015861
0.00000076993888839
0.00000055486506612
0.00000034366642967
0.00000027247838551
0.00000020255028786
0.00000013384901739
0.00000006634257066
0.00000026308257960
0.00000058687651200
0.00000006465589549
0.00000057701302210
0.00000044504800461
0.00000031526422708
0.00000006253601096
0.00000105446917268
0.00000190734864267
0.00000030517579114
0.00000000000000993
0.00000060073973683
0.00000047683714821
0.00000011828517706
0.00000105637769536
0.00000000000000846
0.00000023119376571
0.00000080309416866
0.00000045548623367
0.00000079119646338
0.00000044878791966
0.00000044551209502
0.00000000000000515
0.00000032932637794
0.00000076293944886
0.00000064931017670
0.00000021491252541
0.00000064022890873
0.00000105963813191
0.00000000000000216
0.00000114963479413
0.00000051900643205
0.00000051549962953
0.00000051203990085
0.00000081380208352
0.00000020210316620
0.00000030116030988
0.00000119676776868
0.00000168441177833
0.00000019688760246
0.00000127156575320
0.00000000000000235
0.00000009657461702
0.00000153547563197
0.00000152587890963
0.00000009477508364
0.00000075352045157
0.00000000000000436
0.00000018608278877
0.00000166459517545
0.00000055152250154
0.00000109643992702
0.00000027247837019
0.00000018057737913
0.00000017951517196
0.00000017846537597
0.00000079842501619
0.00000158761967864
0.00000140310703255
0.00000008719308832
0.00000026009298715
0.00000060345492616
0.00000085723533181
0.00000008524462258
0.00000161064994728
0.00000008430269242
0.00000083839501327
0.00000133410176586
0.00000082928202462
0.00000074231945730
0.00000246109499923
0.00000089757583830
0.00000024349132617
0.00000177615535219
0.00000000000001182
0.00000007988896002
0.00000023841856682
0.00000118591623586
0.00000062922842769
0.00000000000001297
0.00000031140387161
0.00000046473467884
0.00000069358130739
0.00000161022398527
