-nan
0.00000000000000000
0.00000011920928966
0.00000007947285955
0.00000011920928933
0.00000019073486293
0.00000007947286014
0.00000006811959454
0.00000023841857866
0.00000000000000000
0.00000019073486293
0.00000017339532961
0.00000031789143969
0.00000007335956171
0.00000006811959276
0.00000038146972798
0.00000035762787021
0.00000022439395847
0.00000021192762409
0.00000050193384887
0.00000028610229297
0.00000054495675426
0.00000017339533236
0.00000024878460644
0.00000031789144102
0.00000007629394304
0.00000029343825352
0.00000028257017019
0.00000013623918565
0.00000019731192998
0.00000000000000249
0.00000012305475303
0.00000011920929210
0.00000000000000215
0.00000011219697673
0.00000010899135166
0.00000010596381214
0.00000010309992648
0.00000030116031044
0.00000068468925317
0.00000057220458913
0.00000009304139776
0.00000054495675359
0.00000017742778145
0.00000026009299345
0.00000016954210291
0.00000074635381037
0.00000040581886077
0.00000007947286266
0.00000000000000319
0.00000030517577784
0.00000007479798922
0.00000044015738063
0.00000014395083619
0.00000042385525595
0.00000013871625981
0.00000020435877752
0.00000020077353556
0.00000013154128992
0.00000071121473938
0.00000025431314583
0.00000000000000536
0.00000000000000550
0.00000054495674659
0.00000035762787443
0.00000035212590735
0.00000034679066654
0.00000000000000615
0.00000022439395053
0.00000022114187686
0.00000021798269440
0.00000085965008142
0.00000021192763258
0.00000041804900860
0.00000061859954967
0.00000040690104868
0.00000070270739814
0.00000049541523650
0.00000029343824391
0.00000086917153625
0.00000028610228746
0.00000047095027216
0.00000074433116616
0.00000018384082437
0.00000018165225853
0.00000062830307119
0.00000053228334732
0.00000043847094207
0.00000069358132910
0.00000051434121250
0.00000059339736064
0.00000041919750999
0.00000008292819309
0.00000032814599294
0.00000008116376314
0.00000016061884076
0.00000023841858769
0.00000110114973480
0.00000077850963735
0.00000000000000876
0.00000030517579006
0.00000060430846886
0.00000044878792252
0.00000022221536573
0.00000036679780498
0.00000000000000907
0.00000007197541099
0.00000049911925924
0.00000070642541035
0.00000013998888123
0.00000117908823644
0.00000041239969505
0.00000000000000939
0.00000040510060401
0.00000053539611693
0.00000033171281522
0.00000138118348317
0.00000052166799254
0.00000038793530551
0.00000096168837662
0.00000127156574550
0.00000006305283762
0.00000031268011352
0.00000031013799890
0.00000055374638712
0.00000036621094739
0.00000060550751241
0.00000006007396273
0.00000005960465477
0.00000023657038254
0.00000046950119296
0.00000104831374392
0.00000011559689480
0.00000103254964329
0.00000022774312734
0.00000011302806060
0.00000011219697234
0.00000011137801675
0.00000099513841197
0.00000032932637794
0.00000021798270516
0.00000021643672812
0.00000150438765065
0.00000096034336459
0.00000127156575264
0.00000052616514224
0.00000167219605989
0.00000010380128479
0.00000010309992706
0.00000020481596000
0.00000020345052064
0.00000060630949898
0.00000080309416062
0.00000149595971108
0.00000089174741404
0.00000059066280077
0.00000019562549880
0.00000048594869861
0.00000038629845458
0.00000172741007951
0.00000019073485991
0.00000028432525833
0.00000009419005191
0.00000037444880699
0.00000111649676535
0.00000036991003288
0.00000119496540320
0.00000100506993263
0.00000036330450741
0.00000162519647442
0.00000116684856885
0.00000017846537597
0.00000026614166259
0.00000061740764253
0.00000078924770245
0.00000061035155454
0.00000017339533849
0.00000017241570413
0.00000017144705934
0.00000042622316722
0.00000000000000932
0.00000016860541358
0.00000058687651224
0.00000058366953708
0.00000058049739964
0.00000024743981203
0.00000131258401623
0.00000016319561604
0.00000073047393314
0.00000080734332506
0.00000048185648489
0.00000031955580394
0.00000031789145109
0.00000071154976155
0.00000000000001275
0.00000031300078831
0.00000147916831429
0.00000023236735955
0.00000100183969956
0.00000138019198936
