-nan
0.00000000000000000
0.00000000000000011
0.00000007947285985
0.00000017881393455
0.00000000000000036
0.00000015894571985
0.00000000000000051
0.00000011920928911
0.00000021192762587
0.00000019073486364
0.00000000000000065
0.00000015894572029
0.00000007335956171
0.00000000000000127
0.00000006357828918
0.00000017881393277
0.00000033659093687
0.00000010596381116
0.00000010038676828
0.00000009536742969
0.00000009082612334
0.00000017339533236
0.00000008292819926
0.00000007947285748
0.00000015258789290
0.00000022007868608
0.00000007064253959
0.00000034059797256
0.00000046039450003
0.00000019073486079
0.00000012305474798
0.00000005960464222
0.00000023119377583
0.00000000000000167
0.00000043596540300
0.00000021192762508
0.00000020619985258
0.00000070270739104
0.00000009781275077
0.00000028610229563
0.00000074433117274
0.00000045413062551
0.00000053228334104
0.00000008669766707
0.00000059339735022
0.00000016585640532
0.00000016232754050
0.00000031789144176
0.00000038925482621
0.00000022888183253
0.00000067318186678
0.00000036679781018
0.00000028790168445
0.00000014128507970
0.00000006935813649
0.00000006811959860
0.00000026769805847
0.00000052616513519
0.00000032327942423
0.00000031789143359
0.00000006253602611
0.00000000000000550
0.00000060550749684
0.00000023841857333
0.00000046950120783
0.00000046238755338
0.00000011387155402
0.00000011219698467
0.00000044228373456
0.00000043596539529
0.00000042982505062
0.00000052981907138
0.00000010451224704
0.00000010309993301
0.00000040690104868
0.00000020077354740
0.00000019816608452
0.00000058687649512
0.00000019314923601
0.00000095367432387
0.00000075352045507
0.00000065128976943
0.00000064344290457
0.00000045413063464
0.00000026927274030
0.00000115328057661
0.00000017538837202
0.00000008669767320
0.00000000000000814
0.00000042385525995
0.00000050303699378
0.00000132685123117
0.00000024610950941
0.00000032465507797
0.00000048185648818
0.00000047683714962
0.00000102249616565
0.00000038925483172
0.00000023119378243
0.00000061035155369
0.00000007553855085
0.00000082277785052
0.00000029628715729
0.00000051351694862
0.00000065394811175
0.00000093568047050
0.00000014260549609
0.00000070642541035
0.00000076993890691
0.00000013871627351
0.00000013746655878
0.00000054495676162
0.00000000000000943
0.00000040154707112
0.00000046439791847
0.00000019731193709
0.00000065208501227
0.00000032327943892
0.00000121813861296
0.00000089009603836
0.00000050442276918
0.00000012507203171
0.00000018608280327
0.00000055374638712
0.00000012207030261
0.00000006055076017
0.00000042051779885
0.00000059604643776
0.00000023657036359
0.00000035212589248
0.00000034943790900
0.00000034679066848
0.00000068836643135
0.00000113871560868
0.00000033908419486
0.00000100977279955
0.00000044551208381
0.00000022114186532
0.00000043910183882
0.00000141688755154
0.00000108218362528
0.00000010745625760
0.00000021340963426
0.00000063578288017
0.00000105233028233
0.00000020902450946
0.00000083041028776
0.00000020619985316
0.00000102407980342
0.00000071207682273
0.00000030315474940
0.00000050193385130
0.00000069811453320
0.00000049541523059
0.00000068910660117
0.00000078250200120
0.00000106908712941
0.00000009657461702
0.00000047983613708
0.00000123977660795
0.00000009477509105
0.00000018838010785
0.00000000000000436
0.00000074433117846
0.00000083229759022
0.00000073536333362
0.00000018273998316
0.00000099908738501
0.00000135433039639
0.00000062830307252
0.00000160618832918
0.00000115328056157
0.00000167582077148
0.00000052616514776
0.00000200544085617
0.00000121376730355
0.00000043103924756
0.00000111440595155
0.00000110818022029
0.00000050862629277
0.00000067442160644
0.00000025151851087
0.00000066705089807
0.00000066342562176
0.00000173207876905
0.00000082036501421
0.00000114236922353
0.00000089280149904
0.00000096881201555
0.00000064247534076
0.00000071900054379
0.00000015894570711
0.00000023718326219
0.00000157307105012
0.00000023475058799
0.00000023355290701
0.00000015491155067
0.00000077064592588
0.00000023003198206
