-nan
0.00000000000000000
0.00000000000000011
0.00000007947285985
0.00000011920928977
0.00000009536743129
0.00000015894571896
0.00000020435878158
0.00000000000000044
0.00000031789143880
0.00000009536743200
0.00000034679065987
0.00000007947285881
0.00000051351694070
0.00000000000000127
0.00000006357828634
0.00000005960464322
0.00000011219698007
0.00000021192762764
0.00000020077353843
0.00000009536743359
0.00000027247837409
0.00000034679066261
0.00000033171280787
0.00000007947285748
0.00000045776367415
0.00000000000000232
0.00000028257017019
0.00000034059796773
0.00000013154128257
0.00000025431315353
0.00000006152737273
0.00000023841858166
0.00000011559688468
0.00000078537884713
0.00000021798270211
0.00000000000000079
0.00000051549963087
0.00000050193385074
0.00000009781275004
0.00000066757202077
0.00000046520698257
0.00000027247837747
0.00000053228333774
0.00000000000000194
0.00000016954210291
0.00000024878460675
0.00000000000000272
0.00000031789144176
0.00000038925482621
0.00000038146972315
0.00000014959597482
0.00000029343824738
0.00000007197541608
0.00000070642542377
0.00000034679066490
0.00000034059796558
0.00000000000000474
0.00000026308256514
0.00000032327942423
0.00000057220459505
0.00000043775213988
0.00000018458213126
0.00000036330450713
0.00000053644180875
0.00000035212590735
0.00000023119376765
0.00000034161468665
0.00000011219698467
0.00000022114186409
0.00000021798269440
0.00000053728131162
0.00000031789143209
0.00000010451226067
0.00000000000000691
0.00000091552735076
0.00000010038676304
0.00000039633219064
0.00000107594024712
0.00000067602230761
0.00000028610228746
0.00000075352043999
0.00000000000000763
0.00000055152248853
0.00000063578288539
0.00000017951515758
0.00000000000000793
0.00000078924770213
0.00000026009298731
0.00000094295888279
0.00000025431314283
0.00000067071601102
0.00000008292820977
0.00000016407300908
0.00000024349130636
0.00000040154707207
0.00000007947285111
0.00000070788195817
0.00000093421156655
0.00000015412919121
0.00000076293944431
0.00000045323136716
0.00000052358590812
0.00000111107686451
0.00000029343826022
0.00000094459169480
0.00000021592626943
0.00000007130276179
0.00000063578288681
0.00000041996666219
0.00000027743253771
0.00000027493314561
0.00000006811958464
0.00000040510060401
0.00000080309415171
0.00000053074047962
0.00000006577065207
0.00000097812749441
0.00000000000000963
0.00000076935071871
0.00000019073487299
0.00000044136994131
0.00000006253603053
0.00000080635878142
0.00000006152738511
0.00000006103516614
0.00000042385526166
0.00000012014795533
0.00000011920927956
0.00000023657036359
0.00000046950119296
0.00000000000000846
0.00000092477508673
0.00000034418321942
0.00000056935780784
0.00000011302807366
0.00000190734862675
0.00000089102418443
0.00000011057094038
0.00000010977545618
0.00000054495674797
0.00000043287345241
0.00000053728130162
0.00000074693373331
0.00000052981906724
0.00000115756331035
0.00000135865929833
0.00000010380128479
0.00000000000000096
0.00000020481596000
0.00000061035156269
0.00000030315474977
0.00000060232062145
0.00000059838388573
0.00000138716264075
0.00000049221900367
0.00000048906375401
0.00000029156922011
0.00000038629845458
0.00000057580335781
0.00000047683716158
0.00000217982701264
0.00000000000000404
0.00000093612202402
0.00000046520698829
0.00000101725260916
0.00000055152249093
0.00000036547997193
0.00000072660900890
0.00000072230953520
0.00000071806066828
0.00000017846537597
0.00000070971112629
0.00000052920656447
0.00000166618961795
0.00000000000000796
0.00000034679066875
0.00000129311772567
0.00000034289414502
0.00000076720167566
0.00000127156574589
0.00000210756754049
0.00000025151849119
0.00000050028817608
0.00000116099480962
0.00000008247993028
0.00000065629199184
0.00000073438023335
0.00000064931018421
0.00000121101499338
0.00000072278475688
0.00000047933369988
0.00000007947287199
0.00000047436651187
0.00000110114971341
0.00000046950121490
0.00000015570191601
0.00000100692517998
0.00000146422721963
0.00000023003198206
