-nan
0.00000028610229297
0.00000009536743093
0.00000025431315625
0.00000038146973402
0.00000053405762600
0.00000095367430670
0.00000207083566275
0.00000123977661470
0.00000008477104103
0.00000152587892032
0.00000090165569937
0.00000063578285641
0.00000035212592527
0.00000021798267470
0.00000020345049260
0.00000047683712818
0.00000143612135513
0.00000016954206769
0.00000088340354305
0.00000045776370726
0.00000058128723879
0.00000124844634051
0.00000112782350122
0.00000108083085297
0.00000018310542907
0.00000152587887018
0.00000158239291350
0.00000217982702618
0.00000115756331701
0.00000020345052178
0.00000088599421005
0.00000019073484996
0.00000268184779443
0.00000116684854945
0.00000104631699596
0.00000288221567470
0.00000057735962840
0.00000088340362442
0.00000039125105334
0.00000267028802980
0.00000156309540463
0.00000108991356875
0.00000283884454482
0.00000159523711005
0.00000162760409151
0.00000205661931691
0.00000129862042738
0.00000534057608720
0.00000080965011947
0.00000390624990962
0.00000101725251110
0.00000187800490323
0.00000034548211454
0.00000067816830235
0.00000122070302227
0.00000021798259594
0.00000064247522184
0.00000073663130530
0.00000031034814094
0.00000010172537354
0.00000030017278460
0.00000147665712285
0.00000261579252927
0.00000095367419615
0.00000159630420845
0.00000129468500907
0.00000018219462132
0.00000000000012656
0.00000274215906582
0.00000287737152234
0.00000206316008045
0.00000542534709006
0.00000100331750352
0.00000206199838722
0.00000309244805264
0.00000337299533980
0.00000150606215873
0.00000054775126276
0.00000030903890642
0.00000221252455574
0.00000354154624613
0.00000334949042578
0.00000301498979086
0.00000043596554755
0.00000337488525702
0.00000085165319536
0.00000441978702815
0.00000187266971623
0.00000061720959557
0.00000101725245296
0.00000046950135396
0.00000172490674253
0.00000131258385172
0.00000246737881136
0.00000244140640521
0.00000069936100940
0.00000056630541675
0.00000143245790615
0.00000308258349086
0.00000311279312757
0.00000006043100727
0.00000215418214546
0.00000071108904494
0.00000246488145395
0.00000476655519335
0.00000253353466375
0.00000114084415638
0.00000158239304466
0.00000022398232031
0.00000344016326587
0.00000274933144004
0.00000228881842799
0.00000021605371040
0.00000524688180161
0.00000116762911919
0.00000115756334308
0.00000146067043280
0.00000227588716332
0.00000133354124007
0.00000457763671534
0.00000524599689669
0.00000500288164828
0.00000009924413765
0.00000354397678848
0.00000332031253311
0.00000184074276748
0.00000076894680349
0.00000648498540521
0.00000189256292422
0.00000253530642357
0.00000195685226454
0.00000175707275951
0.00000312059436907
0.00000610351571697
0.00000207971653321
0.00000439812144932
0.00000418781375038
0.00000123839459030
0.00000008782024733
0.00000366210950200
0.00000502133187099
0.00000300877544612
0.00000136582153490
0.00000601874472339
0.00000286233820808
0.00000610351546584
0.00000199298452961
0.00000090727918036
0.00000032770571118
0.00000081380190416
0.00000169766678169
0.00000168649754971
0.00000374987253826
0.00000142679566225
0.00000393775181340
0.00000070425201014
0.00000404309336460
0.00000092711651362
0.00000099805893830
0.00000137329079081
0.00000128894095882
0.00000173309679605
0.00000209691310614
0.00000565691667922
0.00000429095668496
0.00000102950890920
0.00000124263217717
0.00000254313176784
0.00000325039267511
0.00000366210910991
0.00000192742625570
0.00000205816197306
0.00000000000027627
0.00000182403887239
0.00000411551367636
0.00000291304183536
0.00000137932585555
0.00000041147325754
0.00000115932669273
0.00000230577226855
0.00000755352240370
0.00000201214770066
0.00000253479368519
0.00000092879554186
0.00000145164727680
0.00000118132528432
0.00000319863418063
0.00000428544681417
0.00000290643568203
0.00000173468372108
0.00000409031447207
0.00000184377000612
0.00000246670613852
0.00000553720970674
0.00000463241151127
0.00000348772356486
0.00000111536361483
0.00000154129146828
0.00000245367426412
0.00000292968713825
0.00000163975010194
0.00000447188236798
0.00000210466093019
0.00000017951479295
0.00000083365053952
0.00000082960368783
0.00000554328917287
0.00000117375338763
0.00000093450995472
0.00000325520872117
0.00000879369036799
0.00000080612509794
0.00000355322075903
0.00000045633721924
0.00000283884487671
0.00000542534681990
0.00000303769481711
0.00000145588405403
0.00000367883092635
0.00000088778450246
0.00000077329568349
0.00000285930503315
0.00000580244576578
0.00000588553334455
0.00000238715235517
0.00000777793099117
0.00000817387071848
0.00000021415887200
0.00000831570730885
0.00000435207244407
0.00000665838024656
0.00000452501976744
0.00000576297568728
0.00000636435006741
0.00000664893661355
0.00000227588762751
0.00000154519338185
0.00000133354077979
0.00000245162179005
0.00000437418665096
0.00000121563842174
0.00000655749566922
0.00000421971404750
0.00000080046060505
0.00000089684264989
0.00000456523166336
0.00000098842404897
0.00000068910707059
0.00000009804891332
0.00000166015577870
0.00000291801496520
0.00000106569367914
0.00000241245724527
0.00000394085308647
0.00000268075932403
0.00000400543164734
0.00000028498953966
0.00000009462766434
0.00000593855622977
0.00000629131561762
0.00000477056344702
0.00000177048495710
0.00000176375405760
0.00000175707317446
0.00000257959856050
0.00000009178268751
0.00001133836560567
0.00000173084821528
0.00000009075809440
0.00000497323545747
0.00001027012172722
0.00000107709048591
0.00000241457710167
0.00000409871173231
0.00000568181869296
0.00000044228322836
0.00000511197027936
0.00000166858752083
0.00000822552695054
0.00000383649605397
0.00000060817897324
0.00000147176920415
0.00000267433141223
0.00000223509075263
0.00000085663429704
0.00000324382701247
0.00000119092935026
0.00000178019258641
0.00000168955396784
0.00000042093158033
0.00000109066311895
0.00000401327108228
0.00000066659609875
0.00000066432876817
0.00000206898780932
0.00000536119669650
0.00000024660723256
0.00000204815906382
0.00000416427207321
0.00000390624945567
0.00000243329581133
0.00000161682587788
0.00000257838338623
0.00000128495010876
0.00000168096768739
0.00000015956848446
0.00000532815100054
0.00000293285871129
0.00000086910846607
0.00000126008008905
0.00000259055912925
0.00000328650785509
0.00000475801274001
0.00000435410087909
0.00000441778329982
0.00000139067388338
0.00000446692682575
0.00000007677321644
0.00000673491435919
0.00000328063908128
0.00000045633704860
0.00000530740432203
0.00000249431541264
0.00000437041916706
0.00000593449576473
0.00000209691391702
0.00000126923203255
0.00000357278905864
0.00001075999772698
0.00000029592860783
0.00000958860402872
0.00000419157155092
0.00000080646995251
0.00000241216843330
0.00000036438841005
0.00000479561883619
0.00000166624106988
0.00000086677086432
0.00000151237496676
0.00000689338176565
0.00000637199930525
0.00000285544649561
0.00000277594355658
0.00000191621943076
0.00000007076480659
0.00001051357086023
0.00000091464728085
0.00000427947706740
0.00000090940693514
0.00000230189791793
0.00000417334341971
0.00000083229818350
0.00000020748435127
0.00000820698651155
0.00000584561999769
0.00000740651274093
0.00000403481765446
0.00000143210920796
0.00000285624189961
0.00001078287820937
0.00000304330479579
0.00000080930654610
0.00000053805157190
0.00001053024185168
0.00000060199119155
0.00000553652176004
0.00000099784935494
0.00000013268451047
0.00000178639420446
0.00000442092421767
0.00000197418233727
0.00000196887662307
0.00000327266314931
0.00000078333828716
0.00000071614645070
0.00000532434279941
0.00000440359809902
0.00000135633618587
0.00000141717451148
0.00000353361368800
0.00000211460446055
0.00000875582932037
0.00000178483945486
0.00001195271747475
0.00000006341252440
0.00000252995528890
0.00000750716713160
0.00000402706248283
0.00000069037257518
0.00000056340207091
0.00000399616305355
0.00000143245837876
0.00000006212292718
0.00000297430266191
0.00000074169367013
0.00000807636979322
0.00000006149574554
0.00000484600801490
0.00000458910885755
0.00000500488217688
0.00000066971307396
0.00000218633459221
0.00000508878785851
0.00000737256406656
0.00000807773983654
0.00000108239749928
0.00000479883356417
0.00000646254659688
0.00000722274156496
0.00000142911521568
0.00000059401549165
0.00000248881281382
0.00000106405054320
0.00000471769264005
0.00000141189700390
0.00000140850302947
0.00000163931411536
0.00000782651819969
0.00000885665219850
0.00000058128666621
0.00000568308290605
0.00000069423822769
0.00000450188437182
0.00000287901630746
0.00000333180195765
0.00000481404001558
0.00000514582160357
0.00000513379773111
0.00000284546227844
0.00000738099520044
0.00000079303262221
0.00000474717839923
0.00000462344791479
0.00000000000040152
0.00000190822596695
0.00000716743157565
0.00000022347005342
0.00000011148010207
0.00000066735442809
0.00000355113601720
0.00000287875533154
0.00000198847600714
0.00001168347880019
0.00001044745886739
0.00000833918569493
0.00000010948039373
0.00000207546811641
0.00000980922126490
0.00000054374277352
0.00000206163220234
0.00000270665856449
0.00000194448309464
0.00000172461391863
0.00000150571288216
0.00000740470445525
0.00000246282230093
0.00000181636331382
0.00000788926056102
0.00000712741712050
0.00000605044174929
0.00000063550721482
0.00000243083754848
0.00000337472987309
0.00000431455400836
0.00000777049717961
0.00000481994379366
0.00000135924105095
0.00001064202735164
0.00000645489082501
0.00000155834432278
0.00000590913623069
0.00000020689891105
0.00001300706930735
0.00000000000006063
0.00000185032889452
0.00000625738581190
0.00000245676104366
0.00000296237575484
0.00000020387523893
0.00000651041668107
0.00000822261565130
0.00000293779175236
0.00000070765399379
0.00000070619187471
0.00001016833120882
0.00000160751025738
0.00000190499875473
0.00000950547510821
0.00000149779529822
0.00000209263386843
0.00000089501661529
0.00000218337151777
0.00000237702847948
0.00000079073877729
0.00000167692560133
0.00000098443790061
0.00000363509169027
0.00000519656763769
0.00000410978193946
0.00000273437513169
0.00000925882595911
0.00000048633605204
0.00001271666889018
0.00001104445700476
0.00000212716600799
0.00000038599290973
0.00000645263172325
0.00000595933827746
0.00000105522489900
0.00001493566156426
0.00000544658166510
0.00000429153420995
0.00000038072590031
0.00000484481418634
0.00001033449659304
0.00000387975387780
0.00000037778021723
0.00000311067180245
0.00000131713605979
0.00000422551108386
0.00000018743974617
0.00000327391670667
0.00000224067849040
0.00000475235538519
0.00001413690506056
0.00000167092412465
0.00000213101842681
0.00000129468481494
0.00000009230301767
0.00000055277089625
0.00000422993206897
0.00000394663450613
0.00000403083993602
0.00000064006940925
0.00000173408258285
0.00000400827855072
0.00001318450265278
0.00000562703337191
0.00001087082521757
0.00000099464738216
0.00000649838302219
0.00000603594862796
0.00000458606657959
0.00000897575868735
0.00000967603253129
0.00000008942922746
0.00000232089851340
0.00000498973584027
0.00001316313707812
0.00001038707341318
0.00000008861683052
0.00000743036638583
0.00000644566521942
0.00000546451893087
0.00000149563578210
0.00000377627633916
0.00001095783823736
0.00000236265170582
0.00000349396293468
0.00000871930854308
0.00000487410924735
0.00000356219469111
0.00000789229071055
0.00000303011361050
0.00000622234566781
0.00000138029981280
0.00000008611716859
0.00000266491472142
0.00000351837160258
0.00000154194022718
0.00000478874837853
0.00000162191381605
0.00000306773618049
0.00000697544584484
0.00000594429288922
0.00000288221630613
0.00001074726434840
0.00000456179775019
0.00000168663705224
0.00001262796274674
0.00000563078267732
0.00001510148258446
0.00000226133746621
0.00000434771039629
0.00000050080192321
0.00000599935942199
0.00000016636434012
0.00000473333799151
0.00000124349997516
0.00000422073556226
0.00001206244645193
0.00000643343606510
0.00001136303820266
0.00000156184169559
0.00001173516212360
0.00000000000069647
0.00000744281372484
0.00000743036755412
0.00000016303284809
0.00001293945384107
0.00000454970809770
0.00000689433731216
0.00001052679384835
0.00000088925466754
0.00000984633338484
0.00000145033960153
0.00000064353452242
0.00000056216515831
0.00000104230884628
0.00000528304379676
0.00000495473685706
0.00000191482765800
0.00000079654285981
0.00001121297254791
0.00000166730261661
0.00000435965480982
0.00000197844994569
0.00000813802003215
0.00000157764459004
0.00000007875422999
0.00000188707647980
0.00001051924154391
0.00000313503292667
0.00000618176665377
0.00001109374916704
0.00000421200994531
0.00000288140366368
0.00000458735484632
0.00001467172510309
0.00000519283319648
0.00000355957719109
0.00000625803587193
0.00000308550466082
0.00000346571952419
0.00000722809951657
0.00000614190163425
0.00000130310626256
0.00000359705534030
0.00000511969475199
0.00000198364347682
0.00001371148505646
0.00000091267432642
0.00001154257296099
0.00000204714097094
0.00000847868125061
0.00001307626350152
0.00000784872395574
0.00000007535111224
0.00000571793236965
0.00001231971059761
0.00000532533987683
0.00001407927625585
0.00001054328674954
0.00000552489583500
0.00000603828625231
0.00000908083935461
0.00000438486870318
0.00000133572475782
0.00000629801406568
0.00000651041764836
0.00000694378880720
0.00000405671634410
0.00000346141963222
0.00000147072565892
0.00000088110802088
0.00000799138882169
0.00000541721427794
0.00001008724839374
0.00001328358455803
0.00000561159150642
0.00001040599487770
0.00000276111318217
0.00000123340092157
0.00000072445185630
0.00000368923715184
0.00001097910607415
0.00000187523184604
0.00000525730654632
0.00000251691471582
0.00000502642357252
0.00000881917569849
0.00000214786366868
0.00000421794823338
0.00000371208075326
0.00000584511753448
0.00001096141689869
0.00000547272908129
0.00000794876344507
0.00001197671099915
0.00000332597482907
0.00000706629774138
0.00000084672938679
0.00000211377275321
0.00000379930766803
0.00000035128035935
0.00000975159281049
0.00001148897171093
0.00000720529525620
0.00000481994479943
0.00001178850559776
0.00000529377788456
0.00000354734355515
0.00000263935696393
0.00000013871741192
0.00000090037562180
0.00000276646716044
0.00001105021332235
0.00000606903132408
0.00000495856724092
0.00000323228316222
0.00001620736521312
0.00000939530050855
0.00000568406061112
0.00000547093955794
0.00000334626192585
0.00000525107049811
0.00000783156697309
0.00000618852400268
0.00000312391462109
0.00000244140745306
0.00000243802131739
0.00000879176886907
0.00000141824308144
0.00000816050277037
0.00001144935222841
0.00000121061344624
0.00000194775311784
0.00000415843798721
0.00000488951169265
0.00000160530945559
0.00001756743882518
0.00000100057757494
0.00000839337607570
0.00000412444527638
0.00000079719513030
0.00000126050740569
0.00000457142680196
0.00000575616233968
0.00000079287762473
0.00000079180616356
0.00000863223135276
0.00000723867209735
0.00000335159276598
0.00000360960473318
0.00000098311532597
0.00000222540923486
0.00000379120778370
0.00000104445057745
0.00000091267393631
0.00001191406119953
0.00000208056055789
0.00001772616902606
0.00000330708547311
0.00000097138048422
0.00000362169005765
0.00000148551042041
0.00000619220739868
0.00000637728941879
0.00000180130238219
0.00000077097172595
0.00000307983050638
0.00000173013175065
0.00001567875707421
0.00000850018540742
0.00000019148149685
0.00000165735015202
0.00000948551445607
0.00000699361300888
0.00000146040041543
0.00000862418967285
0.00000417984085828
0.00000442741929355
0.00000170550881757
0.00000700248166969
0.00000170110749511
0.00000188768662362
0.00000314209436752
0.00000125522033778
0.00000156701438491
0.00000093900101348
0.00000268836166852
0.00000480788303483
0.00000442758361480
0.00000012456014154
0.00000161723585647
0.00000012424318536
0.00000186130223627
0.00000254055106419
0.00001163458350160
0.00000859127910867
0.00000290129045575
0.00000314423674638
0.00000184721927084
0.00000319781028285
0.00001179245426294
0.00001024409298703
0.00000588143180216
0.00000648594285709
0.00000268890656620
0.00000402832175905
0.00000493767701108
0.00000231355060534
0.00000778331112308
0.00001159971771987
0.00000072787413097
0.00000866305589834
0.00000163365327421
0.00001021281180525
0.00000844985946849
0.00000313464358812
0.00001005461859153
0.00000174386308608
0.00000594585875825
0.00000611851346212
0.00000772862495313
0.00000203450371881
0.00000776946760209
0.00000531259700210
0.00000554458412531
0.00000976562349998
0.00000594739496511
0.00000582135646316
0.00000901807562686
0.00000699237561340
0.00000023674393720
0.00000626608051068
0.00000011808342749
0.00000919950333224
0.00000023559859742
0.00000352974550166
0.00000951883872439
0.00000446025988743
0.00001160620344861
0.00000046837683565
0.00000046781590966
0.00000619112743804
0.00000583370514713
0.00000582674677265
0.00000372467377726
0.00000383649708661
0.00001765012045942
0.00000359541857477
0.00000602387151402
0.00000485967276932
0.00000566290524147
0.00000611794317424
0.00000138356119035
0.00000737028144826
0.00000172537386866
0.00000126378834016
0.00001434433596616
0.00001214972282441
0.00000595325480662
0.00001246432072165
0.00000171326595634
0.00001003942915999
0.00000706498117222
0.00000523565136158
0.00000534324228391
0.00000681322514473
0.00001599248533196
0.00000441832381994
0.00000101842973762
0.00000519929269683
0.00000406430796960
0.00000045106651576
0.00000315383344753
0.00000596288000618
0.00000696742106818
0.00000965337805964
0.00000089695914528
0.00001433486075780
0.00000167794406966
0.00000033520288735
0.00000491071265132
0.00000256403559786
0.00000812874308706
0.00000422657865489
0.00000488836581951
0.00001908735960029
0.00000343626016108
0.00001317584160366
0.00000364966567475
0.00000011047252583
0.00000441384346493
0.00000000000165926
0.00000187165470546
0.00001275689918622
0.00001647743417435
0.00000120698902770
0.00000756260688921
0.00001313761043503
0.00001093574860516
0.00000655410906127
0.00000130935922106
0.00000163487193804
0.00001164907498340
0.00000804739530760
0.00000521412849543
0.00000217014057893
0.00000205934547689
0.00001342502602180
0.00000248737019042
0.00000496923565883
0.00001046702177984
0.00001972527074265
0.00000021533732469
0.00000785122004420
0.00000408244120327
0.00000901442136546
0.00000503824951817
0.00000770970566303
0.00001443986343736
0.00000021368810506
0.00000939207478074
0.00000223884588345
0.00000713519120270
0.00000829758814103
0.00000042505267665
0.00001602836103932
0.00000053016595813
0.00000879117912029
0.00000095222605123
0.00001152005372471
0.00000591216390484
0.00000337472827686
0.00000073742408925
0.00000294652653329
0.00001240413253662
0.00000210013265572
0.00000430065293642
0.00000136215975049
0.00000471010676195
0.00000951468640820
0.00000135778567019
0.00000114767136966
0.00000187599876665
0.00000114522431693
0.00002371206247378
0.00001122008156015
0.00000010377744931
0.00000020733633351
0.00000310677181604
0.00000610351384415
0.00000248015694735
0.00000196138167189
0.00000567169529252
0.00000133916977390
0.00000946720410883
0.00000606496889782
0.00000123225731501
0.00001138638869723
0.00000891510182176
0.00000296858801623
0.00000674902012682
0.00001317746289248
0.00000122452797450
0.00000489300445506
0.00001038679433191
0.00001251220521944
0.00000111781166185
0.00000903472764717
0.00000375210747639
0.00000091173029447
0.00000576829845337
0.00000303280097189
0.00000797811994333
0.00000988668464004
0.00000292263469768
0.00000010067837701
0.00000633608853826
0.00000793708388165
0.00000541976948960
0.00000661736212499
0.00000781249816010
0.00001040599201071
0.00000319856888552
0.00001647574954476
0.00001047385909951
0.00000827088463052
0.00000338462213630
0.00000805514707804
0.00000715285027770
0.00000833650729000
0.00001368179119822
0.00000178276943823
0.00001029002212515
0.00000019768285306
0.00000533209236078
0.00000818734030457
0.00001547127083539
0.00000275642454059
0.00001307983825841
0.00000206316208552
0.00000333699561140
0.00000068634098422
0.00000519135343638
0.00000371837612981
0.00001133946634753
