-nan
0.00000000000000000
0.00000000000000011
0.00000007947285955
0.00000000000000022
0.00000000000000036
0.00000000000000044
0.00000000000000051
0.00000005960464522
0.00000000000000000
0.00000009536743200
0.00000008669766577
0.00000007947286059
0.00000014671912451
0.00000000000000127
0.00000006357828634
0.00000000000000155
0.00000000000000167
0.00000042385524996
0.00000010038676828
0.00000000000000195
0.00000009082612334
0.00000034679066261
0.00000049756921072
0.00000023841857688
0.00000030517577898
0.00000029343825352
0.00000028257016546
0.00000013623918565
0.00000019731192508
0.00000031789143632
0.00000024610949849
0.00000023841857655
0.00000034679066266
0.00000044878791527
0.00000021798270211
0.00000000000000079
0.00000010309992571
0.00000010038677015
0.00000058687650204
0.00000085830688406
0.00000037216558793
0.00000045413062821
0.00000008871388825
0.00000000000000194
0.00000050862629987
0.00000091221021322
0.00000000000000272
0.00000031789143584
0.00000015570192602
0.00000061035155909
0.00000007479798922
0.00000007335956663
0.00000035987709651
0.00000049449778948
0.00000020807440070
0.00000068119594486
0.00000020077354503
0.00000046039450248
0.00000019396765252
0.00000044504801953
0.00000006253602611
0.00000012305474500
0.00000036330450713
0.00000041723251920
0.00000011737530638
0.00000000000000603
0.00000011387156632
0.00000022439395053
0.00000011057092885
0.00000000000000650
0.00000053728131162
0.00000010596381964
0.00000031353675474
0.00000061859956350
0.00000050862629507
0.00000010038677725
0.00000019816608452
0.00000117375301210
0.00000077259692193
0.00000028610230238
0.00000018838011943
0.00000046520699124
0.00000027576125582
0.00000045413063464
0.00000017951515758
0.00000044356944156
0.00000035077676806
0.00000104037198961
0.00000068578826433
0.00000016954210891
0.00000025151849275
0.00000041464101547
0.00000065629199428
0.00000040581884958
0.00000040154708912
0.00000079472858842
0.00000047192130257
0.00000007785097331
0.00000046238753859
0.00000030517579006
0.00000022661567028
0.00000074797986492
0.00000074071792462
0.00000036679780498
0.00000021798269182
0.00000035987710965
0.00000021390824872
0.00000127156574600
0.00000111991111460
0.00000041614880192
0.00000089353268350
0.00000020435879148
0.00000000000000943
0.00000020077353082
0.00000072976818207
0.00000006577063296
0.00000065208499308
0.00000103449418336
0.00000012822512785
0.00000063578286789
0.00000075663417814
0.00000025014407321
0.00000055824839016
0.00000110749276439
0.00000018310545886
0.00000102936274429
0.00000078096163497
0.00000065565110252
0.00000082799631519
0.00000000000000896
0.00000058239653756
0.00000023119378164
0.00000080309416866
0.00000022774311334
0.00000011302807366
0.00000089757582115
0.00000089102417323
0.00000022114187562
0.00000010977545618
0.00000021798269663
0.00000043287344475
0.00000064473756942
0.00000074693373331
0.00000105963813191
0.00000094709725000
0.00000010451225210
0.00000010380128749
0.00000020619985124
0.00000153611970485
0.00000050862630189
0.00000101051583177
0.00000120464124122
0.00000099730647374
0.00000009908304457
0.00000049221900037
0.00000048906375401
0.00000038875895936
0.00000019314922594
0.00000076773781143
0.00000000000000338
0.00000018955017098
0.00000047095027567
0.00000046806101855
0.00000065128977238
0.00000055486506181
0.00000055152249093
0.00000100506993263
0.00000081743512243
0.00000054173216229
0.00000062830307252
0.00000098155952352
0.00000026614167680
0.00000026460327115
0.00000105233027250
0.00000043596539383
0.00000008669767336
0.00000258623542581
0.00000042861766151
0.00000059671243049
0.00000093248156314
0.00000050581622160
0.00000041919749188
0.00000008338137109
0.00000058049739964
0.00000164959882817
0.00000000000001085
0.00000065278243088
0.00000032465507510
0.00000016146867891
0.00000064247534076
0.00000159777897148
0.00000031789142652
0.00000000000001252
0.00000039326777209
0.00000101725259119
0.00000070065869464
0.00000061964626976
0.00000038532294249
0.00000122683732541
