-nan
0.00000011920928955
0.00000000000000011
0.00000007947285985
0.00000000000000022
0.00000009536743200
0.00000015894571896
0.00000034059797065
0.00000011920928911
0.00000031789143880
0.00000009536743129
0.00000008669766577
0.00000007947286059
0.00000036679781510
0.00000006811959276
0.00000025431314962
0.00000011920929111
0.00000011219698007
0.00000031789143703
0.00000000000000187
0.00000009536743359
0.00000009082612740
0.00000026009299328
0.00000033171280354
0.00000007947286192
0.00000015258789290
0.00000007335956048
0.00000063578287997
0.00000000000000241
0.00000032885321010
0.00000038146972905
0.00000049221899949
0.00000023841858166
0.00000023119377152
0.00000056098489368
0.00000010899135166
0.00000042385525253
0.00000030929977868
0.00000050193385074
0.00000009781275077
0.00000057220458913
0.00000055824838138
0.00000072660900433
0.00000008871389155
0.00000000000000194
0.00000016954210291
0.00000008292820390
0.00000016232754594
0.00000063578288056
0.00000031140386161
0.00000030517577784
0.00000037398993162
0.00000036679781018
0.00000000000000402
0.00000000000000421
0.00000027743253280
0.00000027247838068
0.00000040154707586
0.00000006577064741
0.00000025862353837
0.00000069936117058
0.00000037521612985
0.00000030763687076
0.00000006055075589
0.00000000000000577
0.00000035212589554
0.00000000000000603
0.00000000000000615
0.00000033659094147
0.00000088456748827
0.00000065394809618
0.00000042982503741
0.00000010596380622
0.00000062707351630
0.00000020619984528
0.00000030517578826
0.00000030116030334
0.00000099083045141
0.00000029343824391
0.00000000000000738
0.00000028610228746
0.00000018838010434
0.00000074433116616
0.00000009192040833
0.00000054495676001
0.00000000000000786
0.00000053228334732
0.00000017538838803
0.00000017339532218
0.00000017144707626
0.00000059339736064
0.00000058687649413
0.00000074635382118
0.00000123054749664
0.00000024349132329
0.00000024092823983
0.00000039736428992
0.00000086518907920
0.00000108991351316
0.00000030825837366
0.00000007629395412
0.00000060430848659
0.00000059838387589
0.00000051850254993
0.00000022007869742
0.00000021798269182
0.00000043185252975
0.00000085563302238
0.00000000000000921
0.00000048996110743
0.00000020807440561
0.00000075606611537
0.00000074931552493
0.00000033758381938
0.00000000000000947
0.00000013268511277
0.00000019731191798
0.00000058687649281
0.00000025862353380
0.00000000000000967
0.00000025431314133
0.00000063052848340
0.00000075043225876
0.00000024811040108
0.00000024610951086
0.00000054931641614
0.00000024220301092
0.00000024029590071
0.00000000000000999
0.00000023657036359
0.00000023475060993
0.00000093183445503
0.00000046238753938
0.00000045891094177
0.00000056935780784
0.00000056514034217
0.00000011219697234
0.00000000000000560
0.00000033171281086
0.00000021955091706
0.00000021798270516
0.00000054109180690
0.00000032236877961
0.00000032011445288
0.00000042385524917
0.00000126279633405
0.00000020902450946
0.00000072660900162
0.00000072169948365
0.00000020481596114
0.00000081380208314
0.00000020210316620
0.00000100386770092
0.00000009973064654
0.00000029724913887
0.00000078755040158
0.00000029343824920
0.00000009718974160
0.00000038629845458
0.00000134354117835
0.00000019073485991
0.00000217982700522
0.00000037676022780
0.00000121695864125
0.00000055824837566
0.00000101725260916
0.00000082728373904
0.00000018273999439
0.00000018165224482
0.00000063202085497
0.00000071806066828
0.00000071386146979
0.00000070971112629
0.00000097021201392
0.00000043847095775
0.00000043596539383
0.00000043348833388
0.00000094828633443
0.00000017144705934
0.00000068195706212
0.00000076293946244
0.00000016860539443
0.00000125759251499
0.00000158424584885
0.00000016585641320
0.00000008247993028
0.00000098443801488
0.00000048958680374
0.00000032465509777
0.00000096881199239
0.00000112433181384
0.00000111844525954
0.00000023841859139
0.00000039530542864
0.00000039326774660
0.00000046950118895
0.00000093421156206
0.00000147165984540
0.00000069358130739
0.00000092012799752
