-nan
0.00000000000000000
0.00000000000000011
0.00000000000000015
0.00000011920928933
0.00000009536743129
0.00000023841857866
0.00000006811959454
0.00000000000000044
0.00000010596381293
0.00000009536743129
0.00000008669766448
0.00000039736429761
0.00000000000000109
0.00000027247837485
0.00000044504801290
0.00000005960464322
0.00000011219697673
0.00000052981906645
0.00000020077353843
0.00000000000000195
0.00000027247837815
0.00000017339533236
0.00000000000000216
0.00000039736429628
0.00000045776366960
0.00000007335956048
0.00000035321271215
0.00000047683716061
0.00000013154128257
0.00000031789143632
0.00000036916424899
0.00000035762786610
0.00000034679066266
0.00000044878791527
0.00000032697405012
0.00000031789143801
0.00000020619985181
0.00000040154708059
0.00000009781275004
0.00000057220458913
0.00000018608279448
0.00000045413062821
0.00000008871389155
0.00000017339533219
0.00000008477104814
0.00000058049741246
0.00000105512903364
0.00000047683716116
0.00000038925481983
0.00000045776367529
0.00000022439395318
0.00000007335956663
0.00000093568045736
0.00000028257016361
0.00000020807440070
0.00000054495674766
0.00000013384903160
0.00000072347706272
0.00000032327943435
0.00000044504801953
0.00000006253602611
0.00000049221899652
0.00000048440600762
0.00000023841858487
0.00000023475060686
0.00000034679066654
0.00000011387156632
0.00000078537884254
0.00000088456747550
0.00000054495674574
0.00000042982505062
0.00000063578288431
0.00000052256127608
0.00000072169947577
0.00000000000000701
0.00000060232061378
0.00000009908305306
0.00000000000000729
0.00000067602230761
0.00000038146973402
0.00000028257017537
0.00000120953816502
0.00000027576124041
0.00000009082613315
0.00000035903033874
0.00000035485555166
0.00000017538837202
0.00000095367432448
0.00000060006474656
0.00000084771049526
0.00000008383949207
0.00000049756921690
0.00000082036501176
0.00000024349130636
0.00000064247532042
0.00000015894572799
0.00000015730711238
0.00000046710579633
0.00000007706458247
0.00000030517577244
0.00000030215424773
0.00000022439396572
0.00000022221538366
0.00000051351694862
0.00000014532179153
0.00000071975419194
0.00000035651375398
0.00000049449778448
0.00000083993335215
0.00000124844638714
0.00000089353268350
0.00000122615270191
0.00000020255028786
0.00000033462255769
0.00000086245330435
0.00000052616514964
0.00000006520849067
0.00000045259119137
0.00000076935071871
0.00000006357827805
0.00000088273985337
0.00000081296827951
0.00000000000000982
0.00000024610949115
0.00000134277342761
0.00000072660899305
0.00000036044384608
0.00000083446501686
0.00000023657036359
0.00000023475060993
0.00000034943790900
0.00000046238755532
0.00000068836641639
0.00000000000000700
0.00000022605614079
0.00000056098488594
0.00000011137802796
0.00000011057094038
0.00000054887730911
0.00000163487025243
0.00000043287344475
0.00000021491252541
0.00000021340964022
0.00000021192762330
0.00000073663119396
0.00000020902450946
0.00000062280771819
0.00000020619985316
0.00000040963192057
0.00000030517578144
0.00000070736108218
0.00000000000000056
0.00000019946129586
0.00000049541522801
0.00000049221900037
0.00000048906375401
0.00000009718974160
0.00000028972384566
0.00000076773781143
0.00000076293944975
0.00000000000000371
0.00000103609061132
0.00000074889762706
0.00000055824837566
0.00000064734257128
0.00000027576125343
0.00000082232994386
0.00000018165224482
0.00000000000000622
0.00000026927275468
0.00000044616342969
0.00000035485555249
0.00000052920654969
0.00000096463608248
0.00000026157924903
0.00000182065095945
0.00000043103923054
0.00000000000000878
0.00000034097851749
0.00000033908419207
0.00000033721081759
0.00000108991351430
0.00000025014409309
0.00000107806660820
0.00000041239969379
0.00000164072999587
0.00000040798902346
0.00000032465509777
0.00000056514032407
0.00000080309414937
0.00000015977790800
0.00000039736431079
0.00000007906107071
0.00000086518908330
0.00000039125098863
0.00000054495676543
0.00000007745579546
0.00000038532296976
0.00000038338664601
