-nan
0.00000000000000000
0.00000011920928966
0.00000007947285985
0.00000011920928977
0.00000009536743200
0.00000023841857955
0.00000020435878158
0.00000000000000044
0.00000010596381293
0.00000009536743200
0.00000008669766448
0.00000023841857999
0.00000007335956171
0.00000006811959276
0.00000000000000142
0.00000023841858066
0.00000044878791527
0.00000042385525351
0.00000020077353843
0.00000028610229688
0.00000036330449946
0.00000026009299748
0.00000033171280787
0.00000007947285748
0.00000038146972884
0.00000000000000232
0.00000021192762350
0.00000006811959644
0.00000046039450003
0.00000031789143632
0.00000043069162929
0.00000005960464222
0.00000000000000215
0.00000022439395847
0.00000021798269967
0.00000031789143959
0.00000020619985181
0.00000010038677015
0.00000009781275004
0.00000000000000071
0.00000000000000104
0.00000009082612673
0.00000088713889733
0.00000034679066245
0.00000033908419918
0.00000041464100960
0.00000032465508916
0.00000071525573434
0.00000046710578444
0.00000053405762060
0.00000052358589558
0.00000036679781783
0.00000007197541608
0.00000056514033144
0.00000083229758083
0.00000027247838068
0.00000046847158929
0.00000046039449268
0.00000038793532021
0.00000082651773567
0.00000012507204685
0.00000030763687076
0.00000030275375688
0.00000035762787443
0.00000000000000590
0.00000034679065448
0.00000068322935486
0.00000000000000627
0.00000011057094162
0.00000098092214752
0.00000042982503741
0.00000021192761916
0.00000073158577016
0.00000010309991918
0.00000020345052784
0.00000050193385785
0.00000009908305306
0.00000039125099431
0.00000000000000738
0.00000019073487074
0.00000075352045507
0.00000130257954649
0.00000091920416810
0.00000090826124594
0.00000089757581935
0.00000035485555166
0.00000043847094207
0.00000052018599884
0.00000068578826433
0.00000008477105856
0.00000016767900896
0.00000099513842546
0.00000057425549395
0.00000008116376314
0.00000032123767300
0.00000095367432499
0.00000047192130257
0.00000031140386712
0.00000007706459998
0.00000015258789944
0.00000045323134943
0.00000014959598012
0.00000007407178260
0.00000022007869742
0.00000021798269182
0.00000021592625120
0.00000078433028808
0.00000084771049426
0.00000055995557118
0.00000083229757593
0.00000096226596757
0.00000013623919745
0.00000020255028786
0.00000066924512485
0.00000039805537636
0.00000006577063296
0.00000032604249174
0.00000109915006922
0.00000044878792328
0.00000025431316075
0.00000163937402176
0.00000006253603053
0.00000018608278362
0.00000036916426137
0.00000091552733386
0.00000084771051340
0.00000012014795533
0.00000035762785866
0.00000070971110971
0.00000035212589248
0.00000011647929736
0.00000023119378164
0.00000011472772983
0.00000022774312734
0.00000045211226199
0.00000056098488594
0.00000055689011737
0.00000077399655180
0.00000010977546558
0.00000010899134618
0.00000043287344475
0.00000032236878641
0.00000064022891469
0.00000010596381037
0.00000021046605388
0.00000094061028292
0.00000051900642934
0.00000051549962953
0.00000102407980342
0.00000010172526023
0.00000020210316620
0.00000040154708003
0.00000009973064654
0.00000019816609043
0.00000118132560649
0.00000078250200120
0.00000077751791637
0.00000019314923134
0.00000047983613100
0.00000038146972994
0.00000018955017098
0.00000065933038755
0.00000112334642969
0.00000074433117846
0.00000129468513757
0.00000101112457112
0.00000045684996631
0.00000108991351039
0.00000090288692055
0.00000000000000652
0.00000098155953715
0.00000106456668588
0.00000008820110024
0.00000052616514776
0.00000069754465082
0.00000095367430817
0.00000034483139975
0.00000060006472963
0.00000017048925422
0.00000093248156314
0.00000143314594363
0.00000041919749188
0.00000016676273209
0.00000174149224031
0.00000082479941938
0.00000041018251253
0.00000016319559385
0.00000016232755456
0.00000040367167990
0.00000072278473325
0.00000039944475191
0.00000055631000562
0.00000142309951057
0.00000078653550594
0.00000078250199023
0.00000085636062385
0.00000023236733271
0.00000107890429078
0.00000122683732541
