-nan
0.00000000000000000
0.00000011920928966
0.00000000000000015
0.00000011920928933
0.00000019073486293
0.00000015894571896
0.00000006811959352
0.00000011920928911
0.00000031789143880
0.00000047683715785
0.00000026009299474
0.00000007947285881
0.00000022007868949
0.00000020435878082
0.00000019073486470
0.00000000000000155
0.00000044878791193
0.00000031789144058
0.00000070270739291
0.00000009536743359
0.00000036330449946
0.00000034679066261
0.00000024878460644
0.00000015894571718
0.00000076293945540
0.00000029343824888
0.00000035321271215
0.00000034059796773
0.00000026308256759
0.00000006357829025
0.00000049221900454
0.00000000000000255
0.00000034679066266
0.00000022439395513
0.00000000000000122
0.00000031789143801
0.00000020619985258
0.00000030116031044
0.00000000000000036
0.00000038146972727
0.00000046520698465
0.00000018165224939
0.00000035485555794
0.00000000000000194
0.00000000000000221
0.00000033171280818
0.00000000000000272
0.00000031789143584
0.00000015570193240
0.00000038146972315
0.00000044878791723
0.00000000000000383
0.00000050382793672
0.00000042385524753
0.00000006935813649
0.00000000000000457
0.00000026769805847
0.00000032885321745
0.00000019396766263
0.00000019073485807
0.00000068789623359
0.00000030763688176
0.00000012110149486
0.00000023841858487
0.00000011737530638
0.00000057798442816
0.00000045548623452
0.00000033659094147
0.00000055285466979
0.00000098092214752
0.00000064473757263
0.00000063578288431
0.00000010451224704
0.00000020619985911
0.00000132242839243
0.00000040154707349
0.00000069358131383
0.00000009781274311
0.00000028972383558
0.00000057220459730
0.00000065933038405
0.00000000000000763
0.00000055152248853
0.00000018165224296
0.00000035903033874
0.00000035485556752
0.00000035077676806
0.00000008669767320
0.00000085723534873
0.00000033908419318
0.00000067071601102
0.00000008292819309
0.00000000000000840
0.00000008116378008
0.00000072278475359
0.00000023841858769
0.00000000000000864
0.00000031140384972
0.00000146422724203
0.00000076293944431
0.00000128415550630
0.00000059838387589
0.00000044443075836
0.00000051351693058
0.00000036330451056
0.00000100765587237
0.00000057042201186
0.00000077706795231
0.00000076993890691
0.00000027743253771
0.00000041239969505
0.00000020435879148
0.00000027006705362
0.00000073616965723
0.00000026537025408
0.00000013154129458
0.00000019562551040
0.00000064655886821
0.00000000000000967
0.00000038146971685
0.00000025221139921
0.00000012507205128
0.00000049622079234
0.00000067680113763
0.00000048828125989
0.00000018165224082
0.00000096118355303
0.00000047683714821
0.00000035485555012
0.00000035212589248
0.00000058239653756
0.00000046238755532
0.00000103254962833
0.00000113871560868
0.00000000000000653
0.00000067318186434
0.00000055689010617
0.00000066342560626
0.00000010977545618
0.00000021798270516
0.00000021643672812
0.00000021491252541
0.00000032011445288
0.00000148349337851
0.00000084186422629
0.00000031353676331
0.00000031140385977
0.00000030929977733
0.00000030722394028
0.00000020345052064
0.00000060630949936
0.00000050193385130
0.00000049865323641
0.00000039633218215
0.00000098443800238
0.00000009781274840
0.00000038875895465
0.00000057944768322
0.00000134354117835
0.00000181198120455
0.00000123207613919
0.00000028257016379
0.00000046806101855
0.00000000000000468
0.00000018495501394
0.00000064344291758
0.00000063958995509
0.00000136239187466
0.00000090288693300
0.00000089757583373
0.00000062462879885
0.00000000000000711
0.00000070560873538
0.00000070155352779
0.00000043596540974
0.00000008669767336
0.00000025862353492
0.00000077151181531
0.00000034097851749
0.00000067816841209
0.00000134884324162
0.00000058687649257
0.00000058366953708
0.00000016585639250
0.00000008247993028
0.00000041018251253
0.00000032639122099
0.00000016232755456
0.00000056514032407
0.00000096371298160
0.00000039944475191
0.00000007947284741
0.00000221371034283
0.00000157307105012
0.00000179975462034
0.00000007785097780
0.00000069710202497
0.00000038532294249
0.00000099680532949
