-nan
0.00000000000000000
0.00000005960464466
0.00000007947285955
0.00000011920928933
0.00000009536743200
0.00000023841857866
0.00000000000000051
0.00000023841857955
0.00000021192762587
0.00000047683715785
0.00000008669766577
0.00000007947286059
0.00000036679781510
0.00000013623918933
0.00000000000000142
0.00000011920928800
0.00000022439395847
0.00000010596381471
0.00000010038676828
0.00000028610229688
0.00000027247837815
0.00000034679065841
0.00000049756920640
0.00000007947285748
0.00000022888183821
0.00000029343825352
0.00000028257016546
0.00000020435878450
0.00000006577064006
0.00000057220459233
0.00000024610949849
0.00000059604645031
0.00000011559688899
0.00000044878791527
0.00000032697405012
0.00000010596381372
0.00000051549963011
0.00000010038677015
0.00000029343825157
0.00000000000000071
0.00000046520698257
0.00000018165225210
0.00000053228334104
0.00000086697664934
0.00000076293945091
0.00000107806661607
0.00000000000000272
0.00000055631002086
0.00000023355289700
0.00000030517577784
0.00000037398992438
0.00000000000000383
0.00000050382793672
0.00000077706795731
0.00000069358131663
0.00000054495675680
0.00000013384903160
0.00000019731192263
0.00000058190296766
0.00000012715658073
0.00000012507203614
0.00000086138325903
0.00000024220300663
0.00000011920928378
0.00000046950120783
0.00000034679066654
0.00000011387155402
0.00000056098488573
0.00000022114186409
0.00000021798269440
0.00000010745625440
0.00000105963813605
0.00000020902450089
0.00000082479940187
0.00000000000000701
0.00000020077353319
0.00000039633219064
0.00000048906374472
0.00000000000000738
0.00000057220458238
0.00000103609060781
0.00000009304138910
0.00000009192042374
0.00000118073963762
0.00000017951515758
0.00000035485556752
0.00000017538837202
0.00000008669767320
0.00000102868240056
0.00000093248154561
0.00000008383949207
0.00000058049740165
0.00000082036501176
0.00000056814639280
0.00000000000000853
0.00000079472858842
0.00000000000000864
0.00000023355288511
0.00000030825837366
0.00000099182129787
0.00000015107712829
0.00000014959596228
0.00000051850253199
0.00000007335955378
0.00000043596541085
0.00000014395084933
0.00000028521100135
0.00000028257015861
0.00000104991666936
0.00000083229759453
0.00000013746657748
0.00000000000000939
0.00000006751675633
0.00000020077354977
0.00000059708304076
0.00000006577065207
0.00000013041701013
0.00000012931178135
0.00000032056280510
0.00000057220459955
0.00000107189841496
0.00000031268011352
0.00000049622077270
0.00000043069163662
0.00000036621092761
0.00000030275376117
0.00000024029588079
0.00000059604643776
0.00000035485555012
0.00000082162709440
0.00000034943790900
0.00000069358131306
0.00000022945548210
0.00000022774311334
0.00000079119647643
0.00000056098489806
0.00000077964615088
0.00000055285467103
0.00000000000000470
0.00000065394810694
0.00000054109180690
0.00000053728130162
0.00000074693372735
0.00000084771050091
0.00000136802936638
0.00000073158577522
0.00000010380128479
0.00000010309992514
0.00000020481596114
0.00000020345052102
0.00000050525791579
0.00000110425447219
0.00000039892258894
0.00000009908304457
0.00000088599420198
0.00000039125100361
0.00000058313843786
0.00000009657461702
0.00000172741007951
0.00000009536742827
0.00000056865052036
0.00000065933038755
0.00000046806101855
0.00000093041397190
0.00000083229759022
0.00000073536332301
0.00000109643993825
0.00000036330449557
0.00000171548515465
0.00000026927274164
0.00000008923269139
0.00000026614166259
0.00000167582075670
0.00000043847094239
0.00000104631695633
0.00000026009298715
0.00000017241570413
0.00000060006474719
0.00000034097851749
0.00000101725261348
0.00000033721079843
0.00000050303701190
0.00000141748314705
0.00000091221020534
0.00000057735959675
0.00000032814599049
0.00000008159779138
0.00000048698261832
0.00000072660901456
0.00000000000001182
0.00000007988893592
0.00000190734862053
0.00000071154976155
0.00000007865356461
0.00000039125098863
0.00000085636059745
0.00000038727889680
0.00000000000001364
0.00000061341864193
