-nan
0.00000000000000000
0.00000011920928966
0.00000015894571955
0.00000011920928933
0.00000009536743200
0.00000015894571985
0.00000006811959454
0.00000017881393477
0.00000000000000000
0.00000009536743200
0.00000017339532961
0.00000015894572029
0.00000007335956389
0.00000013623918933
0.00000057220459126
0.00000011920929111
0.00000011219697673
0.00000021192762764
0.00000030116031231
0.00000038146972852
0.00000045413062889
0.00000034679065841
0.00000016585640502
0.00000039736429628
0.00000045776366960
0.00000014671912792
0.00000007064254432
0.00000040871756658
0.00000039462385261
0.00000050862630457
0.00000067680113029
0.00000000000000255
0.00000000000000215
0.00000033659093353
0.00000010899135166
0.00000000000000079
0.00000030929977868
0.00000060232062089
0.00000009781275004
0.00000057220458913
0.00000027912418913
0.00000063578287625
0.00000000000000165
0.00000043348832370
0.00000016954209848
0.00000066342561388
0.00000064931017015
0.00000023841858206
0.00000046710579082
0.00000053405762060
0.00000097237380918
0.00000058687649858
0.00000000000000402
0.00000105963813355
0.00000006935813649
0.00000027247838068
0.00000093694318331
0.00000032885321745
0.00000019396765252
0.00000025431314583
0.00000018760805689
0.00000024610949551
0.00000006055074461
0.00000101327896695
0.00000058687650831
0.00000000000000603
0.00000045548624682
0.00000044878790733
0.00000055285466979
0.00000043596540828
0.00000032236878962
0.00000042385524503
0.00000031353675474
0.00000134029904619
0.00000081380209034
0.00000070270738393
0.00000009908303866
0.00000019562549351
0.00000077259692193
0.00000047683715074
0.00000075352043999
0.00000027912419779
0.00000055152248853
0.00000027247836833
0.00000026927275602
0.00000044356945742
0.00000017538837202
0.00000060688366397
0.00000111440595091
0.00000033908419318
0.00000000000000828
0.00000091221022403
0.00000024610950941
0.00000073047393602
0.00000016061882371
0.00000000000000859
0.00000047192130257
0.00000054495676093
0.00000077064592100
0.00000022888184475
0.00000030215424773
0.00000022439394788
0.00000000000000897
0.00000124711257663
0.00000058128719331
0.00000014395084933
0.00000114084403289
0.00000021192763508
0.00000090992779739
0.00000055486506612
0.00000013746655878
0.00000088555471299
0.00000040510058515
0.00000046847160350
0.00000019902767391
0.00000059193577304
0.00000019562551040
0.00000012931176208
0.00000064112558119
0.00000050862629237
0.00000006305283762
0.00000081296827951
0.00000006202760764
0.00000012305476036
0.00000006103514636
0.00000000000000993
0.00000096118357295
0.00000023841856911
0.00000047314075560
0.00000023475059200
0.00000011647929736
0.00000034679065254
0.00000034418321942
0.00000068322935401
0.00000011302807366
0.00000011219697234
0.00000055689010617
0.00000088456747674
0.00000054887729970
0.00000021798270516
0.00000010821835832
0.00000032236878641
0.00000000000000298
0.00000042385524917
0.00000073663119396
0.00000010451225560
0.00000020760257363
0.00000030929977733
0.00000071685586142
0.00000010172526061
0.00000040420633259
0.00000060232062033
0.00000029919194147
0.00000059449827387
0.00000137821320399
0.00000136937850360
0.00000038875895936
0.00000000000000270
0.00000086370504431
0.00000019073486666
0.00000037910034567
0.00000009419005191
0.00000084250982118
0.00000027912419485
0.00000064734256129
0.00000009192042135
0.00000063958996632
0.00000009082611945
0.00000018057739158
0.00000107709098613
0.00000026769804691
0.00000106456668588
0.00000158761967864
0.00000008769419769
0.00000069754463490
0.00000017339532202
0.00000000000000851
0.00000102868241749
0.00000042622314912
0.00000025431316036
0.00000033721079843
0.00000075455549325
0.00000025014409309
0.00000041464101748
0.00000065983951643
0.00000016407298982
0.00000203994505074
0.00000040581884671
0.00000008073434524
0.00000096371300524
0.00000047933367577
0.00000039736428622
0.00000079061084477
0.00000062922842769
0.00000000000001297
0.00000163487024350
0.00000054219046088
0.00000107890429078
0.00000076677333358
