-nan
0.00000011920928955
0.00000005960464466
0.00000007947285955
0.00000000000000022
0.00000000000000036
0.00000000000000044
0.00000013623918857
0.00000017881393477
0.00000021192762587
0.00000000000000036
0.00000008669766577
0.00000007947285881
0.00000014671912669
0.00000000000000127
0.00000000000000142
0.00000005960464322
0.00000033659093687
0.00000000000000178
0.00000020077354217
0.00000028610229297
0.00000009082612740
0.00000026009299328
0.00000033171280354
0.00000015894572162
0.00000053405761946
0.00000044015737448
0.00000014128508154
0.00000047683715579
0.00000013154128257
0.00000038146972905
0.00000012305474798
0.00000023841857655
0.00000023119377583
0.00000089757582888
0.00000032697405256
0.00000021192762666
0.00000010309992648
0.00000010038677015
0.00000009781275004
0.00000057220459055
0.00000009304139776
0.00000000000000135
0.00000070971112084
0.00000008669766319
0.00000016954209848
0.00000024878460675
0.00000016232754594
0.00000031789144176
0.00000023355289062
0.00000068664550440
0.00000052358590283
0.00000014671912177
0.00000000000000402
0.00000014128508812
0.00000034679066490
0.00000040871755961
0.00000026769805847
0.00000046039450248
0.00000000000000506
0.00000031789144401
0.00000000000000536
0.00000012305475601
0.00000018165225638
0.00000005960465055
0.00000046950119602
0.00000023119377970
0.00000011387155402
0.00000033659094147
0.00000022114186409
0.00000021798269440
0.00000096710635564
0.00000000000000671
0.00000000000000681
0.00000010309991918
0.00000020345052784
0.00000040154707349
0.00000049541523650
0.00000039125100889
0.00000057944769329
0.00000019073485582
0.00000009419004840
0.00000000000000763
0.00000036768167186
0.00000018165225853
0.00000035903033874
0.00000035485556752
0.00000070155351211
0.00000000000000807
0.00000094295886651
0.00000067816841099
0.00000050303699378
0.00000024878459594
0.00000000000000840
0.00000081163770762
0.00000080309416971
0.00000103314718469
0.00000070788195817
0.00000038925481432
0.00000107890426839
0.00000015258789944
0.00000060430846886
0.00000104717178949
0.00000022221536573
0.00000058687651142
0.00000108991351353
0.00000007197542922
0.00000014260549609
0.00000007064253275
0.00000013998889974
0.00000027743253771
0.00000020619984285
0.00000061307635565
0.00000033758383825
0.00000026769804425
0.00000046439793750
0.00000052616513053
0.00000032604251093
0.00000038793530551
0.00000032056278576
0.00000031789142909
0.00000012610568498
0.00000037521611470
0.00000055824839016
0.00000012305474065
0.00000054931639636
0.00000030275374132
0.00000012014793542
0.00000011920927956
0.00000047314073665
0.00000058687651137
0.00000058239652064
0.00000011559687887
0.00000103254964329
0.00000056935779384
0.00000056514032912
0.00000033659092914
0.00000122515824029
0.00000088456747674
0.00000021955091706
0.00000065394810694
0.00000108218361762
0.00000032236877961
0.00000053352409608
0.00000105963813191
0.00000073663119828
0.00000052256127102
0.00000031140385977
0.00000020619985124
0.00000030722394143
0.00000091552734394
0.00000060630949898
0.00000070270739048
0.00000000000000093
0.00000019816609043
0.00000000000000165
0.00000097812750601
0.00000068032817241
0.00000115889536914
0.00000009596722377
0.00000047683716158
0.00000094775087715
0.00000018838010785
0.00000000000000436
0.00000000000000468
0.00000027743252341
0.00000091920415508
0.00000146191991580
0.00000163487026262
0.00000009028868646
0.00000098733340341
0.00000026769804691
0.00000044356944239
0.00000044100547163
0.00000061385933778
0.00000061035155454
0.00000130046498515
0.00000060345492616
0.00000017144707690
0.00000127866946546
0.00000008477105966
0.00000025290811559
0.00000092223451362
0.00000091719496087
0.00000024878461463
0.00000008247995148
0.00000024610949016
0.00000040798900127
0.00000016232755456
0.00000024220298941
0.00000088340358912
0.00000055922264785
0.00000079472858472
0.00000142309951057
0.00000047192129847
0.00000203450522131
0.00000163487026989
0.00000069710202497
0.00000023119378731
0.00000069009600161
