-nan
0.00000000000000000
0.00000011920928966
0.00000000000000015
0.00000011920928933
0.00000009536743129
0.00000015894571896
0.00000027247837561
0.00000005960464522
0.00000010596381293
0.00000009536743200
0.00000000000000065
0.00000023841857821
0.00000014671912451
0.00000000000000127
0.00000012715657694
0.00000011920928800
0.00000022439395847
0.00000010596381471
0.00000020077354217
0.00000047683715625
0.00000018165225277
0.00000000000000210
0.00000008292820359
0.00000015894572162
0.00000015258789290
0.00000022007869072
0.00000028257017019
0.00000047683715579
0.00000000000000245
0.00000012715657303
0.00000012305474798
0.00000005960464222
0.00000011559688899
0.00000011219697673
0.00000054495675101
0.00000052981906388
0.00000020619985181
0.00000040154708059
0.00000009781275077
0.00000066757202077
0.00000027912419121
0.00000036330450284
0.00000053228333774
0.00000017339533219
0.00000025431315325
0.00000008292819896
0.00000048698262693
0.00000063578287464
0.00000023355289062
0.00000022888183253
0.00000000000000362
0.00000007335955897
0.00000007197541608
0.00000042385524753
0.00000055486505243
0.00000000000000457
0.00000006692450870
0.00000052616513519
0.00000000000000506
0.00000031789143359
0.00000031268010910
0.00000018458213126
0.00000078715975886
0.00000011920928378
0.00000046950120783
0.00000023119377970
0.00000034161468665
0.00000112196979028
0.00000011057092885
0.00000010899135694
0.00000032236878962
0.00000052981905796
0.00000000000000681
0.00000010309993301
0.00000081380207632
0.00000050193384363
0.00000019816608452
0.00000068468926009
0.00000019314922126
0.00000104904175551
0.00000000000000754
0.00000065128978468
0.00000018384083978
0.00000072660901076
0.00000026927275602
0.00000070971111125
0.00000026308257805
0.00000052018598269
0.00000051434121250
0.00000110202364630
0.00000075455551137
0.00000082928202261
0.00000057425549395
0.00000000000000847
0.00000096371300195
0.00000071525572872
0.00000031461421612
0.00000062280770814
0.00000000000000876
0.00000053405762600
0.00000030215424773
0.00000000000000892
0.00000014814359210
0.00000014671913462
0.00000029064361026
0.00000035987709141
0.00000049911927756
0.00000049449780290
0.00000083993335215
0.00000027743251911
0.00000034366642967
0.00000034059796076
0.00000087771794549
0.00000046847160350
0.00000106148098778
0.00000078924771968
0.00000058687651200
0.00000045259119137
0.00000044878792328
0.00000000000000971
0.00000088273987287
0.00000018760805246
0.00000018608280327
0.00000067680111792
0.00000073242188489
0.00000048440601191
0.00000012014795533
0.00000023841858909
0.00000070971110971
0.00000070425179392
0.00000058239652064
0.00000000000000797
0.00000045891095673
0.00000068322935401
0.00000022605614079
0.00000044878791966
0.00000055689010617
0.00000011057094038
0.00000043910183882
0.00000021798269663
0.00000010821835832
0.00000010745626441
0.00000032011445288
0.00000021192762330
0.00000105233028233
0.00000094061028643
0.00000031140385977
0.00000010309992514
0.00000122889576400
0.00000091552734356
0.00000080841266537
0.00000170657509196
0.00000019946129401
0.00000019816609043
0.00000029533139956
0.00000019562549880
0.00000029156922011
0.00000009657461162
0.00000019193445058
0.00000095367431303
0.00000037910035309
0.00000094190056345
0.00000205946846678
0.00000027912418549
0.00000092477508970
0.00000119496541382
0.00000054821997193
0.00000099908738501
0.00000153490778174
0.00000062830307252
0.00000124925759088
0.00000062099722218
0.00000097021201392
0.00000131541284254
0.00000034877231347
0.00000138716265028
0.00000086207848662
0.00000120012946804
0.00000017048927232
0.00000016954211001
0.00000025290811559
0.00000033535801121
0.00000008338137109
0.00000049756919821
0.00000024743983324
0.00000008203648949
0.00000032639122099
0.00000032465507510
0.00000169542099537
0.00000048185648489
0.00000047933367577
0.00000087420146899
0.00000102779406941
0.00000078653550594
0.00000031300081425
0.00000070065866825
0.00000030982314159
0.00000192661479426
0.00000053674130995
