-nan
0.00000000000000000
0.00000011920928966
0.00000007947285985
0.00000023841857888
0.00000009536743200
0.00000015894571896
0.00000000000000051
0.00000011920928911
0.00000010596381293
0.00000028610229457
0.00000026009299603
0.00000031789143969
0.00000014671912669
0.00000006811959276
0.00000019073486470
0.00000023841857755
0.00000056098489368
0.00000010596381471
0.00000000000000187
0.00000019073486524
0.00000018165224871
0.00000008669766303
0.00000016585640502
0.00000071525573953
0.00000030517577898
0.00000058687650008
0.00000000000000237
0.00000006811959162
0.00000013154128747
0.00000038146972408
0.00000012305475303
0.00000059604645031
0.00000069358131887
0.00000033659093687
0.00000087193080479
0.00000074174668975
0.00000010309992648
0.00000050193385074
0.00000058687650277
0.00000000000000071
0.00000009304139568
0.00000018165225210
0.00000017742778145
0.00000008669766319
0.00000084771050568
0.00000041464100960
0.00000032465508371
0.00000023841858206
0.00000023355289062
0.00000030517578466
0.00000014959596758
0.00000036679781018
0.00000064777877693
0.00000000000000421
0.00000027743253280
0.00000013623918349
0.00000046847158929
0.00000032885321745
0.00000058190296766
0.00000000000000521
0.00000112564836810
0.00000030763688176
0.00000012110149486
0.00000017881394010
0.00000000000000590
0.00000034679065448
0.00000113871559553
0.00000033659092893
0.00000011057094162
0.00000021798270739
0.00000064473757263
0.00000010596380622
0.00000000000000681
0.00000030929977138
0.00000061035156951
0.00000020077353319
0.00000039633217624
0.00000048906375929
0.00000009657460694
0.00000009536743910
0.00000056514034319
0.00000120953816502
0.00000045960208790
0.00000009082613315
0.00000017951517330
0.00000026614166176
0.00000035077675205
0.00000060688364782
0.00000017144705997
0.00000025431315925
0.00000008383950862
0.00000058049741833
0.00000049221901042
0.00000008116376314
0.00000064247533747
0.00000015894572799
0.00000047192131986
0.00000000000000870
0.00000061651673855
0.00000091552733494
0.00000037769280744
0.00000052358590812
0.00000051850254993
0.00000036679782302
0.00000036330451056
0.00000007197542922
0.00000057042203019
0.00000098899557817
0.00000125990000508
0.00000055486506612
0.00000027493312692
0.00000040871757356
0.00000013503352209
0.00000033462257663
0.00000013268513180
0.00000052616513053
0.00000084771049388
0.00000006465587622
0.00000019233766759
0.00000076293944341
0.00000056747563604
0.00000062536019769
0.00000043419317488
0.00000012305474065
0.00000067138670886
0.00000030275374132
0.00000024029590071
0.00000035762785866
0.00000094628148277
0.00000023475060993
0.00000046591723174
0.00000150275952092
0.00000022945546714
0.00000091097247434
0.00000090422454356
0.00000011219697234
0.00000011137801675
0.00000066342561656
0.00000010977545618
0.00000141688756007
0.00000194793051479
0.00000053728130842
0.00000042681927746
0.00000021192762843
0.00000010523303017
0.00000020902450595
0.00000051900643205
0.00000082479940782
0.00000000000000057
0.00000101725260436
0.00000050525791579
0.00000040154708115
0.00000129649841615
0.00000059449827645
0.00000019688759916
0.00000088031475160
0.00000009718974160
0.00000028972384026
0.00000028790168346
0.00000038146972319
0.00000009477508364
0.00000075352045157
0.00000140418304692
0.00000018608279812
0.00000009247750447
0.00000018384083739
0.00000164465989334
0.00000045413062094
0.00000072230954764
0.00000098733340341
0.00000044616342969
0.00000017742777269
0.00000088201093586
0.00000140310703255
0.00000000000000796
0.00000095367430817
0.00000051724709537
0.00000025717059339
0.00000042622314912
0.00000118679471418
0.00000118023781846
0.00000000000000984
0.00000166762723004
0.00000116099483032
0.00000082479941938
0.00000123054751589
0.00000057118462841
0.00000073047393314
0.00000040367167990
0.00000016061882042
0.00000055922262375
0.00000095367432869
0.00000031624434542
0.00000055057487583
0.00000039125101457
0.00000155701930529
0.00000077455783385
0.00000030825837854
0.00000046006400569
