-nan
0.00000019073486524
0.00000009536743235
0.00000012715658073
0.00000047683715074
0.00000038146971775
0.00000044504802403
0.00000054495674797
0.00000009536743502
0.00000076293944381
0.00000022888182187
0.00000104037199949
0.00000114440920089
0.00000035212587761
0.00000054495677842
0.00000020345054907
0.00000190734866283
0.00000071806063017
0.00000033908423439
0.00000024092821410
0.00000061035152711
0.00000145321796955
0.00000083229762256
0.00000006634259933
0.00000101725264313
0.00000042724605407
0.00000093900243992
0.00000011302809345
0.00000000000001726
0.00000084186423296
0.00000162760416572
0.00000078755040964
0.00000009536744496
0.00000425396541580
0.00000116684854945
0.00000139508931738
0.00000093248159093
0.00000074231951015
0.00000200773545008
0.00000046950125367
0.00000068664556395
0.00000215856034365
0.00000065394816697
0.00000127747994645
0.00000055486498512
0.00000128851989012
0.00000039805528838
0.00000253230975584
0.00000190734871749
0.00000062280780442
0.00000213623037837
0.00000029919184933
0.00000223013061359
0.00000011516057414
0.00000237358930930
0.00000377308228363
0.00000207083576344
0.00000192742587974
0.00000368315587142
0.00000041379778067
0.00000040690092855
0.00000350201727688
0.00000127976928844
0.00000213138652729
0.00000228881847963
0.00000244140612809
0.00000231193761324
0.00000145755609520
0.00000053854562288
0.00000114993759843
0.00000279017870087
0.00000154737002763
0.00000135633693772
0.00000242468415592
0.00000065983966176
0.00000089518242764
0.00000256990145296
0.00000277432514575
0.00000054775154173
0.00000370846504928
0.00000259399399894
0.00000173309717206
0.00000208412714281
0.00000095597247159
0.00000036330435573
0.00000014361198563
0.00000085165349068
0.00000189419465289
0.00000131780436047
0.00000336036238476
0.00000020345067204
0.00000368893816715
0.00000643522827785
0.00000459404386516
0.00000259724053704
0.00000102796068153
0.00000178019221326
0.00000176183940516
0.00000080965018931
0.00000166459501233
0.00000402832047132
0.00000138990965826
0.00000149595955184
0.00000426653504009
0.00000234750586576
0.00000395275311002
0.00000080612482917
0.00000205351916138
0.00000135633670071
0.00000134389325309
0.00000044389213186
0.00000142965238599
0.00000000000006862
0.00000162040231836
0.00000042831693742
0.00000424592386994
0.00000147326242713
0.00000417334399028
0.00000662076273075
0.00000317998294175
0.00000111897786799
0.00000443892045868
0.00000540311218107
0.00000367203380951
0.00000472530244539
0.00000185546871689
0.00000377836677542
0.00000038447337829
0.00000047683721185
0.00000000000006028
0.00000272310690434
0.00000093183437332
0.00000360662278974
0.00000045891103507
0.00000118426413378
0.00000289351842050
0.00000008975747873
0.00000178204824779
0.00000106148109392
0.00000535704236963
0.00000313895101986
0.00000389586116979
0.00000017192987958
0.00000307309863280
0.00000440809476680
0.00000050511868847
0.00000292634294872
0.00000116257456903
0.00000008248011018
0.00000655411091253
0.00000301106752916
0.00000194019021334
0.00000056216610161
0.00000558491606468
0.00000023779950820
0.00000118132540211
0.00000508626281357
0.00000357658261619
0.00000239505065128
0.00000245676078578
0.00000267028831075
0.00000181968144795
0.00000406901064994
0.00000232158239295
0.00000885754120951
0.00000192353244253
0.00000110304524203
0.00000314312755337
0.00000290643626932
0.00000288923842696
0.00000373391570627
0.00000007138641652
0.00000085165361561
0.00000119953513898
0.00000350776732067
0.00000146484403350
0.00000672773910098
0.00000075862877016
0.00000267457396859
0.00000109113098743
0.00000061035126161
0.00000087674840508
0.00000274993530369
0.00000446924126032
0.00000457763640463
0.00000013196822275
0.00000630040354633
0.00000359030298515
0.00000123368965525
0.00000419818502066
0.00000019274226576
0.00000428204794720
0.00000279744432253
0.00000373168278635
0.00000515967265777
0.00000050080093434
0.00000224210743004
0.00000223072616943
0.00000388405504151
0.00000018402595573
0.00000372314416950
0.00000558729752110
0.00000320283529911
0.00000144319618265
0.00000311159657347
0.00000369188224684
0.00000319990101793
0.00000094353902762
0.00000187800442487
0.00000794333095438
0.00000651041627883
0.00000532249742822
0.00000460642727955
0.00000412632081772
0.00000011408480179
0.00000579124233259
0.00000113028107362
0.00000416276601239
0.00000571154632468
0.00000724618252452
0.00000310724472973
0.00000342459658846
0.00000230943876063
0.00000262752283977
0.00000980922111974
0.00000303819402183
0.00000270067020577
0.00000268877297618
0.00000203450477932
0.00000373140650120
0.00000275985011028
0.00000137395113401
0.00000357792251529
0.00000094303289641
0.00000239967325117
0.00000072722783695
0.00000455177391910
0.00000381147855908
0.00000287224309627
0.00000878497691557
0.00000762939407821
0.00000081042576614
0.00000292565166096
0.00000371736799983
0.00000340195998921
0.00000886878142540
0.00000516069567404
0.00000375600914941
0.00000029533093344
0.00000392193822055
0.00000234374952870
0.00000320981745512
0.00000377836634070
0.00000183346666777
0.00000470979898046
0.00000574448481423
0.00000038146924499
0.00000598476970159
0.00000293347311086
0.00000480740275487
0.00000244140673815
0.00000261913363153
0.00000335460351627
0.00000399165329714
0.00000073982057030
0.00000110554195673
0.00000027534706721
0.00000603493729696
0.00000109316647688
0.00000281351699853
0.00000217013838513
0.00000387381752980
0.00000574448580086
0.00000134143149728
0.00000338589136988
0.00000284090960205
0.00000017691298380
0.00000079323617371
0.00000307371238924
0.00000201262932509
0.00000505719917897
0.00000364907747694
0.00000190464369478
0.00000336448263371
0.00000558772504843
0.00000025699065669
0.00000110973064009
0.00000740077800009
0.00000881618870700
0.00000422388677611
0.00000244140678174
0.00000503382678655
0.00000033443867800
0.00000599936060387
0.00000149473798353
0.00000422073676696
0.00000082479994818
0.00000123303291895
0.00000131082268953
0.00000048991375455
0.00000659179633067
0.00000008111038774
0.00000032336451947
0.00000692940332994
0.00000578227850967
0.00000552318080214
0.00000239353609071
0.00000580529880185
0.00000634131438125
0.00000252831770707
0.00000299269097615
0.00000259056024374
0.00000508626357921
0.00000733201821047
0.00000427634908769
0.00000457279209701
0.00000409476420998
0.00001039715651818
0.00000491352144758
0.00001431169237643
0.00000587463435622
0.00000775774005421
0.00000773364655805
0.00000400602320966
0.00000768590913620
0.00000315504750450
0.00000614096107959
0.00000029864239188
0.00000186082735895
0.00000037103496102
0.00000273733485783
0.00000376168392446
0.00000426510788375
0.00000146631064058
0.00000877151887958
0.00000670475804517
0.00000014532121714
0.00000217335809510
0.00000671747932060
0.00000424905453903
0.00000883214672700
0.00000887784149733
0.00000028554400147
0.00000149473793030
0.00000716808171274
0.00000318444234282
0.00000994908386601
0.00000408073607768
0.00000441978658203
0.00000167890341586
0.00001450892916794
0.00000062600100517
0.00000679709634775
0.00000359640520821
0.00000089656221727
0.00000440140784980
0.00000370325606958
0.00000355611054662
0.00000620580857947
0.00000829670150964
0.00001091851067954
0.00000013525735795
0.00000067442100915
0.00000605307395482
0.00000248164860163
0.00000160530760982
0.00000413571611565
0.00000472315711645
0.00000451129476942
0.00000185255697546
0.00000158361425145
0.00000111870428672
0.00000551285343759
0.00000445082166138
0.00000143612194011
0.00000279947978403
0.00000473996364383
0.00000498642593944
0.00000361689752847
0.00000328526900356
0.00000353361368800
0.00000128157746202
0.00000466551393880
0.00000446209957236
0.00000139872295494
0.00000589742351457
0.00000018974722543
0.00000675014068495
0.00000534844089991
0.00000646439124231
0.00000269180626243
0.00000187320235566
0.00000342544307264
0.00000633647360590
0.00000142518575814
0.00000550088939949
0.00000326753803507
0.00000424325079099
0.00000717699890686
0.00000208039566832
0.00000164794858313
0.00000347032744973
0.00000103243484187
0.00000084813056581
0.00000694954685548
0.00000283323624371
0.00000402892100442
0.00000005998605188
0.00000736012114210
0.00000507382781158
0.00000178639545505
0.00000083162193934
0.00000082960468275
0.00000224633081273
0.00000554329014981
0.00000282379459426
0.00000082162652706
0.00000199059559018
0.00000537342946779
0.00000139841830829
0.00000348772375046
0.00000881457785855
0.00000381831360881
0.00000334755416247
0.00000483674773434
0.00000172334510117
0.00001203510170978
0.00000343054695615
0.00000114084358391
0.00000113818428334
0.00000931140944463
0.00000736386993000
0.00000700774058226
0.00000744262372310
0.00000472530282088
0.00000808189615949
0.00000683145823850
0.00000167602297104
0.00000813802046871
0.00000222451558982
0.00000688032705098
0.00000431813316600
0.00000309318471755
0.00000705417639169
0.00000021994681955
0.00000515712750732
0.00000273700281526
0.00000294934954818
0.00000403268024180
0.00000000000026657
0.00000021701363100
0.00000411412164615
0.00000583344832129
0.00000625172438160
0.00000333407879626
0.00000160971862167
0.00000149910889425
0.00000384641704723
0.00000970165783418
0.00000617000290482
0.00000021229602245
0.00001620542960730
0.00000433323171559
0.00000421841267550
0.00000673491393345
0.00000010500685265
0.00000513428794602
0.00000355493832076
0.00000333867532173
0.00000010411124079
0.00000664893607810
0.00000155503591222
0.00000300003302751
0.00000061938418102
0.00000566571076738
0.00000822368415768
0.00000584706534356
0.00000184257071735
0.00000306452664396
0.00001090732648340
0.00000183105467310
0.00000050756886014
0.00000222866960505
0.00000030328027122
0.00000988668648273
0.00000291961982211
0.00000693238808659
0.00001193130771344
0.00000340195948321
0.00000529220981425
0.00000029894776422
0.00000089501661529
0.00000158790642938
0.00000158468551647
0.00000790738857486
0.00000562263247948
0.00000492218991674
0.00000746667493977
0.00000529461608147
0.00000792600839120
0.00000673828111830
0.00000331368499105
0.00000350161867156
0.00000184440248859
0.00000096881184445
0.00000183709760587
0.00000511440852307
0.00000240769829129
0.00000192236731290
0.00000201451969825
0.00000459558843574
0.00000105109487449
0.00001316070535253
0.00000028554481119
0.00000873966462408
0.00000483540631958
0.00000312272916483
0.00001445010250929
0.00000640986994465
0.00000263427289975
0.00000835712112768
0.00000112464038819
0.00001440523200022
0.00001279054163388
0.00000251595329801
0.00000139508958437
0.00000900442578814
0.00000398407882177
0.00001044995888771
0.00000055381583866
0.00000294811287738
0.00000202301116502
0.00000660831732657
0.00000128254021745
0.00000685788307966
0.00000219042092182
0.00000072877761788
0.00000118205926527
0.00001016496244592
0.00000099649273233
0.00001265914312709
0.00000108306337337
0.00000270266414879
0.00001267912597185
0.00000771915252926
0.00000170226448705
0.00000581287159671
0.00000205310171511
0.00000686088573819
0.00000008893967376
0.00000577059704135
0.00000540565403560
0.00000185759124996
0.00000909456986195
0.00000070509975144
0.00000510275948817
0.00001062626509815
0.00000692535296550
0.00000131258450152
0.00000034939674506
0.00000017438666808
0.00000252409253612
0.00000755880278719
0.00000849938995566
0.00001350565106617
0.00000241980142003
0.00000258806262199
0.00000146398312979
0.00000653334011755
0.00000609278832712
0.00000282689200966
0.00000222334776557
0.00000563401385003
0.00000460160282474
0.00000280719243912
0.00000959578863251
0.00000415378087268
0.00000338496473835
0.00000608239558891
0.00000177096765415
0.00000698747244502
0.00000117658194582
0.00000998375814288
0.00000762154329811
0.00000593629538281
0.00000626001666679
0.00000033329713530
0.00000432549042990
0.00000647720091154
0.00000248700061184
0.00000736559918350
0.00000024785917412
0.00000263935743152
0.00000839876618182
0.00000534314430502
0.00000188747304797
0.00000892997657733
0.00000081789083965
0.00000987993762981
0.00000578764014856
0.00000488281321607
0.00000869319291466
0.00000308217472910
0.00000097170471071
0.00001447058744899
0.00000573024350881
0.00000241723465589
0.00000209148551089
0.00000746877494449
0.00000617367021775
0.00000096055251471
0.00000423549943590
0.00000414879570801
0.00000517753286796
0.00000270383675802
0.00000698678783054
0.00000507305274002
0.00000182017401376
0.00000363445510497
0.00000165652847135
0.00000149634495580
0.00000589711573101
0.00000078501726739
0.00000078375884963
0.00000101725343262
0.00000257812583295
0.00000655201593572
0.00000934509485187
0.00000365433504221
0.00000031051356939
0.00000488281164478
0.00000015476512270
0.00000077259605054
0.00000632528720331
0.00000916490130652
0.00000991941349294
0.00001082510406542
0.00000076653168877
0.00000107146266789
0.00000206315931686
0.00000129699796901
0.00000251377152293
0.00000121689940430
0.00000053156499055
0.00000432174306721
0.00001127967630752
0.00000733177635914
0.00000943356263426
0.00000030140911152
0.00000684646959490
0.00000668569805622
0.00001372587940119
0.00001123346528959
0.00000022432427648
0.00000119457090811
0.00000626192651948
0.00000223299255583
0.00000208095606851
0.00000883061737743
0.00000511250571970
0.00000665838166351
0.00000221610151049
0.00000604819576253
0.00000434518858799
0.00000742716861825
0.00000132166453551
0.00000469219319782
0.00000043923451783
0.00000533600868567
0.00000051090612008
0.00000699626763536
0.00000836845761987
0.00000348772424342
0.00000928677459848
0.00000057956127766
0.00000788483692222
0.00000375601065995
0.00000771729492648
0.00000014403471474
0.00000510574019447
0.00000890395326570
0.00000423033575723
0.00000272062973308
0.00000457540156427
0.00000878049723718
0.00000570255582317
0.00000078295719022
0.00000262975454316
0.00000596157449096
0.00000425208526353
0.00000120301287255
0.00000226121673039
0.00000317523823795
0.00000641177509808
0.00000246251462048
0.00000407486622338
0.00000329730266363
0.00000952744014709
0.00000307798956136
0.00000649644468554
0.00000132533595492
0.00000717446172907
0.00000250400755088
0.00000180587545610
0.00000686645393040
0.00000713375558387
0.00000394221521284
0.00000517978579362
0.00000524143598510
0.00000819541283664
0.00000969685416171
0.00000226628311046
0.00000514341086783
0.00000082179290426
0.00001053155755513
0.00000157069611610
0.00000463730677143
0.00000674195987487
0.00000081606774523
0.00000461796017046
0.00000135633560249
0.00000406336564515
0.00000182598372365
0.00000736136445658
0.00000600235116608
0.00000740840395255
0.00000807076323962
0.00000772384248050
0.00000422551204712
0.00000529138679842
0.00000541791400330
0.00000340661461179
0.00000767108396876
0.00000333070554365
0.00000385835445113
0.00001375159564049
0.00000716499785924
0.00001629812710724
0.00000284499789067
0.00000977883838250
0.00000811602745129
0.00000369011598191
0.00000118450849563
0.00000650603677641
0.00000682543554634
0.00000852034524449
0.00000268358198955
0.00000176487069688
0.00000091389409349
0.00001108248368262
0.00000390624869954
0.00000819220076034
0.00000350627362683
0.00000201018972278
0.00000330269942293
0.00000161682401519
0.00000781508481767
0.00000025800726445
0.00000657054057314
0.00000102931355984
0.00000128495198911
0.00000179656568284
0.00000551078442388
0.00000153587677243
0.00000281209231187
0.00000057444987570
0.00000159360586351
0.00000490191220624
0.00000470479464951
0.00000463518097459
0.00000107802217779
0.00000880299666243
0.00000702062282334
0.00000044216793788
0.00000757025331091
0.00000579637234359
0.00000264276072156
0.00000131968043574
0.00000131798142390
0.00000018804294717
0.00000588441645446
0.00000400127901649
0.00000536984634495
0.00000355453643627
0.00000859474509051
0.00000304787162760
0.00000316823852583
0.00000043430493640
0.00000532895921774
0.00000253733110548
0.00000135976915081
0.00000740755230783
0.00000357579560841
0.00000024629428528
0.00000209087831916
0.00000386940001767
0.00000398722269810
0.00000061265043454
0.00000159089273178
0.00000446114427860
0.00000225829933470
0.00000633973013622
0.00001022833395944
0.00000766169977353
0.00000516217885173
0.00000090984229867
0.00000775434389462
0.00001113305305735
0.00000513662352888
0.00000156926135968
0.00000144675778565
0.00000529824143371
0.00000360798805308
0.00001255237013585
0.00000035991395353
0.00000347488348244
0.00000197466533033
0.00000101600600479
0.00000961042707544
0.00000023847530359
0.00000095274240244
0.00000678003047059
0.00000297007909090
0.00001447638063070
0.00001173297027358
0.00000224905151734
0.00000401974727381
0.00000342446190390
0.00000377415611002
0.00000011780158353
0.00000023531779082
0.00000493569647414
0.00000739464546111
0.00000586171815450
0.00000538631441134
0.00000035085924004
0.00000992916571554
0.00000571703410017
0.00000407872320463
0.00000488863384877
0.00000186012059852
0.00000801222347633
0.00000046392673401
0.00000312778180744
0.00001006646334988
0.00000023114061651
0.00000369385186218
0.00001856275669628
0.00000345482173568
0.00000356577433980
0.00001217831039897
0.00001388531716475
0.00000836726243709
0.00001121959103157
0.00000971988595279
0.00000296966533021
0.00000969717594738
0.00000341853691411
0.00000000000159469
0.00000284214770444
0.00000272528909823
0.00000068053296069
0.00000441832061160
0.00000961851664375
0.00000892921891211
0.00000790281630784
0.00001725335756042
0.00000090109411651
0.00000247516002836
0.00000337133361134
0.00000044899587575
0.00000515750411533
0.00000683145622800
0.00000805412208153
0.00000547500551893
0.00001473214122273
0.00001047909368294
0.00000133622983196
0.00000378167874829
0.00000644375875385
0.00000699129807013
0.00000232778637693
0.00000952203633155
0.00001271853600316
0.00000187800646248
0.00000121380484015
0.00000077154884864
0.00001321167020713
0.00001363668522226
0.00000021969743417
0.00000065835507342
0.00000219205781336
0.00001007216760992
0.00001815334378992
0.00001267128243758
0.00001473027402550
0.00001307896037220
0.00000272174441457
0.00001207109717566
0.00001336120163224
0.00000737847391225
0.00000650318920678
0.00000747038002029
0.00000562361742187
0.00000399699083452
0.00000399257766765
0.00000722182151529
0.00000829055094099
0.00000139816046240
0.00000021486352719
0.00000665350103579
0.00000225113028424
0.00000374777446786
0.00000128354154618
0.00000502170916633
0.00000064037057443
0.00000063967148389
0.00000692220047205
0.00000808482942643
0.00001253910327510
0.00000286599690891
0.00000880072437845
0.00001090953942631
0.00000095222605123
0.00001088592223120
0.00000147803879785
0.00000421841427173
0.00000400317057094
0.00000073663294494
0.00000452015110499
0.00000609039153782
0.00001930048159630
0.00000513428606495
0.00001161826592593
0.00000585519448043
0.00000658004855439
0.00000187800657265
0.00000479422181894
0.00000541377754873
0.00000655201854410
0.00001153175044313
0.00000902879428287
0.00001119625973866
0.00000331389361343
0.00000858630342277
0.00000051669795265
0.00000092907815897
0.00000598106039283
0.00000968321287376
0.00000205808925110
0.00000493420873374
0.00000513439620759
0.00000000000179644
0.00000799284972312
0.00000040946196802
0.00001196417065037
0.00000224732136481
0.00000479607316780
0.00000560656786842
0.00000325860452104
0.00000152588071804
0.00001026356190732
0.00000324844256402
0.00000415774091356
0.00000557167219515
0.00000728626760879
0.00001091808823896
0.00000767515329390
0.00000060530550783
0.00000644994657165
0.00000885953791307
0.00000352004837349
0.00000170797784673
0.00000491793881128
0.00000551447180723
0.00000510817491680
0.00002281314221054
0.00000629718070742
0.00000629073818526
0.00001236912850707
0.00000318877735926
0.00000268778854812
0.00000556899370605
0.00000784826238758
0.00000119092802172
0.00000109057555303
0.00000178276943823
0.00000306721571677
0.00000158147959633
0.00000365347127888
0.00000611584782671
0.00001310623925537
0.00000511907575026
0.00000216358070556
0.00000206315833701
0.00000294441142376
0.00001755066955791
0.00000724830554269
0.00000841526615473
0.00000723379441320
