-nan
0.00000011920928955
0.00000005960464466
0.00000000000000015
0.00000011920928977
0.00000000000000036
0.00000007947285926
0.00000013623918857
0.00000011920928999
0.00000010596381293
0.00000009536743200
0.00000008669766448
0.00000000000000089
0.00000007335956389
0.00000020435878336
0.00000019073486470
0.00000000000000155
0.00000022439395847
0.00000010596381471
0.00000010038676828
0.00000009536742969
0.00000009082612740
0.00000008669766303
0.00000000000000216
0.00000007947285748
0.00000022888183366
0.00000000000000232
0.00000028257016546
0.00000027247837853
0.00000046039450003
0.00000025431314855
0.00000006152737777
0.00000011920928700
0.00000011559688899
0.00000000000000167
0.00000021798269967
0.00000042385525253
0.00000020619985181
0.00000020077354030
0.00000029343825084
0.00000066757202219
0.00000037216558793
0.00000018165225210
0.00000017742778145
0.00000052018598883
0.00000016954209848
0.00000008292820390
0.00000008116377433
0.00000023841857614
0.00000007785096141
0.00000061035156591
0.00000037398992438
0.00000066023606903
0.00000028790168445
0.00000042385524753
0.00000034679065612
0.00000040871755961
0.00000080309415645
0.00000026308256514
0.00000103449416867
0.00000044504801953
0.00000018760806760
0.00000012305475601
0.00000042385524610
0.00000011920928378
0.00000011737529458
0.00000046238754132
0.00000034161468665
0.00000022439395053
0.00000033171279932
0.00000032697405784
0.00000010745626761
0.00000063578287089
0.00000052256126245
0.00000134029903236
0.00000030517578826
0.00000060232062799
0.00000029724913038
0.00000068468926009
0.00000048287306422
0.00000028610230238
0.00000056514034319
0.00000037216557926
0.00000000000000770
0.00000009082613315
0.00000062830308690
0.00000008871389783
0.00000043847095808
0.00000052018599884
0.00000000000000814
0.00000084771049526
0.00000041919749344
0.00000033171281405
0.00000065629199428
0.00000040581884958
0.00000008030942464
0.00000087420146529
0.00000023596066425
0.00000015570192051
0.00000007706459998
0.00000038146971775
0.00000037769280744
0.00000082277785052
0.00000088886148982
0.00000058687649339
0.00000000000000907
0.00000021592625120
0.00000021390824872
0.00000000000000921
0.00000027997777171
0.00000062422319822
0.00000034366642967
0.00000020435879148
0.00000060765088244
0.00000000000000947
0.00000013268511277
0.00000019731191798
0.00000013041699094
0.00000071121473480
0.00000083346327779
0.00000146230060878
0.00000006305285711
0.00000043775213545
0.00000155068995520
0.00000030763686640
0.00000048828124011
0.00000090826126365
0.00000042051779885
0.00000101327897117
0.00000059142594213
0.00000000000000896
0.00000011647929736
0.00000080917821583
0.00000034418321942
0.00000011387155317
0.00000022605612773
0.00000078537885487
0.00000089102418443
0.00000066342561656
0.00000000000000470
0.00000021798269663
0.00000000000000383
0.00000021491252541
0.00000021340963426
0.00000042385525430
0.00000105233027802
0.00000020902450946
0.00000114181414618
0.00000082479940974
0.00000081926384171
0.00000010172526061
0.00000030315474977
0.00000110425447107
0.00000059838388388
0.00000079266436559
0.00000078755040488
0.00000048906375401
0.00000048594869861
0.00000231779074637
0.00000057580335781
0.00000057220458647
0.00000132685122653
0.00000113028066726
0.00000102973423557
0.00000055824838501
0.00000027743252341
0.00000018384083739
0.00000018273998316
0.00000009082611945
0.00000090288692055
0.00000080781823797
0.00000017846536234
0.00000062099723639
0.00000026460328593
0.00000061385932242
0.00000052315847418
0.00000043348833388
0.00000120690986084
0.00000000000000878
0.00000008524464068
0.00000042385526105
0.00000084302701045
0.00000092223451362
0.00000091719496087
0.00000099513842747
0.00000057735959675
0.00000016407301152
0.00000032639122099
0.00000089280147636
0.00000000000001158
0.00000040154709241
0.00000063911157172
0.00000047683717049
0.00000134403842735
0.00000039326774660
0.00000000000001297
0.00000116776448226
0.00000015491157750
0.00000007706457759
0.00000092012796981
