-nan
0.00000000000000000
0.00000000000000011
0.00000007947285955
0.00000000000000022
0.00000009536743129
0.00000000000000044
0.00000020435878158
0.00000023841857866
0.00000031789143880
0.00000000000000036
0.00000043348832499
0.00000031789143969
0.00000022007868731
0.00000006811959530
0.00000000000000142
0.00000035762787021
0.00000022439395513
0.00000000000000178
0.00000020077353843
0.00000000000000195
0.00000018165225277
0.00000043348832774
0.00000016585640502
0.00000015894571718
0.00000015258789290
0.00000007335956512
0.00000035321270741
0.00000034059797256
0.00000000000000245
0.00000019073486577
0.00000012305474798
0.00000005960464222
0.00000034679066266
0.00000022439395847
0.00000054495675101
0.00000063578287681
0.00000010309992648
0.00000030116031044
0.00000019562550117
0.00000038146972585
0.00000018608279241
0.00000027247837747
0.00000070971111753
0.00000017339533219
0.00000000000000221
0.00000058049740751
0.00000016232754050
0.00000047683716116
0.00000015570192602
0.00000114440918310
0.00000029919194602
0.00000014671912943
0.00000071975419704
0.00000042385525595
0.00000006935813649
0.00000040871755961
0.00000046847158929
0.00000006577064741
0.00000000000000506
0.00000063578288281
0.00000018760806760
0.00000067680113327
0.00000036330450713
0.00000023841857333
0.00000023475059506
0.00000046238755338
0.00000000000000615
0.00000067318187667
0.00000000000000638
0.00000010899135694
0.00000010745626761
0.00000063578287089
0.00000010451224704
0.00000030929978521
0.00000010172525341
0.00000030116030334
0.00000029724913038
0.00000029343825849
0.00000038629846465
0.00000038146973402
0.00000131866077563
0.00000083737256288
0.00000000000000770
0.00000054495674445
0.00000035903032302
0.00000062099722136
0.00000131541284221
0.00000034679066859
0.00000068578826433
0.00000000000000821
0.00000008383949207
0.00000049756921690
0.00000032814600975
0.00000105512902245
0.00000008030942464
0.00000039736430709
0.00000055057487172
0.00000031140384972
0.00000000000000876
0.00000007629393650
0.00000120861696431
0.00000089757583612
0.00000022221536573
0.00000051351694862
0.00000021798270996
0.00000064777879007
0.00000035651375398
0.00000035321271899
0.00000062994999791
0.00000076293944382
0.00000027493314561
0.00000047683716759
0.00000006751675633
0.00000026769804425
0.00000053074049865
0.00000098655962811
0.00000045645949227
0.00000096983827824
0.00000032056278576
0.00000076293944341
0.00000157632119389
0.00000025014409278
0.00000018608278362
0.00000018458213561
0.00000103759764636
0.00000012110149057
0.00000012014795533
0.00000011920927956
0.00000082799631519
0.00000011737530944
0.00000046591723174
0.00000069358132899
0.00000068836641639
0.00000056935779384
0.00000033908420792
0.00000033659094126
0.00000022275603911
0.00000033171281086
0.00000043910184823
0.00000054495674797
0.00000021643672046
0.00000010745625760
0.00000138716264503
0.00000105963812677
0.00000073663119396
0.00000114963479413
0.00000041520514591
0.00000051549962953
0.00000030722394143
0.00000030517578106
0.00000141472216492
0.00000060232062145
0.00000089757582813
0.00000069358132231
0.00000029533139956
0.00000029343825321
0.00000019437947615
0.00000077259691726
0.00000009596722985
0.00000019073485991
0.00000075820069505
0.00000009419005191
0.00000037444881571
0.00000065128977238
0.00000046238754235
0.00000073536333362
0.00000073095996071
0.00000018165225667
0.00000018057739158
0.00000026927275468
0.00000017846537597
0.00000017742777269
0.00000079380982823
0.00000078924771781
0.00000034877231347
0.00000034679066875
0.00000008620785632
0.00000008572354284
0.00000034097853559
0.00000110202364520
0.00000008430271158
0.00000108991349463
0.00000033352545408
0.00000066342562176
0.00000123719910258
0.00000041018251253
0.00000106077142106
0.00000073047395582
0.00000048440599040
0.00000008030942794
0.00000023966685597
0.00000127156574292
0.00000055342759510
0.00000204499233584
0.00000101725259119
0.00000070065866825
0.00000116183671723
0.00000084771051711
0.00000007667734583
