-nan
0.00000005960464478
0.00000005960464466
0.00000007947285955
0.00000011920928933
0.00000009536743129
0.00000007947286014
0.00000006811959352
0.00000023841857866
0.00000021192762587
0.00000019073486293
0.00000017339533090
0.00000031789143969
0.00000014671912669
0.00000027247837738
0.00000038146972798
0.00000023841857755
0.00000011219697673
0.00000010596381116
0.00000010038676828
0.00000009536743359
0.00000009082612740
0.00000017339533236
0.00000008292819926
0.00000071525573953
0.00000030517577898
0.00000000000000232
0.00000000000000237
0.00000020435877968
0.00000046039449513
0.00000044504801184
0.00000030763687374
0.00000047683715565
0.00000000000000215
0.00000000000000167
0.00000010899135166
0.00000063578287681
0.00000000000000038
0.00000020077354030
0.00000000000000036
0.00000038146972585
0.00000009304139568
0.00000018165224939
0.00000000000000165
0.00000008669766319
0.00000008477104814
0.00000033171280324
0.00000008116377433
0.00000039736429554
0.00000007785096141
0.00000068664550440
0.00000059838388118
0.00000007335956663
0.00000014395084423
0.00000028257017203
0.00000013871625981
0.00000054495675680
0.00000046847159876
0.00000026308257494
0.00000051724709192
0.00000006357828255
0.00000050028816063
0.00000024610949551
0.00000018165225638
0.00000011920928378
0.00000011737529458
0.00000069358132705
0.00000022774312649
0.00000056098489827
0.00000022114187686
0.00000032697404484
0.00000053728129841
0.00000063578288431
0.00000083609802401
0.00000061859954967
0.00000050862630909
0.00000030116030334
0.00000009908303866
0.00000019562550809
0.00000028972385033
0.00000038146973402
0.00000065933038405
0.00000046520697599
0.00000027576125582
0.00000027247836833
0.00000026927274030
0.00000000000000793
0.00000026308256204
0.00000078027897808
0.00000085723533245
0.00000016954209248
0.00000075455549481
0.00000016585639451
0.00000073832849462
0.00000016232755168
0.00000048185648818
0.00000039736428992
0.00000023596064696
0.00000046710579633
0.00000061651673855
0.00000045776368069
0.00000037769280744
0.00000044878790469
0.00000000000000897
0.00000168726993539
0.00000058128719331
0.00000079172963028
0.00000000000000916
0.00000021192761666
0.00000041996666219
0.00000027743253771
0.00000103099925163
0.00000006811958464
0.00000074268441396
0.00000026769804425
0.00000033171281522
0.00000111810093224
0.00000006520849067
0.00000071121475407
0.00000051290048236
0.00000006357829747
0.00000138716263230
0.00000031268011352
0.00000000000000982
0.00000073832849317
0.00000006103516614
0.00000030275376117
0.00000054066576414
0.00000000000000999
0.00000082799631519
0.00000023475059200
0.00000034943790900
0.00000011559689480
0.00000068836641639
0.00000045548623367
0.00000045211227504
0.00000022439396286
0.00000055689011737
0.00000088456748703
0.00000076842823087
0.00000108991350873
0.00000054109180690
0.00000042982504061
0.00000032011445288
0.00000084771050604
0.00000000000000216
0.00000031353676331
0.00000010380128749
0.00000041239970535
0.00000071685586257
0.00000050862630227
0.00000040420633259
0.00000000000000056
0.00000069811453320
0.00000089174741145
0.00000019688760246
0.00000019562550281
0.00000009718974160
0.00000086917153157
0.00000095967227112
0.00000095367431978
0.00000056865052036
0.00000094190055538
0.00000102973422685
0.00000027912419485
0.00000036991004287
0.00000082728374966
0.00000009137000000
0.00000036330449557
0.00000027086608426
0.00000008975758924
0.00000160618832918
0.00000044356944239
0.00000079380984301
0.00000026308257772
0.00000017438616867
0.00000043348833388
0.00000094828633443
0.00000034289414502
0.00000076720167566
0.00000050862629277
0.00000126454053962
0.00000075455551293
0.00000050028815589
0.00000000000001035
0.00000156711886609
0.00000016407301152
0.00000016319559385
0.00000129862035708
0.00000153395235120
0.00000104402242136
0.00000015977790800
0.00000039736428622
0.00000086967190296
0.00000078653553143
0.00000140850361874
0.00000054495676543
0.00000131674830815
0.00000084771048984
0.00000107348266147
