-nan
0.00000000000000000
0.00000011920928966
0.00000007947285985
0.00000011920928933
0.00000000000000036
0.00000007947285926
0.00000006811959454
0.00000000000000044
0.00000010596381293
0.00000009536743129
0.00000017339533090
0.00000007947285881
0.00000014671912451
0.00000020435878082
0.00000006357828918
0.00000023841858066
0.00000033659093687
0.00000000000000178
0.00000010038676828
0.00000019073486133
0.00000036330449946
0.00000017339532816
0.00000016585640069
0.00000015894571718
0.00000000000000227
0.00000007335956048
0.00000063578287524
0.00000027247837371
0.00000046039449513
0.00000038146972905
0.00000000000000252
0.00000035762787121
0.00000034679065836
0.00000011219698007
0.00000010899134923
0.00000010596381372
0.00000041239970401
0.00000000000000000
0.00000009781275004
0.00000009536743093
0.00000074433117274
0.00000009082612673
0.00000035485555794
0.00000017339532832
0.00000033908420360
0.00000041464100960
0.00000024349131755
0.00000039736430146
0.00000038925482621
0.00000045776366846
0.00000029919193878
0.00000036679781018
0.00000057580336487
0.00000007064254617
0.00000069358132542
0.00000040871755961
0.00000040154708533
0.00000118387156029
0.00000032327943435
0.00000006357828255
0.00000006253601539
0.00000129207487479
0.00000018165224510
0.00000047683716398
0.00000070425179698
0.00000057798442816
0.00000000000000615
0.00000078537885507
0.00000077399655303
0.00000010899134395
0.00000064473757263
0.00000063578288431
0.00000052256126245
0.00000061859956350
0.00000000000000701
0.00000020077353319
0.00000019816608452
0.00000088031474632
0.00000115889536446
0.00000047683715074
0.00000094190056696
0.00000000000000763
0.00000045960207249
0.00000081743512057
0.00000125660616595
0.00000070971111125
0.00000078924771813
0.00000078027897808
0.00000068578828062
0.00000042385525995
0.00000033535800965
0.00000049756920022
0.00000098443799563
0.00000064931016441
0.00000064247533747
0.00000015894571082
0.00000015730709509
0.00000023355290251
0.00000015412919121
0.00000022888184475
0.00000135969406601
0.00000044878790469
0.00000044443075836
0.00000058687649339
0.00000007266090937
0.00000014395084933
0.00000000000000916
0.00000014128509312
0.00000000000000926
0.00000041614878331
0.00000068733285000
0.00000061307635565
0.00000060765090130
0.00000060232061141
0.00000046439793750
0.00000039462384551
0.00000052166799254
0.00000025862353380
0.00000012822510850
0.00000114440918940
0.00000075663415864
0.00000112564836368
0.00000074433118360
0.00000030763688612
0.00000030517579114
0.00000072660901290
0.00000006007396273
0.00000101327897117
0.00000059142592318
0.00000093900241281
0.00000093183443810
0.00000092477508673
0.00000091782190598
0.00000079710091418
0.00000113028066477
0.00000022439396286
0.00000055689010617
0.00000011057093009
0.00000010977546558
0.00000010899135471
0.00000054109180690
0.00000010745626441
0.00000053352409011
0.00000021192762843
0.00000052616513793
0.00000041804901716
0.00000103801286275
0.00000030929977733
0.00000030722394143
0.00000061035156269
0.00000000000000019
0.00000040154708115
0.00000029919194333
0.00000148624568661
0.00000098443800568
0.00000117375300280
0.00000087470765091
0.00000048287307430
0.00000038386891027
0.00000019073486666
0.00000113730104443
0.00000084771050751
0.00000065528541550
0.00000102345536863
0.00000147964015651
0.00000128688582986
0.00000091369994948
0.00000063578288353
0.00000108346431835
0.00000053854548980
0.00000062462878522
0.00000097585279599
0.00000061740764253
0.00000087694190782
0.00000026157923311
0.00000026009298715
0.00000017241570413
0.00000025717059339
0.00000000000000905
0.00000059339734311
0.00000025290811559
0.00000033535801121
0.00000041690679489
0.00000000000001035
0.00000016495987116
0.00000098443801488
0.00000048958682593
0.00000016232753188
0.00000016146867891
0.00000048185648489
0.00000039944472780
0.00000031789142652
0.00000000000001252
0.00000055057487583
0.00000125200319216
0.00000054495673904
0.00000000000001342
0.00000115596888201
0.00000176357864922
