-nan
0.00000000000000000
0.00000005960464466
0.00000000000000015
0.00000011920928933
0.00000019073486293
0.00000015894571985
0.00000020435878158
0.00000000000000044
0.00000010596381293
0.00000000000000036
0.00000017339532961
0.00000023841857821
0.00000022007868731
0.00000013623918933
0.00000031789144022
0.00000011920929111
0.00000011219698007
0.00000031789143703
0.00000020077354217
0.00000009536742969
0.00000018165224871
0.00000008669766303
0.00000033171280354
0.00000039736429628
0.00000076293945540
0.00000022007868608
0.00000035321271215
0.00000034059797256
0.00000013154128257
0.00000025431315353
0.00000000000000252
0.00000035762787121
0.00000104037198369
0.00000078537884713
0.00000000000000122
0.00000052981906546
0.00000061859955697
0.00000040154708059
0.00000019562550044
0.00000047683715891
0.00000000000000104
0.00000018165225210
0.00000017742777814
0.00000017339532832
0.00000025431315325
0.00000066342561388
0.00000008116376889
0.00000023841857614
0.00000007785096141
0.00000045776366846
0.00000007479798922
0.00000014671912943
0.00000057580336487
0.00000042385524753
0.00000020807440070
0.00000068119594486
0.00000120464124651
0.00000059193578750
0.00000051724708181
0.00000019073485807
0.00000062536021284
0.00000006152736975
0.00000054495674659
0.00000011920929532
0.00000035212589554
0.00000023119376765
0.00000011387156632
0.00000089757583348
0.00000022114186409
0.00000010899134395
0.00000064473755942
0.00000095367430970
0.00000010451226067
0.00000010309993301
0.00000010172526743
0.00000030116031755
0.00000049541522210
0.00000029343825849
0.00000038629844990
0.00000019073485582
0.00000084771049593
0.00000000000000763
0.00000000000000770
0.00000081743513613
0.00000089757583506
0.00000026614166176
0.00000105233027217
0.00000043348833371
0.00000017144707626
0.00000084771051168
0.00000058687651068
0.00000024878459594
0.00000041018249328
0.00000032465509490
0.00000080309416971
0.00000079472860559
0.00000031461419883
0.00000179057219461
0.00000100183967717
0.00000076293946194
0.00000022661567028
0.00000059838387589
0.00000051850253199
0.00000088031474459
0.00000087193081264
0.00000021592626943
0.00000071302753545
0.00000014128507470
0.00000034997221695
0.00000027743253771
0.00000020619984285
0.00000034059797953
0.00000033758381938
0.00000060232063036
0.00000039805535733
0.00000098655962811
0.00000052166799254
0.00000000000000963
0.00000076935071871
0.00000095367432612
0.00000031526424658
0.00000043775213545
0.00000124055196612
0.00000086138324367
0.00000061035155261
0.00000030275374132
0.00000084103562758
0.00000035762785866
0.00000000000000947
0.00000011737530944
0.00000058239653756
0.00000046238753938
0.00000091782190598
0.00000000000000700
0.00000022605614079
0.00000078537885487
0.00000022275603911
0.00000044228373579
0.00000021955092647
0.00000239780971408
0.00000097396525548
0.00000053728130842
0.00000032011445288
0.00000074174669310
0.00000031569908621
0.00000073158577872
0.00000000000000135
0.00000010309992514
0.00000061444788114
0.00000020345052102
0.00000010105158338
0.00000000000000056
0.00000019946129586
0.00000049541523059
0.00000098443800568
0.00000029343824920
0.00000174941530418
0.00000028972384566
0.00000009596722985
0.00000019073486666
0.00000056865052036
0.00000037676021973
0.00000065528541550
0.00000055824838501
0.00000036991004287
0.00000027576125343
0.00000000000000562
0.00000190734862689
0.00000045144345717
0.00000098733340341
0.00000035693073149
0.00000212913335045
0.00000088201092108
0.00000000000000768
0.00000026157924903
0.00000000000000824
0.00000086207846960
0.00000017144705934
0.00000068195706212
0.00000042385526105
0.00000075872430845
0.00000025151851087
0.00000025014409309
0.00000215613322674
0.00000008247993028
0.00000073832849218
0.00000016319559385
0.00000000000001134
0.00000000000001158
0.00000112433181384
0.00000031955580394
0.00000023841859139
0.00000000000001252
0.00000117980329077
0.00000086075219055
0.00000000000001320
0.00000023236733271
0.00000023119378731
0.00000061341866963
