-nan
0.00000005960464478
0.00000023841857921
0.00000000000000015
0.00000011920928933
0.00000009536743129
0.00000007947286014
0.00000006811959352
0.00000000000000044
0.00000010596381293
0.00000019073486364
0.00000008669766448
0.00000015894572029
0.00000014671912669
0.00000013623918933
0.00000019073486470
0.00000023841858066
0.00000000000000167
0.00000000000000178
0.00000010038677202
0.00000019073486133
0.00000018165224871
0.00000008669766723
0.00000024878460644
0.00000023841858132
0.00000000000000227
0.00000000000000232
0.00000007064254432
0.00000061307634867
0.00000039462385751
0.00000012715657303
0.00000012305475303
0.00000011920928700
0.00000046238754520
0.00000011219697673
0.00000021798269967
0.00000031789143959
0.00000020619985181
0.00000050193385074
0.00000000000000036
0.00000047683715891
0.00000093041396619
0.00000018165225210
0.00000053228334104
0.00000043348832758
0.00000000000000221
0.00000058049741246
0.00000056814639854
0.00000047683715524
0.00000031140385523
0.00000091552734716
0.00000059838388843
0.00000000000000383
0.00000115160671768
0.00000056514033144
0.00000013871626860
0.00000034059796558
0.00000000000000474
0.00000006577064741
0.00000051724709192
0.00000012715657031
0.00000006253602611
0.00000006152736975
0.00000072660899734
0.00000041723251920
0.00000011737530638
0.00000034679066654
0.00000034161467435
0.00000022439396307
0.00000055285468256
0.00000000000000650
0.00000010745625440
0.00000021192761916
0.00000031353676837
0.00000092789934180
0.00000050862629507
0.00000020077354740
0.00000009908305306
0.00000068468924552
0.00000067602229286
0.00000028610230238
0.00000047095028725
0.00000037216557926
0.00000018384082437
0.00000036330449371
0.00000000000000786
0.00000044356945742
0.00000105233027217
0.00000052018599884
0.00000017144707626
0.00000016954209248
0.00000016767899241
0.00000058049741833
0.00000000000000840
0.00000097396526777
0.00000040154708912
0.00000079472860559
0.00000078653551004
0.00000023355290251
0.00000077064590349
0.00000045776368069
0.00000000000000886
0.00000112196977509
0.00000044443074043
0.00000044015736778
0.00000014532179153
0.00000043185251152
0.00000085563304071
0.00000021192761666
0.00000013998889974
0.00000000000000930
0.00000123719912252
0.00000020435879148
0.00000027006705362
0.00000107079220544
0.00000019902767391
0.00000072347705806
0.00000045645949227
0.00000006465589549
0.00000102580093571
0.00000000000000971
0.00000006305285711
0.00000018760807203
0.00000000000000982
0.00000055374638712
0.00000012207030261
0.00000024220299107
0.00000066081370952
0.00000017881394432
0.00000059142594213
0.00000023475059200
0.00000081535514921
0.00000023119378164
0.00000022945546714
0.00000022774311334
0.00000045211227504
0.00000011219698446
0.00000022275603911
0.00000066342561656
0.00000076842823087
0.00000032697404708
0.00000010821835832
0.00000010745626441
0.00000042681927149
0.00000074174668797
0.00000094709725431
0.00000094061028292
0.00000093421157390
0.00000154649889051
0.00000061444788114
0.00000040690104186
0.00000070736108218
0.00000060232062145
0.00000119676777054
0.00000128807959489
0.00000059066280077
0.00000058687650441
0.00000019437947615
0.00000019314923134
0.00000009596722377
0.00000028610229830
0.00000132685121912
0.00000103609061939
0.00000065528542422
0.00000018608278877
0.00000046238755234
0.00000064344290697
0.00000036547998316
0.00000009082613129
0.00000090288692055
0.00000008975757620
0.00000151695564461
0.00000204041946055
0.00000097021202871
0.00000008769419769
0.00000008719308832
0.00000034679066875
0.00000112070203005
0.00000025717061096
0.00000008524462258
0.00000067816841209
0.00000109593511646
0.00000058687651224
0.00000033352545408
0.00000124392301105
0.00000107223924202
0.00000106647451522
0.00000048958680374
0.00000073047395582
0.00000008073434524
0.00000040154709241
0.00000111844525954
0.00000031789142652
0.00000166028276025
0.00000047192129847
0.00000195625499504
0.00000007785095141
0.00000061964626976
0.00000030825837854
0.00000038338664601
