0.00000000000000000
0.50000000000000000
0.99999994039535522
1.49999976158142090
2.00000000000000000
2.50000000000000000
3.00000071525573730
3.50000095367431641
3.99999976158142090
4.50000047683715820
4.99999904632568359
5.49999856948852539
5.99999904632568359
6.50000095367431641
6.99999952316284180
7.50000143051147461
8.00000095367431641
8.50000286102294922
8.99999904632568359
9.50000286102294922
9.99999904632568359
10.49999809265136719
10.99999427795410156
11.50000000000000000
12.00000095367431641
12.50000476837158203
13.00000190734863281
13.50000381469726562
14.00000190734863281
14.49999904632568359
15.00000381469726562
15.50000190734863281
16.00000572204589844
16.50001144409179688
17.00000381469726562
17.50000190734863281
17.99998855590820312
18.49999618530273438
19.00001716613769531
19.50000572204589844
20.00000572204589844
20.50000572204589844
20.99998664855957031
21.50000190734863281
21.99999618530273438
22.50000190734863281
22.99998283386230469
23.50000190734863281
24.00000953674316406
24.49998092651367188
24.99999046325683594
25.49998474121093750
26.00000572204589844
26.50000381469726562
27.00001144409179688
27.49999237060546875
27.99999237060546875
28.50001335144042969
28.99999618530273438
29.50000000000000000
30.00001144409179688
30.50000572204589844
31.00000381469726562
31.50000762939453125
32.00000000000000000
32.50001525878906250
33.00000381469726562
33.50000762939453125
34.00000000000000000
34.50001907348632812
35.00001525878906250
35.49998474121093750
35.99998092651367188
36.50002670288085938
37.00002288818359375
37.49997711181640625
38.00000381469726562
38.49998855590820312
38.99998092651367188
39.50001144409179688
40.00001907348632812
40.49999618530273438
41.00002288818359375
41.50001144409179688
42.00000000000000000
42.50000381469726562
43.00000000000000000
43.50001144409179688
43.99998855590820312
44.49995803833007812
44.99997711181640625
45.50000762939453125
45.99995803833007812
46.50000000000000000
47.00004959106445312
47.50001907348632812
47.99997711181640625
48.49997329711914062
48.99999237060546875
49.50001907348632812
50.00003051757812500
50.50000381469726562
50.99998474121093750
51.50001144409179688
51.99998855590820312
52.49998092651367188
53.00002670288085938
53.49995422363281250
54.00001525878906250
54.50004196166992188
54.99996948242187500
55.49998092651367188
55.99998474121093750
56.50001144409179688
57.00000762939453125
57.49999618530273438
57.99998474121093750
58.49996566772460938
58.99999618530273438
59.50003433227539062
60.00002670288085938
60.50001907348632812
61.00000381469726562
61.49993515014648438
61.99988174438476562
62.49998092651367188
63.00000000000000000
63.49996185302734375
64.00003051757812500
64.50000762939453125
65.00006866455078125
65.50000000000000000
66.00001525878906250
66.49994659423828125
67.00003051757812500
67.50005340576171875
67.99996948242187500
68.49996948242187500
69.00000000000000000
69.50002288818359375
70.00005340576171875
70.49995422363281250
70.99998474121093750
71.50004577636718750
71.99992370605468750
72.50000000000000000
72.99991607666015625
73.49996185302734375
74.00003814697265625
74.50003814697265625
74.99993896484375000
75.49998474121093750
75.99997711181640625
76.49990844726562500
76.99987030029296875
77.50001525878906250
77.99990081787109375
78.50000000000000000
79.00000762939453125
79.50012207031250000
80.00012207031250000
80.49999237060546875
81.00006103515625000
81.50000000000000000
81.99998474121093750
82.50013732910156250
83.00004577636718750
83.49990844726562500
83.99997711181640625
84.49998474121093750
85.00001525878906250
85.50001525878906250
86.00006866455078125
86.50013732910156250
86.99987792968750000
87.50000762939453125
87.99997711181640625
88.49994659423828125
88.99992370605468750
89.49999237060546875
89.99985504150390625
90.49999237060546875
91.00007629394531250
91.49987792968750000
92.00007629394531250
92.49993133544921875
92.99977111816406250
93.50008392333984375
94.00002288818359375
94.50016784667968750
95.00000000000000000
95.50000762939453125
95.99997711181640625
96.49988555908203125
97.00006103515625000
97.50000000000000000
98.00003051757812500
98.49995422363281250
98.99993133544921875
99.50016021728515625
