0.00000000000000000
0.50000005960464478
0.99999994039535522
1.50000023841857910
2.00000000000000000
2.50000023841857910
2.99999976158142090
3.50000023841857910
4.00000047683715820
4.50000000000000000
4.99999952316284180
5.49999856948852539
5.99999809265136719
6.50000000000000000
7.00000000000000000
7.50000476837158203
8.00000095367431641
8.49999618530273438
8.99999523162841797
9.50000095367431641
10.00000286102294922
10.49999618530273438
10.99999809265136719
11.49999904632568359
11.99999809265136719
12.49999332427978516
12.99999332427978516
13.49999809265136719
13.99999713897705078
14.49999809265136719
14.99999427795410156
15.49999809265136719
16.00000572204589844
16.50000572204589844
17.00000572204589844
17.49999237060546875
17.99999809265136719
18.50000000000000000
18.99999618530273438
19.49999809265136719
20.00000381469726562
20.49999809265136719
20.99999237060546875
21.49999809265136719
21.99999046325683594
22.50001716613769531
23.00000762939453125
23.49999427795410156
24.00001144409179688
24.49999427795410156
24.99999427795410156
25.50000381469726562
26.00001716613769531
26.49999046325683594
26.99999046325683594
27.50000190734863281
28.00000572204589844
28.50000381469726562
29.00002670288085938
29.50001335144042969
30.00002098083496094
30.49998474121093750
30.99999809265136719
31.49999809265136719
32.00000381469726562
32.49999618530273438
33.00000381469726562
33.50001907348632812
34.00000000000000000
34.50000000000000000
34.99998474121093750
35.49997329711914062
36.00000762939453125
36.50001907348632812
37.00000762939453125
37.50005722045898438
38.00000381469726562
38.50002670288085938
38.99998092651367188
39.49998474121093750
40.00001525878906250
40.49999618530273438
41.00000381469726562
41.49997711181640625
42.00002288818359375
42.50001525878906250
43.00000381469726562
43.50000000000000000
44.00002288818359375
44.49998474121093750
44.99999618530273438
45.50001525878906250
46.00005722045898438
46.50003051757812500
46.99998855590820312
47.49996566772460938
48.00000000000000000
48.49997711181640625
48.99997711181640625
49.49998474121093750
50.00000000000000000
50.50001525878906250
50.99998474121093750
51.50000762939453125
52.00002670288085938
52.50000000000000000
52.99999618530273438
53.50001144409179688
54.00002670288085938
54.49998092651367188
55.00004959106445312
55.50002288818359375
55.99999618530273438
56.49995803833007812
56.99993896484375000
57.49995040893554688
57.99996948242187500
58.49998855590820312
58.99996185302734375
59.50001144409179688
60.00006103515625000
60.49994277954101562
60.99995803833007812
61.49995422363281250
61.99998474121093750
62.50006103515625000
62.99994277954101562
63.50002288818359375
63.99996185302734375
64.50000762939453125
64.99997711181640625
65.50002288818359375
65.99998474121093750
66.49996948242187500
66.99994659423828125
67.49996948242187500
67.99994659423828125
68.49999237060546875
69.00006866455078125
69.49998474121093750
70.00000762939453125
70.50002288818359375
70.99997711181640625
71.49996185302734375
72.00007629394531250
72.50000000000000000
73.00009918212890625
73.50004577636718750
73.99989318847656250
74.50003814697265625
74.99998474121093750
75.49996948242187500
76.00000762939453125
76.50006866455078125
76.99996185302734375
77.49999237060546875
77.99996185302734375
78.49988555908203125
78.99993133544921875
79.50009918212890625
79.99994659423828125
80.50006866455078125
81.00009155273437500
81.50001525878906250
81.99988555908203125
82.49999237060546875
83.00009155273437500
83.49987792968750000
83.99997711181640625
84.49985504150390625
85.00016021728515625
85.49988555908203125
85.99999237060546875
86.50007629394531250
87.00001525878906250
87.49997711181640625
88.00003814697265625
88.50005340576171875
88.99993896484375000
89.50003051757812500
89.99993133544921875
90.49993133544921875
91.00005340576171875
91.50004577636718750
92.00013732910156250
92.50002288818359375
93.00000762939453125
93.50010681152343750
94.00003051757812500
94.50001525878906250
94.99998474121093750
95.49997711181640625
95.99991607666015625
96.49987030029296875
97.00004577636718750
97.50015258789062500
97.99999237060546875
98.49997711181640625
98.99997711181640625
99.50003814697265625
