0.00000000000000000
0.50000000000000000
0.99999994039535522
1.50000000000000000
2.00000023841857910
2.50000047683715820
2.99999952316284180
3.50000071525573730
4.00000000000000000
4.50000047683715820
5.00000000000000000
5.49999904632568359
5.99999856948852539
6.49999856948852539
7.00000095367431641
7.50000238418579102
8.00000095367431641
8.50000095367431641
8.99999713897705078
9.50000190734863281
9.99999904632568359
10.49999809265136719
10.99999904632568359
11.49999618530273438
11.99999523162841797
12.50000953674316406
12.99999713897705078
13.50000476837158203
14.00000476837158203
14.49999809265136719
15.00000381469726562
15.50000000000000000
16.00000572204589844
16.50001716613769531
16.99998664855957031
17.50000000000000000
18.00000953674316406
18.50001144409179688
18.99999237060546875
19.50000381469726562
19.99999046325683594
20.50000000000000000
20.99999618530273438
21.50000381469726562
22.00000381469726562
22.49999427795410156
22.99998474121093750
23.50000190734863281
24.00000572204589844
24.50000190734863281
25.00001144409179688
25.49999809265136719
25.99999618530273438
26.49998474121093750
27.00001144409179688
27.49999427795410156
27.99998092651367188
28.49996566772460938
28.99998283386230469
29.50001525878906250
30.00000572204589844
30.49998092651367188
31.00000190734863281
31.50001716613769531
31.99999618530273438
32.50001144409179688
33.00000762939453125
33.49999618530273438
33.99996948242187500
34.50000762939453125
35.00000381469726562
35.50002288818359375
36.00003433227539062
36.49999618530273438
36.99999618530273438
37.49999618530273438
37.99998855590820312
38.50001907348632812
38.99998855590820312
39.50001525878906250
40.00000762939453125
40.50003433227539062
41.00000000000000000
41.50000000000000000
41.99996566772460938
42.49996185302734375
43.00001144409179688
43.50004577636718750
43.99998092651367188
44.49999237060546875
44.99996185302734375
45.49997329711914062
46.00001144409179688
46.50001907348632812
46.99998474121093750
47.49996185302734375
47.99996185302734375
48.50001525878906250
48.99991226196289062
49.50004959106445312
49.99996185302734375
50.50001144409179688
51.00003051757812500
51.50002670288085938
52.00004577636718750
52.49995422363281250
52.99998855590820312
53.49996185302734375
54.00000762939453125
54.50001907348632812
54.99998474121093750
55.50001144409179688
55.99998092651367188
56.50001907348632812
56.99996566772460938
57.50002288818359375
58.00005722045898438
58.50003051757812500
59.00000000000000000
59.49995422363281250
59.99994277954101562
60.49998092651367188
61.00002670288085938
61.49992370605468750
62.00005340576171875
62.50003814697265625
63.00001907348632812
63.49994659423828125
64.00002288818359375
64.50000000000000000
64.99999237060546875
65.49996185302734375
66.00003051757812500
66.49993896484375000
67.00000000000000000
67.49998474121093750
67.99994659423828125
68.50001525878906250
69.00003051757812500
69.49998474121093750
69.99983215332031250
70.50006866455078125
70.99996185302734375
71.50002288818359375
71.99994659423828125
72.49997711181640625
72.99994659423828125
73.50000000000000000
74.00000762939453125
74.50004577636718750
74.99998474121093750
75.50000762939453125
76.00000000000000000
76.50001525878906250
77.00003814697265625
77.50007629394531250
77.99997711181640625
78.49986267089843750
79.00002288818359375
79.50000762939453125
80.00001525878906250
80.49995422363281250
80.99996948242187500
81.49994659423828125
82.00004577636718750
82.50003051757812500
83.00002288818359375
83.50000000000000000
83.99983978271484375
84.49996185302734375
84.99991607666015625
85.49996948242187500
85.99981689453125000
86.49992370605468750
87.00000000000000000
87.50002288818359375
88.00000000000000000
88.49992370605468750
88.99998474121093750
89.50006103515625000
90.00003814697265625
90.49993133544921875
91.00002288818359375
91.50002288818359375
91.99980163574218750
92.49999237060546875
92.99993133544921875
93.49998474121093750
94.00000000000000000
94.50000000000000000
94.99989318847656250
95.50003051757812500
96.00002288818359375
96.50000000000000000
97.00011444091796875
97.49991607666015625
98.00000000000000000
98.49997711181640625
99.00002288818359375
99.50006103515625000
