0.00000000000000000
0.50000000000000000
1.00000000000000000
1.50000000000000000
2.00000000000000000
2.50000047683715820
3.00000000000000000
3.50000000000000000
3.99999976158142090
4.49999952316284180
5.00000095367431641
5.49999904632568359
5.99999856948852539
6.50000095367431641
7.00000143051147461
7.50000238418579102
8.00000000000000000
8.49999809265136719
8.99999809265136719
9.50000000000000000
10.00000095367431641
10.50000190734863281
11.00000381469726562
11.50000000000000000
12.00000286102294922
12.50000095367431641
13.00000381469726562
13.50000190734863281
14.00000286102294922
14.49999809265136719
14.99999618530273438
15.50000381469726562
15.99999809265136719
16.50000381469726562
16.99999809265136719
17.49999237060546875
18.00000572204589844
18.49999237060546875
19.00001144409179688
19.50000000000000000
19.99998664855957031
20.50001144409179688
21.00000381469726562
21.49999427795410156
21.99999618530273438
22.50000381469726562
23.00000190734863281
23.50000762939453125
24.00000572204589844
24.50001335144042969
24.99998664855957031
25.49998664855957031
25.99999809265136719
26.50000381469726562
27.00000190734863281
27.49999046325683594
28.00001907348632812
28.49999046325683594
29.00000572204589844
29.49998474121093750
29.99999237060546875
30.50002288818359375
31.00001144409179688
31.50000190734863281
31.99998283386230469
32.49999237060546875
33.00000381469726562
33.50001144409179688
34.00001144409179688
34.50001907348632812
35.00000000000000000
35.50001144409179688
36.00000000000000000
36.50000381469726562
37.00000000000000000
37.49999237060546875
37.99996948242187500
38.49998474121093750
39.00003433227539062
39.50003051757812500
40.00002288818359375
40.50001144409179688
40.99999618530273438
41.50000000000000000
42.00001907348632812
42.49999237060546875
42.99996948242187500
43.50001907348632812
43.99998474121093750
44.49995040893554688
44.99999618530273438
45.49998474121093750
45.99998855590820312
46.50002288818359375
47.00000762939453125
47.50004577636718750
47.99999618530273438
48.49998855590820312
48.99998092651367188
49.50004959106445312
49.99998474121093750
50.50000381469726562
51.00001144409179688
51.50001144409179688
51.99998474121093750
52.49997329711914062
52.99996948242187500
53.50002288818359375
53.99993133544921875
54.49998092651367188
55.00000762939453125
55.49996185302734375
55.99995422363281250
56.50000000000000000
57.00001144409179688
57.50005722045898438
58.00004196166992188
58.49996948242187500
58.99998092651367188
59.50002288818359375
60.00005340576171875
60.49997711181640625
61.00003051757812500
61.50000000000000000
61.99999618530273438
62.50006103515625000
63.00006103515625000
63.49995040893554688
64.00002288818359375
64.49993896484375000
64.99993896484375000
65.49993896484375000
66.00000762939453125
66.50001525878906250
67.00001525878906250
67.50003814697265625
67.99996185302734375
68.49997711181640625
68.99993133544921875
69.49996948242187500
70.00003051757812500
70.49993133544921875
71.00011444091796875
71.50004577636718750
72.00006866455078125
72.49995422363281250
72.99991607666015625
73.49994659423828125
74.00001525878906250
74.50003814697265625
74.99996948242187500
75.49998474121093750
76.00000762939453125
76.50003814697265625
77.00009155273437500
77.50002288818359375
78.00003051757812500
78.50007629394531250
78.99996948242187500
79.50003051757812500
80.00000000000000000
80.49996185302734375
80.99996948242187500
81.50006866455078125
81.99997711181640625
82.50003814697265625
83.00006103515625000
83.49988555908203125
84.00005340576171875
84.50005340576171875
84.99989318847656250
85.49999237060546875
85.99996185302734375
86.49995422363281250
87.00004577636718750
87.49997711181640625
88.00012207031250000
88.49991607666015625
88.99990081787109375
89.49991607666015625
90.00004577636718750
90.49986267089843750
91.00003814697265625
91.49992370605468750
91.99994659423828125
92.50009155273437500
93.00000000000000000
93.50000762939453125
94.00003051757812500
94.50009155273437500
95.00003051757812500
95.50000762939453125
96.00000000000000000
96.50006866455078125
96.99988555908203125
97.50000762939453125
97.99989318847656250
98.50006866455078125
99.00000762939453125
99.50003051757812500
