0.00000000000000000
0.50000000000000000
1.00000011920928955
1.49999988079071045
2.00000023841857910
2.50000000000000000
3.00000023841857910
3.49999976158142090
4.00000000000000000
4.50000047683715820
4.99999952316284180
5.50000095367431641
5.99999952316284180
6.49999904632568359
6.99999856948852539
7.50000047683715820
8.00000190734863281
8.50000286102294922
9.00000000000000000
9.49999904632568359
9.99999809265136719
10.49999618530273438
10.99999809265136719
11.49999809265136719
11.99999809265136719
12.50000000000000000
12.99999904632568359
13.49999141693115234
13.99999618530273438
14.49999332427978516
15.00000572204589844
15.50000000000000000
16.00000572204589844
16.49999427795410156
17.00000190734863281
17.49999809265136719
18.00000190734863281
18.49999237060546875
19.00000000000000000
19.50000190734863281
20.00000190734863281
20.50001525878906250
20.99999809265136719
21.50000762939453125
22.00000381469726562
22.49999237060546875
22.99999046325683594
23.49999427795410156
23.99999046325683594
24.49999046325683594
25.00001144409179688
25.50000762939453125
26.00000953674316406
26.49998474121093750
26.99999809265136719
27.49998092651367188
28.00001144409179688
28.49998855590820312
29.00003433227539062
29.49999046325683594
30.00000190734863281
30.50000190734863281
31.00004005432128906
31.50000572204589844
31.99998474121093750
32.50002288818359375
33.00001907348632812
33.50000000000000000
33.99997329711914062
34.49997329711914062
35.00000381469726562
35.49997711181640625
35.99997711181640625
36.50001907348632812
36.99997711181640625
37.50000000000000000
38.00000762939453125
38.50000762939453125
39.00003433227539062
39.50004577636718750
40.00001907348632812
40.49996185302734375
41.00000000000000000
41.50001907348632812
42.00003433227539062
42.49994659423828125
43.00003051757812500
43.49996566772460938
44.00003433227539062
44.49996948242187500
44.99998092651367188
45.49998474121093750
46.00002288818359375
46.50004577636718750
47.00003051757812500
47.49996948242187500
48.00000762939453125
48.50000762939453125
48.99998855590820312
49.49999237060546875
49.99998855590820312
50.50006866455078125
51.00002288818359375
51.49997711181640625
52.00003051757812500
52.49999618530273438
52.99999237060546875
53.50000000000000000
53.99999237060546875
54.50000000000000000
55.00002288818359375
55.49996185302734375
55.99996566772460938
56.49996566772460938
57.00003433227539062
57.49997329711914062
58.00002288818359375
58.50003051757812500
59.00001525878906250
59.50000762939453125
59.99993133544921875
60.50004577636718750
61.00006866455078125
61.49995422363281250
61.99998092651367188
62.49998092651367188
62.99995422363281250
63.50000381469726562
63.99993515014648438
64.50003814697265625
64.99993896484375000
65.50006103515625000
66.00006103515625000
66.49993896484375000
67.00005340576171875
67.50007629394531250
67.99998474121093750
68.50003814697265625
69.00000762939453125
69.49999237060546875
69.99999237060546875
70.50003814697265625
70.99999237060546875
71.50003814697265625
71.99998474121093750
72.50003814697265625
72.99996948242187500
73.49992370605468750
74.00002288818359375
74.49997711181640625
74.99995422363281250
75.50000000000000000
76.00003051757812500
76.50002288818359375
76.99988555908203125
77.50007629394531250
77.99990844726562500
78.49993133544921875
79.00003814697265625
79.50003051757812500
80.00001525878906250
80.49990844726562500
81.00006866455078125
81.49994659423828125
82.00008392333984375
82.50012207031250000
83.00010681152343750
83.50007629394531250
84.00005340576171875
84.50009155273437500
84.99995422363281250
85.49994659423828125
86.00008392333984375
86.49994659423828125
87.00007629394531250
87.49997711181640625
87.99997711181640625
88.50001525878906250
88.99997711181640625
89.50000000000000000
89.99994659423828125
90.50002288818359375
91.00003051757812500
91.49996185302734375
92.00000000000000000
92.49998474121093750
93.00009155273437500
93.50004577636718750
93.99998474121093750
94.50001525878906250
94.99995422363281250
95.49996185302734375
95.99996948242187500
96.50000000000000000
97.00005340576171875
97.49987792968750000
97.99994659423828125
98.50000000000000000
99.00011444091796875
99.50017547607421875
