0.00000000000000000
0.50000005960464478
1.00000011920928955
1.50000023841857910
2.00000000000000000
2.50000000000000000
3.00000071525573730
3.50000047683715820
3.99999976158142090
4.50000000000000000
5.00000047683715820
5.49999809265136719
6.00000095367431641
6.50000047683715820
7.00000286102294922
7.50000238418579102
7.99999952316284180
8.50000190734863281
9.00000095367431641
9.50000095367431641
10.00000286102294922
10.49999523162841797
11.00000190734863281
11.50000000000000000
12.00000476837158203
12.50000000000000000
12.99999904632568359
13.49999713897705078
14.00000286102294922
14.50000476837158203
14.99999332427978516
15.49999809265136719
15.99999618530273438
16.49999427795410156
17.00001335144042969
17.49999427795410156
17.99998855590820312
18.50000381469726562
18.99999427795410156
19.50000381469726562
19.99999046325683594
20.50000190734863281
21.00000000000000000
21.50000381469726562
22.00001335144042969
22.49998664855957031
23.00001144409179688
23.50000762939453125
23.99999427795410156
24.49999427795410156
25.00002479553222656
25.50000381469726562
26.00001525878906250
26.50000190734863281
26.99999427795410156
27.50000000000000000
27.99998855590820312
28.49997329711914062
29.00000000000000000
29.50000953674316406
30.00000000000000000
30.49999237060546875
31.00001144409179688
31.49999618530273438
32.00001144409179688
32.50001907348632812
32.99999237060546875
33.49998092651367188
34.00001907348632812
34.49998092651367188
34.99998092651367188
35.49999618530273438
36.00002670288085938
36.49999618530273438
36.99999237060546875
37.50000000000000000
38.00000762939453125
38.49996948242187500
39.00000381469726562
39.50001525878906250
40.00000762939453125
40.50002288818359375
41.00001144409179688
41.50003051757812500
41.99998092651367188
42.49995040893554688
42.99998855590820312
43.50000381469726562
44.00000000000000000
44.50001144409179688
45.00001907348632812
45.50003433227539062
45.99999618530273438
46.50001525878906250
46.99998092651367188
47.49995040893554688
47.99999237060546875
48.49995803833007812
48.99998474121093750
49.49995803833007812
50.00001525878906250
50.50001144409179688
51.00000762939453125
51.49995040893554688
52.00001907348632812
52.50000381469726562
53.00001907348632812
53.49999618530273438
53.99998092651367188
54.49993133544921875
54.99999618530273438
55.50002288818359375
55.99996185302734375
56.50004196166992188
56.99997329711914062
57.50001525878906250
58.00006484985351562
58.49998474121093750
59.00000000000000000
59.49997329711914062
59.99997711181640625
60.50003051757812500
61.00006866455078125
61.50005340576171875
61.99995040893554688
62.50001144409179688
63.00004196166992188
63.50001144409179688
63.99998474121093750
64.50004577636718750
64.99999237060546875
65.49997711181640625
66.00001525878906250
66.49996185302734375
66.99999237060546875
67.50000000000000000
67.99990844726562500
68.49997711181640625
68.99997711181640625
69.49998474121093750
69.99995422363281250
70.50002288818359375
70.99999237060546875
71.50000000000000000
72.00003051757812500
72.49998474121093750
73.00002288818359375
73.49999237060546875
73.99996185302734375
74.50000762939453125
74.99998474121093750
75.49998474121093750
76.00003814697265625
76.50002288818359375
76.99993896484375000
77.50008392333984375
78.00007629394531250
78.49998474121093750
78.99996948242187500
79.50007629394531250
79.99995422363281250
80.49996948242187500
80.99996948242187500
81.50005340576171875
82.00006866455078125
82.50006866455078125
82.99996185302734375
83.50006103515625000
84.00003814697265625
84.49997711181640625
84.99999237060546875
85.49994659423828125
85.99995422363281250
86.50006103515625000
87.00003814697265625
87.49999237060546875
88.00003814697265625
88.49991607666015625
88.99997711181640625
89.49999237060546875
90.00008392333984375
90.50008392333984375
90.99998474121093750
91.49987792968750000
91.99995422363281250
92.49998474121093750
92.99992370605468750
93.49996948242187500
94.00002288818359375
94.49997711181640625
95.00002288818359375
95.49992370605468750
95.99996948242187500
96.49989318847656250
97.00005340576171875
97.50014495849609375
97.99997711181640625
98.49996948242187500
98.99999237060546875
99.50006103515625000
