0.00000000000000000
0.49999997019767761
1.00000011920928955
1.50000000000000000
2.00000000000000000
2.50000023841857910
3.00000071525573730
3.49999928474426270
4.00000047683715820
4.50000000000000000
4.99999856948852539
5.49999904632568359
6.00000047683715820
6.49999904632568359
7.00000000000000000
7.50000047683715820
8.00000000000000000
8.50000000000000000
8.99999904632568359
9.49999904632568359
9.99999904632568359
10.49999904632568359
10.99999904632568359
11.50000190734863281
12.00000476837158203
12.50000000000000000
12.99999332427978516
13.50000190734863281
14.00000476837158203
14.50000762939453125
15.00000190734863281
15.49999904632568359
16.00000953674316406
16.50000572204589844
17.00000000000000000
17.49999618530273438
18.00000381469726562
18.49999618530273438
18.99999046325683594
19.50000572204589844
20.00000381469726562
20.49998855590820312
20.99998283386230469
21.49998855590820312
22.00000190734863281
22.49999809265136719
23.00001144409179688
23.49999046325683594
23.99999046325683594
24.49998283386230469
24.99997711181640625
25.49999618530273438
25.99998664855957031
26.50000572204589844
27.00000953674316406
27.49999618530273438
27.99999237060546875
28.50001716613769531
29.00001716613769531
29.49999809265136719
30.00001907348632812
30.50001907348632812
31.00000572204589844
31.49998092651367188
31.99997901916503906
32.50000762939453125
33.00000762939453125
33.49997711181640625
34.00001525878906250
34.50000000000000000
34.99999618530273438
35.50001907348632812
36.00001525878906250
36.49998092651367188
37.00000762939453125
37.49998855590820312
37.99999237060546875
38.49998474121093750
39.00000000000000000
39.50001144409179688
40.00000381469726562
40.49998855590820312
40.99996948242187500
41.50000762939453125
42.00002670288085938
42.49999618530273438
42.99999618530273438
43.49998092651367188
43.99998092651367188
44.50000381469726562
44.99997329711914062
45.50001907348632812
46.00003433227539062
46.49996185302734375
46.99996948242187500
47.49998855590820312
48.00001144409179688
48.50002670288085938
49.00002670288085938
49.50001907348632812
49.99995803833007812
50.49997329711914062
51.00002288818359375
51.49997329711914062
52.00000762939453125
52.49997711181640625
53.00001144409179688
53.50002288818359375
54.00001144409179688
54.50001525878906250
55.00001907348632812
55.49997711181640625
56.00000381469726562
56.50003051757812500
56.99998092651367188
57.50004959106445312
57.99997329711914062
58.49993515014648438
58.99993515014648438
59.49998474121093750
60.00001144409179688
60.49998474121093750
61.00001907348632812
61.49997711181640625
61.99996566772460938
62.50000000000000000
62.99999618530273438
63.50000381469726562
64.00002288818359375
64.49994659423828125
65.00002288818359375
65.50005340576171875
65.99995422363281250
66.50004577636718750
67.00003814697265625
67.49998474121093750
68.00006103515625000
68.50000762939453125
68.99997711181640625
69.50003814697265625
70.00001525878906250
70.50002288818359375
70.99998474121093750
71.49996948242187500
71.99997711181640625
72.50003814697265625
73.00001525878906250
73.50002288818359375
74.00004577636718750
74.49996948242187500
75.00000762939453125
75.50006103515625000
75.99998474121093750
76.50006103515625000
76.99997711181640625
77.50012969970703125
78.00000000000000000
78.49994659423828125
79.00007629394531250
79.49996948242187500
80.00007629394531250
80.50013732910156250
81.00000762939453125
81.50003051757812500
81.99989318847656250
82.50001525878906250
82.99996948242187500
83.50002288818359375
83.99990081787109375
84.49994659423828125
85.00004577636718750
85.50005340576171875
86.00009155273437500
86.50013732910156250
87.00000762939453125
87.49992370605468750
87.99999237060546875
88.50006866455078125
88.99999237060546875
89.49994659423828125
89.99997711181640625
90.50009918212890625
90.99993896484375000
91.50002288818359375
92.00007629394531250
92.49996948242187500
92.99996948242187500
93.49992370605468750
93.99995422363281250
94.49998474121093750
95.00000000000000000
95.49993896484375000
96.00003051757812500
96.50000762939453125
97.00003051757812500
97.49993133544921875
97.99996948242187500
98.50003814697265625
98.99993896484375000
99.50011444091796875
