0.00000000000000000
0.50000000000000000
1.00000011920928955
1.50000011920928955
2.00000023841857910
2.50000047683715820
2.99999976158142090
3.49999976158142090
4.00000095367431641
4.50000000000000000
4.99999904632568359
5.49999904632568359
6.00000190734863281
6.49999952316284180
6.99999952316284180
7.50000286102294922
8.00000286102294922
8.50000190734863281
8.99999809265136719
9.49999523162841797
9.99999713897705078
10.50000572204589844
11.00000190734863281
11.50000286102294922
12.00000381469726562
12.49999904632568359
13.00000381469726562
13.50000381469726562
13.99999809265136719
14.50000286102294922
15.00000000000000000
15.50000190734863281
16.00000190734863281
16.50000000000000000
16.99999809265136719
17.50000190734863281
17.99999809265136719
18.50000190734863281
18.99999427795410156
19.49998664855957031
20.00001144409179688
20.49999809265136719
20.99998855590820312
21.49999618530273438
22.00000572204589844
22.49999618530273438
23.00001716613769531
23.49999046325683594
23.99999809265136719
24.50000000000000000
25.00000762939453125
25.49999809265136719
25.99998855590820312
26.50000381469726562
26.99998855590820312
27.50000381469726562
28.00000572204589844
28.50000572204589844
28.99999618530273438
29.50002098083496094
30.00000762939453125
30.50000000000000000
31.00000000000000000
31.50001716613769531
31.99998855590820312
32.49998855590820312
32.99998855590820312
33.50000000000000000
34.00000762939453125
34.49999237060546875
35.00000762939453125
35.50003051757812500
35.99999237060546875
36.50001525878906250
37.00002288818359375
37.49998474121093750
37.99997329711914062
38.49998092651367188
39.00001144409179688
39.49996566772460938
40.00001144409179688
40.50001907348632812
41.00003051757812500
41.50000762939453125
41.99999237060546875
42.50002670288085938
42.99997711181640625
43.50001907348632812
43.99996948242187500
44.49997711181640625
44.99997329711914062
45.49998092651367188
46.00000381469726562
46.50001525878906250
47.00000381469726562
47.49999237060546875
47.99998855590820312
48.49994659423828125
49.00003814697265625
49.50000000000000000
49.99998474121093750
50.50003051757812500
50.99997711181640625
51.50001144409179688
52.00001907348632812
52.50000000000000000
53.00000381469726562
53.50002670288085938
54.00003814697265625
54.50000762939453125
55.00006484985351562
55.50002288818359375
56.00000000000000000
56.49997711181640625
56.99996948242187500
57.49998092651367188
58.00008010864257812
58.50003051757812500
59.00002288818359375
59.50005722045898438
60.00007629394531250
60.50000381469726562
60.99998092651367188
61.49998092651367188
61.99996566772460938
62.49997711181640625
62.99996185302734375
63.50000381469726562
63.99999618530273438
64.49998474121093750
65.00003051757812500
65.50006866455078125
65.99999237060546875
66.49993133544921875
66.99998474121093750
67.50000762939453125
68.00000762939453125
68.50000762939453125
69.00006866455078125
69.50002288818359375
69.99998474121093750
70.49998474121093750
71.00010681152343750
71.50006866455078125
72.00009155273437500
72.49996185302734375
73.00012207031250000
73.50000762939453125
73.99999237060546875
74.50001525878906250
75.00001525878906250
75.49995422363281250
75.99993896484375000
76.49988555908203125
77.00006866455078125
77.49995422363281250
77.99998474121093750
78.50003814697265625
78.99996948242187500
79.49986267089843750
79.99998474121093750
80.49997711181640625
80.99999237060546875
81.49996948242187500
82.00009155273437500
82.49996948242187500
82.99990081787109375
83.49991607666015625
84.00003051757812500
84.50013732910156250
84.99990081787109375
85.50001525878906250
85.99997711181640625
86.49994659423828125
86.99993133544921875
87.49994659423828125
88.00001525878906250
88.50001525878906250
88.99998474121093750
89.50003814697265625
90.00000000000000000
90.50001525878906250
91.00005340576171875
91.50005340576171875
91.99994659423828125
92.49997711181640625
93.00012207031250000
93.50001525878906250
93.99993133544921875
94.49992370605468750
94.99995422363281250
95.50003051757812500
96.00003051757812500
96.50006866455078125
97.00000000000000000
97.49996948242187500
97.99985504150390625
98.50002288818359375
99.00009918212890625
99.50013732910156250
