0.00000000000000000
0.50000000000000000
1.00000011920928955
1.49999976158142090
2.00000023841857910
2.49999976158142090
2.99999952316284180
3.49999976158142090
3.99999928474426270
4.50000000000000000
5.00000047683715820
5.49999904632568359
6.00000095367431641
6.50000047683715820
7.00000095367431641
7.50000429153442383
8.00000095367431641
8.49999904632568359
9.00000190734863281
9.50000286102294922
10.00000381469726562
10.50000476837158203
10.99999618530273438
11.50000190734863281
11.99999523162841797
12.49999427795410156
13.00000190734863281
13.50000095367431641
14.00000572204589844
14.49999427795410156
15.00000762939453125
15.50001049041748047
16.00000000000000000
16.50000000000000000
16.99999427795410156
17.50000190734863281
18.00000000000000000
18.50000572204589844
18.99998855590820312
19.50000190734863281
20.00001144409179688
20.50000572204589844
21.00001335144042969
21.50000000000000000
22.00000953674316406
22.50000381469726562
22.99998474121093750
23.50001525878906250
23.99999427795410156
24.49998855590820312
24.99998664855957031
25.50002479553222656
26.00001525878906250
26.50000000000000000
26.99997138977050781
27.49999809265136719
27.99999237060546875
28.50002670288085938
28.99999046325683594
29.50000572204589844
30.00000762939453125
30.50000572204589844
31.00000762939453125
31.50000190734863281
31.99996757507324219
32.49998092651367188
33.00000000000000000
33.49998474121093750
34.00001525878906250
34.50001907348632812
34.99998474121093750
35.49998855590820312
36.00001525878906250
36.50001144409179688
36.99995040893554688
37.49996948242187500
38.00002670288085938
38.50000381469726562
39.00000762939453125
39.49996948242187500
40.00001907348632812
40.50003051757812500
40.99998855590820312
41.50002288818359375
42.00001144409179688
42.49998855590820312
42.99998092651367188
43.50000762939453125
43.99997329711914062
44.49995040893554688
45.00001525878906250
45.50000000000000000
45.99995803833007812
46.49998855590820312
47.00003433227539062
47.50000762939453125
48.00000000000000000
48.50002288818359375
48.99997329711914062
49.49996185302734375
49.99998855590820312
50.49998474121093750
51.00001144409179688
51.50000000000000000
51.99993515014648438
52.50003051757812500
52.99999237060546875
53.50006103515625000
53.99998855590820312
54.49995040893554688
54.99996948242187500
55.50000762939453125
56.00004959106445312
56.50002288818359375
56.99997329711914062
57.50001144409179688
58.00003433227539062
58.49998855590820312
59.00000762939453125
59.50003814697265625
60.00003051757812500
60.50000381469726562
60.99995040893554688
61.49999618530273438
61.99999237060546875
62.50000381469726562
63.00000000000000000
63.49993896484375000
64.00001525878906250
64.49996948242187500
65.00001525878906250
65.50000762939453125
66.00002288818359375
66.49997711181640625
67.00004577636718750
67.49999237060546875
68.00000762939453125
68.50003814697265625
69.00006103515625000
69.50003814697265625
69.99998474121093750
70.50000762939453125
70.99997711181640625
71.50000000000000000
72.00003051757812500
72.50005340576171875
72.99999237060546875
73.49998474121093750
74.00002288818359375
74.50005340576171875
74.99999237060546875
75.49996948242187500
75.99995422363281250
76.49997711181640625
76.99995422363281250
77.49989318847656250
77.99989318847656250
78.50003051757812500
79.00000000000000000
79.50006866455078125
80.00001525878906250
80.49996948242187500
80.99999237060546875
81.49993133544921875
82.00002288818359375
82.49994659423828125
83.00000762939453125
83.50005340576171875
83.99999237060546875
84.50001525878906250
84.99990844726562500
85.49997711181640625
86.00009155273437500
86.50013732910156250
87.00000762939453125
87.49993896484375000
87.99998474121093750
88.50000000000000000
89.00009155273437500
89.49996185302734375
90.00002288818359375
90.49996948242187500
90.99993133544921875
91.50002288818359375
92.00003814697265625
92.49993896484375000
92.99998474121093750
93.49980926513671875
93.99996185302734375
94.50000762939453125
95.00009155273437500
95.49995422363281250
95.99996185302734375
96.50007629394531250
97.00006103515625000
97.50000000000000000
97.99983978271484375
98.49994659423828125
99.00010681152343750
99.50007629394531250
