0.00000000000000000
0.50000000000000000
1.00000011920928955
1.49999988079071045
1.99999976158142090
2.49999976158142090
2.99999928474426270
3.50000071525573730
4.00000000000000000
4.49999952316284180
5.00000047683715820
5.49999952316284180
6.00000143051147461
6.49999952316284180
6.99999952316284180
7.50000000000000000
8.00000190734863281
8.50000381469726562
9.00000381469726562
9.49999809265136719
10.00000286102294922
10.49999618530273438
11.00000286102294922
11.50000381469726562
11.99999904632568359
12.50000476837158203
13.00000000000000000
13.49999713897705078
14.00000095367431641
14.50000667572021484
14.99999523162841797
15.50000667572021484
15.99999904632568359
16.50000000000000000
17.00000381469726562
17.49999618530273438
18.00000572204589844
18.49999618530273438
18.99999809265136719
19.50000190734863281
20.00000000000000000
20.50000000000000000
20.99999809265136719
21.50001907348632812
21.99999237060546875
22.50000762939453125
22.99999046325683594
23.49999237060546875
24.00001716613769531
24.50001144409179688
24.99998664855957031
25.50001335144042969
25.99999046325683594
26.50000190734863281
27.00001525878906250
27.50002288818359375
27.99999237060546875
28.50001335144042969
29.00001335144042969
29.49998855590820312
30.00002479553222656
30.49999618530273438
31.00000953674316406
31.49999046325683594
31.99998855590820312
32.50000000000000000
33.00001144409179688
33.50002288818359375
34.00000000000000000
34.49999618530273438
35.00003433227539062
35.50001525878906250
36.00000762939453125
36.50002670288085938
37.00000381469726562
37.49999237060546875
37.99998092651367188
38.49999618530273438
39.00001525878906250
39.50000000000000000
39.99999237060546875
40.49996948242187500
41.00005340576171875
41.49996185302734375
42.00003814697265625
42.50003814697265625
43.00001525878906250
43.50001907348632812
43.99997711181640625
44.50003051757812500
44.99999618530273438
45.49999237060546875
45.99995422363281250
46.50002670288085938
47.00000381469726562
47.49998474121093750
47.99995422363281250
48.50002288818359375
48.99998474121093750
49.49999618530273438
49.99999237060546875
50.50002288818359375
50.99999237060546875
51.50000381469726562
51.99998855590820312
52.50001144409179688
53.00001144409179688
53.49995803833007812
54.00004577636718750
54.49996948242187500
55.00004577636718750
55.50005340576171875
55.99999237060546875
56.50001144409179688
57.00003814697265625
57.49997711181640625
58.00000381469726562
58.50001907348632812
58.99993515014648438
59.49997329711914062
59.99998474121093750
60.50009918212890625
60.99999618530273438
61.50001144409179688
61.99997711181640625
62.50005722045898438
62.99994659423828125
63.49999237060546875
64.00002288818359375
64.50004577636718750
65.00002288818359375
65.50000762939453125
65.99998474121093750
66.50000762939453125
66.99998474121093750
67.50003051757812500
68.00003814697265625
68.49996185302734375
68.99994659423828125
69.49999237060546875
70.00000762939453125
70.50003051757812500
70.99997711181640625
71.49995422363281250
72.00000762939453125
72.50001525878906250
73.00006866455078125
73.50003814697265625
74.00003814697265625
74.49992370605468750
75.00000762939453125
75.49998474121093750
75.99996948242187500
76.49999237060546875
76.99998474121093750
77.50009155273437500
77.99993896484375000
78.50006103515625000
79.00001525878906250
79.49996185302734375
80.00003051757812500
80.49998474121093750
80.99994659423828125
81.49990844726562500
82.00006103515625000
82.50010681152343750
82.99991607666015625
83.49996185302734375
84.00009155273437500
84.49992370605468750
85.00000000000000000
85.50008392333984375
86.00009155273437500
86.50000762939453125
87.00004577636718750
87.50006103515625000
87.99991607666015625
88.50003051757812500
88.99994659423828125
89.49998474121093750
90.00008392333984375
90.50012969970703125
90.99996185302734375
91.50001525878906250
92.00016021728515625
92.50007629394531250
93.00003814697265625
93.49998474121093750
94.00001525878906250
94.50003814697265625
94.99993133544921875
95.50003814697265625
95.99994659423828125
96.50013732910156250
96.99992370605468750
97.49992370605468750
98.00008392333984375
98.49997711181640625
99.00010681152343750
99.50012207031250000
