0.00000000000000000
0.50000000000000000
1.00000000000000000
1.50000011920928955
2.00000000000000000
2.50000023841857910
3.00000000000000000
3.50000071525573730
4.00000095367431641
4.50000143051147461
5.00000000000000000
5.49999761581420898
6.00000190734863281
6.49999856948852539
7.00000047683715820
7.50000000000000000
8.00000286102294922
8.49999809265136719
9.00000000000000000
9.49999809265136719
10.00000000000000000
10.50000190734863281
11.00000476837158203
11.50000190734863281
11.99999809265136719
12.50000190734863281
13.00000095367431641
13.49999523162841797
14.00000476837158203
14.50000000000000000
15.00000286102294922
15.49999809265136719
15.99999904632568359
16.50000572204589844
17.00000381469726562
17.49999046325683594
17.99998855590820312
18.50000190734863281
19.00000572204589844
19.49999618530273438
20.00000762939453125
20.50000381469726562
20.99999427795410156
21.50001525878906250
21.99999618530273438
22.50000000000000000
23.00001335144042969
23.50000381469726562
23.99998855590820312
24.50000381469726562
24.99997138977050781
25.49999237060546875
25.99999618530273438
26.50001907348632812
26.99998855590820312
27.49999809265136719
28.00001144409179688
28.50001335144042969
28.99999809265136719
29.50000000000000000
29.99998092651367188
30.49999427795410156
30.99997901916503906
31.49998855590820312
32.00000762939453125
32.50000762939453125
32.99998474121093750
33.50000000000000000
33.99997711181640625
34.50000000000000000
34.99999618530273438
35.49999618530273438
36.00002288818359375
36.50000381469726562
36.99998855590820312
37.50000381469726562
38.00001144409179688
38.50001144409179688
38.99998855590820312
39.49998474121093750
39.99998474121093750
40.50005340576171875
41.00003433227539062
41.50000000000000000
42.00002288818359375
42.50001525878906250
43.00002670288085938
43.50005722045898438
43.99998474121093750
44.50003051757812500
45.00000000000000000
45.50000381469726562
45.99997711181640625
46.49998474121093750
47.00004959106445312
47.49999618530273438
47.99998092651367188
48.49997329711914062
49.00001525878906250
49.50000000000000000
50.00000381469726562
50.49993896484375000
50.99995422363281250
51.50001144409179688
51.99997329711914062
52.49998855590820312
52.99996566772460938
53.50001907348632812
53.99998092651367188
54.50003433227539062
55.00004196166992188
55.49998474121093750
55.99997329711914062
56.50000381469726562
57.00001525878906250
57.49996948242187500
58.00005722045898438
58.50002670288085938
59.00005722045898438
59.50001907348632812
60.00004577636718750
60.49990463256835938
60.99998474121093750
61.50001144409179688
61.99998855590820312
62.50006484985351562
63.00000762939453125
63.49999237060546875
64.00000762939453125
64.49994659423828125
64.99999237060546875
65.49996948242187500
65.99995422363281250
66.50004577636718750
67.00003814697265625
67.49997711181640625
67.99997711181640625
68.50001525878906250
68.99997711181640625
69.49996948242187500
70.00003814697265625
70.50001525878906250
71.00000762939453125
71.49990081787109375
72.00007629394531250
72.50005340576171875
72.99991607666015625
73.49996948242187500
74.00003814697265625
74.49997711181640625
75.00002288818359375
75.50010681152343750
76.00004577636718750
76.50006866455078125
77.00005340576171875
77.49997711181640625
78.00002288818359375
78.49998474121093750
79.00006103515625000
79.50000762939453125
79.99998474121093750
80.49993896484375000
80.99999237060546875
81.50003051757812500
81.99994659423828125
82.49996185302734375
83.00006103515625000
83.50006103515625000
84.00001525878906250
84.50001525878906250
85.00002288818359375
85.50001525878906250
85.99998474121093750
86.49993133544921875
87.00006866455078125
87.49996948242187500
88.00003051757812500
88.50000762939453125
89.00000762939453125
89.50003051757812500
89.99990081787109375
90.50000762939453125
90.99990081787109375
91.50003051757812500
92.00006103515625000
92.49988555908203125
93.00003814697265625
93.49990081787109375
94.00006866455078125
94.49995422363281250
95.00000762939453125
95.50002288818359375
95.99987792968750000
96.50005340576171875
96.99980163574218750
97.49990081787109375
97.99993133544921875
98.49988555908203125
99.00008392333984375
99.50000762939453125
