0.00000000000000000
0.50000000000000000
1.00000000000000000
1.50000011920928955
2.00000000000000000
2.50000000000000000
3.00000000000000000
3.50000000000000000
3.99999976158142090
4.50000000000000000
5.00000047683715820
5.50000047683715820
6.00000047683715820
6.49999904632568359
7.00000000000000000
7.49999952316284180
8.00000000000000000
8.50000000000000000
8.99999618530273438
9.49999904632568359
10.00000000000000000
10.49999904632568359
11.00000381469726562
11.50000572204589844
11.99999713897705078
12.49999618530273438
13.00000381469726562
13.49999618530273438
13.99999809265136719
14.49999713897705078
14.99999523162841797
15.49999618530273438
15.99999618530273438
16.50000572204589844
17.00000762939453125
17.50000381469726562
18.00000000000000000
18.49999809265136719
19.00000190734863281
19.50001144409179688
20.00001716613769531
20.49999237060546875
20.99999046325683594
21.50000190734863281
22.00000000000000000
22.50001144409179688
23.00002098083496094
23.50000000000000000
24.00000762939453125
24.50000381469726562
25.00001525878906250
25.49999809265136719
25.99999809265136719
26.50000953674316406
27.00001335144042969
27.49999427795410156
27.99998092651367188
28.49999427795410156
28.99998664855957031
29.50000572204589844
29.99998664855957031
30.49999809265136719
31.00000381469726562
31.49998855590820312
31.99998664855957031
32.49999618530273438
33.00000000000000000
33.49999618530273438
34.00000762939453125
34.50000381469726562
35.00000000000000000
35.49998092651367188
35.99999618530273438
36.50001144409179688
36.99997711181640625
37.50001907348632812
37.99999618530273438
38.50000762939453125
38.99995422363281250
39.49996948242187500
39.99998855590820312
40.49999237060546875
40.99998092651367188
41.49998855590820312
41.99998092651367188
42.50000762939453125
43.00001907348632812
43.49998474121093750
43.99995422363281250
44.50003051757812500
44.99999237060546875
45.50001144409179688
45.99998092651367188
46.50003051757812500
47.00001907348632812
47.49998092651367188
48.00003814697265625
48.50002288818359375
48.99999618530273438
49.50002288818359375
49.99998474121093750
50.50001144409179688
50.99996185302734375
51.49996185302734375
52.00001907348632812
52.50001144409179688
52.99998092651367188
53.50001144409179688
54.00006866455078125
54.50006103515625000
54.99997711181640625
55.50004959106445312
55.99998855590820312
56.50000000000000000
57.00001144409179688
57.49995803833007812
58.00000381469726562
58.50003814697265625
58.99993896484375000
59.49999237060546875
60.00003814697265625
60.49995422363281250
61.00001525878906250
61.49996566772460938
61.99993133544921875
62.50001144409179688
63.00006484985351562
63.50004959106445312
63.99995803833007812
64.49994659423828125
65.00000000000000000
65.49996185302734375
65.99998474121093750
66.49994659423828125
67.00001525878906250
67.49999237060546875
68.00006103515625000
68.50006103515625000
68.99998474121093750
69.50000762939453125
70.00001525878906250
70.50003051757812500
70.99995422363281250
71.49994659423828125
71.99992370605468750
72.50006866455078125
73.00000762939453125
73.49999237060546875
74.00001525878906250
74.49988555908203125
75.00003814697265625
75.49992370605468750
75.99990844726562500
76.49992370605468750
76.99999237060546875
77.49996185302734375
78.00003814697265625
78.50003051757812500
78.99998474121093750
79.49993896484375000
80.00000000000000000
80.49998474121093750
80.99996185302734375
81.50003814697265625
81.99994659423828125
82.50004577636718750
82.99995422363281250
83.49991607666015625
83.99993133544921875
84.50004577636718750
84.99994659423828125
85.49991607666015625
86.00002288818359375
86.49997711181640625
86.99990844726562500
87.49996185302734375
88.00000762939453125
88.49977111816406250
88.99996185302734375
89.50005340576171875
90.00008392333984375
90.50004577636718750
90.99996185302734375
91.50000762939453125
91.99994659423828125
92.50015258789062500
93.00000000000000000
93.50006103515625000
93.99996948242187500
94.50001525878906250
95.00006103515625000
95.50015258789062500
95.99996948242187500
96.50000000000000000
97.00003814697265625
97.49990081787109375
98.00006866455078125
98.50006103515625000
98.99996185302734375
99.50012207031250000
