0.00000000000000000
0.50000005960464478
1.00000000000000000
1.49999988079071045
2.00000023841857910
2.50000047683715820
2.99999952316284180
3.49999952316284180
4.00000047683715820
4.49999952316284180
4.99999952316284180
5.50000000000000000
6.00000190734863281
6.50000143051147461
7.00000238418579102
7.50000190734863281
8.00000095367431641
8.49999904632568359
8.99999618530273438
9.49999713897705078
10.00000381469726562
10.50000190734863281
11.00000381469726562
11.50000381469726562
11.99999809265136719
12.50000476837158203
13.00000476837158203
13.49999713897705078
13.99999713897705078
14.50000190734863281
14.99999904632568359
15.49999713897705078
15.99999809265136719
16.50000381469726562
17.00000190734863281
17.49999427795410156
17.99999809265136719
18.49998855590820312
19.00000762939453125
19.50001144409179688
20.00001144409179688
20.50000572204589844
21.00001144409179688
21.50000762939453125
22.00000762939453125
22.49999809265136719
22.99999809265136719
23.50001144409179688
24.00000572204589844
24.50000953674316406
24.99998664855957031
25.50000953674316406
26.00000953674316406
26.50000190734863281
26.99999046325683594
27.49999427795410156
27.99998664855957031
28.50000190734863281
29.00001525878906250
29.50001525878906250
29.99997901916503906
30.50002861022949219
31.00002479553222656
31.49999809265136719
31.99997329711914062
32.50000762939453125
33.00000381469726562
33.49999618530273438
33.99998474121093750
34.49999237060546875
35.00001144409179688
35.50002670288085938
35.99998474121093750
36.49998092651367188
37.00003814697265625
37.49999618530273438
37.99998474121093750
38.49998474121093750
39.00003433227539062
39.50005340576171875
40.00004577636718750
40.50006484985351562
41.00001144409179688
41.50001907348632812
42.00000762939453125
42.50001144409179688
43.00001907348632812
43.49997711181640625
44.00002670288085938
44.50002288818359375
45.00003814697265625
45.49998092651367188
45.99998092651367188
46.49998855590820312
46.99997329711914062
47.49998092651367188
47.99998855590820312
48.50003814697265625
49.00001525878906250
49.50001525878906250
50.00006103515625000
50.50004196166992188
51.00002670288085938
51.49998474121093750
51.99999237060546875
52.50000381469726562
52.99995803833007812
53.49994277954101562
54.00001525878906250
54.49999237060546875
54.99999237060546875
55.50002670288085938
55.99995422363281250
56.50000381469726562
56.99993133544921875
57.50003814697265625
58.00003051757812500
58.50000381469726562
58.99995422363281250
59.50003051757812500
60.00001144409179688
60.49998855590820312
60.99998092651367188
61.50004577636718750
61.99998855590820312
62.49999237060546875
62.99995040893554688
63.49997329711914062
64.00004577636718750
64.50000000000000000
64.99996185302734375
65.50005340576171875
65.99997711181640625
66.50000762939453125
67.00000000000000000
67.50003051757812500
67.99995422363281250
68.50002288818359375
68.99994659423828125
69.49990844726562500
70.00004577636718750
70.49990844726562500
71.00002288818359375
71.50002288818359375
72.00006103515625000
72.50003051757812500
72.99995422363281250
73.50010681152343750
73.99997711181640625
74.50002288818359375
74.99998474121093750
75.50008392333984375
76.00000762939453125
76.50012969970703125
76.99995422363281250
77.50000000000000000
77.99995422363281250
78.50005340576171875
78.99997711181640625
79.49994659423828125
79.99996948242187500
80.49994659423828125
80.99995422363281250
81.50007629394531250
82.00003051757812500
82.50000762939453125
82.99996948242187500
83.49991607666015625
84.00006866455078125
84.50002288818359375
85.00000762939453125
85.50005340576171875
85.99987792968750000
86.49987030029296875
86.99994659423828125
87.50004577636718750
88.00009155273437500
88.49996185302734375
88.99994659423828125
89.50003814697265625
90.00006866455078125
90.50001525878906250
90.99999237060546875
91.49997711181640625
91.99998474121093750
92.50003814697265625
93.00000000000000000
93.50005340576171875
94.00000762939453125
94.50003051757812500
94.99994659423828125
95.50001525878906250
96.00004577636718750
96.49995422363281250
97.00002288818359375
97.50007629394531250
98.00003051757812500
98.50000762939453125
98.99995422363281250
99.49997711181640625
