0.00000000000000000
0.50000005960464478
1.00000000000000000
1.49999976158142090
1.99999976158142090
2.50000023841857910
2.99999976158142090
3.49999904632568359
4.00000047683715820
4.49999904632568359
5.00000000000000000
5.50000190734863281
5.99999952316284180
6.50000143051147461
7.00000095367431641
7.49999809265136719
7.99999952316284180
8.50000095367431641
8.99999904632568359
9.49999809265136719
10.00000286102294922
10.49999809265136719
11.00000572204589844
11.50000476837158203
12.00000190734863281
12.50000095367431641
12.99999427795410156
13.50000190734863281
14.00000667572021484
14.49999809265136719
15.00000095367431641
15.50000286102294922
15.99999713897705078
16.50000572204589844
17.00000762939453125
17.50000190734863281
17.99999809265136719
18.50000953674316406
19.00000953674316406
19.50000190734863281
19.99999046325683594
20.50000953674316406
21.00000000000000000
21.49999809265136719
22.00000572204589844
22.50000762939453125
22.99998855590820312
23.50000381469726562
24.00000572204589844
24.49998092651367188
25.00000953674316406
25.49998855590820312
26.00000381469726562
26.50000572204589844
27.00001525878906250
27.50000190734863281
27.99999618530273438
28.49999046325683594
28.99997901916503906
29.50000381469726562
29.99998474121093750
30.49999618530273438
30.99997520446777344
31.49999809265136719
31.99999237060546875
32.49999237060546875
32.99998474121093750
33.50000381469726562
33.99998855590820312
34.49999618530273438
34.99999618530273438
35.49999237060546875
36.00000381469726562
36.49998855590820312
36.99999237060546875
37.50000381469726562
38.00003433227539062
38.50000762939453125
39.00001144409179688
39.50000000000000000
39.99997711181640625
40.49998855590820312
40.99999237060546875
41.50001144409179688
41.99998855590820312
42.50001144409179688
43.00000762939453125
43.50003433227539062
44.00004196166992188
44.50000000000000000
45.00001525878906250
45.50001525878906250
45.99996566772460938
46.49995803833007812
47.00003051757812500
47.49996948242187500
47.99997329711914062
48.49998474121093750
48.99995040893554688
49.50000381469726562
50.00000381469726562
50.49998092651367188
51.00000762939453125
51.49995803833007812
51.99995422363281250
52.50003433227539062
53.00001144409179688
53.50004959106445312
54.00003433227539062
54.49997711181640625
54.99997329711914062
55.49998092651367188
55.99994659423828125
56.49999618530273438
57.00001907348632812
57.49998474121093750
57.99999618530273438
58.49998092651367188
58.99997329711914062
59.50004196166992188
59.99997711181640625
60.49999618530273438
61.00000381469726562
61.49994659423828125
62.00000000000000000
62.49996185302734375
63.00002288818359375
63.50004959106445312
63.99998092651367188
64.50003814697265625
65.00001525878906250
65.50006103515625000
65.99996948242187500
66.50000000000000000
67.00003051757812500
67.50000762939453125
67.99991607666015625
68.50000000000000000
68.99996185302734375
69.49993133544921875
70.00003051757812500
70.49991607666015625
70.99999237060546875
71.50001525878906250
72.00001525878906250
72.49998474121093750
73.00000000000000000
73.50005340576171875
74.00005340576171875
74.49998474121093750
75.00006866455078125
75.50003051757812500
75.99994659423828125
76.49996948242187500
77.00003814697265625
77.49998474121093750
78.00007629394531250
78.49993896484375000
78.99998474121093750
79.50006866455078125
80.00006103515625000
80.49994659423828125
81.00003051757812500
81.49999237060546875
81.99992370605468750
82.49997711181640625
83.00005340576171875
83.49997711181640625
84.00012969970703125
84.50005340576171875
85.00000000000000000
85.49996948242187500
86.00003814697265625
86.50003051757812500
87.00003814697265625
87.50003051757812500
88.00009155273437500
88.50003814697265625
88.99995422363281250
89.50014495849609375
90.00000000000000000
90.49986267089843750
91.00001525878906250
91.50012969970703125
92.00002288818359375
92.50001525878906250
93.00008392333984375
93.49995422363281250
94.00013732910156250
94.50006866455078125
94.99990844726562500
95.50003051757812500
96.00011444091796875
96.49997711181640625
96.99989318847656250
97.50003051757812500
97.99984741210937500
98.50003051757812500
99.00009918212890625
99.49995422363281250
