0.00000000000000000
9.99999713897705078
20.00000190734863281
29.99999237060546875
39.99998474121093750
49.99997329711914062
60.00005722045898438
69.99985504150390625
80.00009918212890625
89.99999237060546875
100.00015258789062500
109.99990081787109375
119.99992370605468750
130.00004577636718750
139.99996948242187500
149.99996948242187500
159.99992370605468750
170.00024414062500000
179.99996948242187500
189.99983215332031250
200.00009155273437500
210.00012207031250000
219.99972534179687500
229.99974060058593750
239.99974060058593750
249.99995422363281250
259.99960327148437500
269.99957275390625000
280.00061035156250000
290.00033569335937500
300.00006103515625000
309.99972534179687500
320.00006103515625000
329.99911499023437500
340.00039672851562500
349.99963378906250000
360.00103759765625000
369.99978637695312500
379.99966430664062500
389.99984741210937500
400.00106811523437500
410.00064086914062500
419.99954223632812500
429.99877929687500000
439.99929809570312500
450.00073242187500000
460.00094604492187500
469.99938964843750000
480.00256347656250000
489.99960327148437500
500.00195312500000000
510.00051879882812500
519.99902343750000000
529.99981689453125000
540.00036621093750000
550.00067138671875000
560.00012207031250000
570.00036621093750000
579.99957275390625000
590.00018310546875000
599.99993896484375000
610.00018310546875000
619.99908447265625000
629.99835205078125000
640.00061035156250000
649.99896240234375000
660.00085449218750000
669.99987792968750000
680.00000000000000000
690.00189208984375000
700.00201416015625000
710.00146484375000000
720.00390625000000000
730.00073242187500000
740.00152587890625000
749.99768066406250000
760.00256347656250000
770.00115966796875000
780.00042724609375000
789.99975585937500000
799.99822998046875000
809.99713134765625000
819.99725341796875000
829.99749755859375000
839.99963378906250000
849.99713134765625000
860.00073242187500000
870.00384521484375000
879.99835205078125000
889.99945068359375000
900.00091552734375000
909.99957275390625000
919.99841308593750000
930.00122070312500000
939.99768066406250000
949.99768066406250000
960.00067138671875000
970.00054931640625000
979.99859619140625000
990.00305175781250000
999.99688720703125000
1009.99993896484375000
1019.99780273437500000
1030.00073242187500000
1039.99743652343750000
1049.99499511718750000
1060.00268554687500000
1069.99877929687500000
1079.99829101562500000
1089.99975585937500000
1100.00378417968750000
1109.99694824218750000
1119.99743652343750000
1129.99975585937500000
1140.00598144531250000
1149.99865722656250000
1159.99865722656250000
1169.99829101562500000
1180.00268554687500000
1189.99841308593750000
1200.00549316406250000
1209.99365234375000000
1219.99389648437500000
1229.99987792968750000
1239.99560546875000000
1250.00415039062500000
1259.99768066406250000
1269.99902343750000000
1280.00830078125000000
1289.99755859375000000
1299.99670410156250000
1309.99743652343750000
1320.00231933593750000
1329.99584960937500000
1340.00817871093750000
1350.00280761718750000
1359.99401855468750000
1370.00573730468750000
1380.00170898437500000
1389.99987792968750000
1400.00512695312500000
1409.99291992187500000
1420.00427246093750000
1429.99804687500000000
1440.00866699218750000
1449.99584960937500000
1459.99108886718750000
1469.99707031250000000
1479.99865722656250000
1490.00048828125000000
1499.99877929687500000
1510.00256347656250000
1519.99743652343750000
1530.00573730468750000
1539.99780273437500000
1549.99389648437500000
1560.00109863281250000
1570.00634765625000000
1580.00146484375000000
1589.99841308593750000
1599.99780273437500000
1609.99792480468750000
1619.99719238281250000
1629.99658203125000000
1639.99072265625000000
1650.00708007812500000
1660.00170898437500000
1670.00207519531250000
1680.00427246093750000
1689.99450683593750000
1699.99377441406250000
1710.00329589843750000
1719.99645996093750000
1730.00000000000000000
1739.99682617187500000
1750.00720214843750000
1760.00512695312500000
1770.00244140625000000
1780.00073242187500000
1789.99792480468750000
1799.99584960937500000
1810.01367187500000000
1819.99633789062500000
1830.00463867187500000
1839.99829101562500000
1850.00268554687500000
1859.99780273437500000
1870.00598144531250000
1879.99194335937500000
1889.99450683593750000
1900.00329589843750000
1910.00781250000000000
1919.99645996093750000
1930.00476074218750000
1939.98925781250000000
1949.99096679687500000
1960.00683593750000000
1970.00219726562500000
1979.99694824218750000
1989.99511718750000000
1999.99414062500000000
2009.99670410156250000
2019.99096679687500000
2030.00427246093750000
2039.99963378906250000
2049.99829101562500000
2059.99829101562500000
2069.98852539062500000
2080.00244140625000000
2090.00195312500000000
2100.00683593750000000
2109.98144531250000000
2120.00170898437500000
2130.00756835937500000
2139.99902343750000000
2150.00610351562500000
2159.98828125000000000
2170.00659179687500000
2179.99682617187500000
2189.99194335937500000
2200.00195312500000000
2209.99829101562500000
2220.00634765625000000
2230.01293945312500000
2240.01318359375000000
2249.99462890625000000
2259.98242187500000000
2269.98144531250000000
2280.00048828125000000
2290.01904296875000000
2300.01000976562500000
2309.98461914062500000
2319.98950195312500000
2329.98657226562500000
2340.01489257812500000
2350.01562500000000000
2360.00537109375000000
2369.99633789062500000
2379.99682617187500000
2390.00585937500000000
2400.01049804687500000
2410.00292968750000000
2419.98413085937500000
2429.98974609375000000
2439.99804687500000000
2449.99780273437500000
2460.01123046875000000
2470.00244140625000000
2480.00170898437500000
2490.00024414062500000
2499.99584960937500000
2509.99267578125000000
2520.00268554687500000
2530.00610351562500000
2540.01000976562500000
2549.99316406250000000
2559.98974609375000000
2570.00073242187500000
2579.99975585937500000
2590.01538085937500000
2599.98364257812500000
2609.98754882812500000
2619.99536132812500000
2630.00463867187500000
2640.00463867187500000
2649.99316406250000000
2660.00024414062500000
2669.96972656250000000
2680.00463867187500000
2689.99975585937500000
2700.01342773437500000
2709.97216796875000000
2719.99707031250000000
2729.99340820312500000
2740.01123046875000000
2750.01562500000000000
2759.99877929687500000
2770.01416015625000000
2780.00463867187500000
2790.02294921875000000
2800.01074218750000000
2809.99829101562500000
2819.99584960937500000
2829.99243164062500000
2840.00634765625000000
2850.00244140625000000
2860.00927734375000000
2869.99658203125000000
2880.00512695312500000
2889.99511718750000000
2899.99877929687500000
2910.00317382812500000
2920.01171875000000000
2930.00195312500000000
2940.00195312500000000
2949.99389648437500000
2960.01586914062500000
2970.00073242187500000
2979.99389648437500000
2990.01245117187500000
2999.98828125000000000
3010.00732421875000000
3020.00488281250000000
3030.00781250000000000
3039.99609375000000000
3049.99487304687500000
3059.99951171875000000
3070.01635742187500000
3080.00903320312500000
3089.99731445312500000
3099.99609375000000000
3109.99194335937500000
3119.98974609375000000
3130.01489257812500000
3140.01367187500000000
3150.01391601562500000
3159.99560546875000000
3170.01416015625000000
3179.99975585937500000
3190.02148437500000000
3199.98950195312500000
3209.99853515625000000
3219.98291015625000000
3229.99194335937500000
3240.01416015625000000
3250.01928710937500000
3260.00683593750000000
3269.99584960937500000
3279.98828125000000000
3290.03540039062500000
3300.00097656250000000
3309.96826171875000000
3320.01391601562500000
3329.99731445312500000
3340.00805664062500000
3349.99877929687500000
3359.98388671875000000
3369.99438476562500000
3379.99707031250000000
3389.99487304687500000
3399.97656250000000000
3410.02172851562500000
3420.00976562500000000
3430.00952148437500000
3439.99340820312500000
3449.99975585937500000
3460.03637695312500000
3469.99682617187500000
3480.01489257812500000
3490.00317382812500000
3500.00805664062500000
3509.98535156250000000
3520.00292968750000000
3529.99926757812500000
3539.97094726562500000
3549.97924804687500000
3559.97363281250000000
3570.01440429687500000
3579.99487304687500000
3590.01025390625000000
3600.03881835937500000
3610.01098632812500000
3620.00292968750000000
3630.00195312500000000
3640.03833007812500000
3650.00219726562500000
3659.97973632812500000
3669.99633789062500000
3679.99951171875000000
3689.99340820312500000
3699.98364257812500000
3709.99267578125000000
3720.00732421875000000
3730.01220703125000000
3739.99707031250000000
3750.00268554687500000
3759.97998046875000000
3770.01660156250000000
3779.99487304687500000
3789.99462890625000000
3799.98657226562500000
3810.00805664062500000
3820.03344726562500000
3829.99316406250000000
3839.95410156250000000
3849.99975585937500000
3860.00976562500000000
3870.02905273437500000
3880.01562500000000000
3890.00268554687500000
3900.00219726562500000
3909.98437500000000000
3920.00561523437500000
3930.00024414062500000
3940.01171875000000000
3950.00292968750000000
3960.03198242187500000
3969.99975585937500000
3980.01928710937500000
3989.98168945312500000
3999.97998046875000000
4010.00268554687500000
4020.00878906250000000
4030.02050781250000000
4040.02978515625000000
4050.03271484375000000
4060.00439453125000000
4070.01953125000000000
4080.02636718750000000
4089.97045898437500000
4099.99414062500000000
4109.99755859375000000
4120.01025390625000000
4129.99560546875000000
4139.98046875000000000
4149.99414062500000000
4159.99414062500000000
4170.00683593750000000
4180.03271484375000000
4189.96289062500000000
4199.99755859375000000
4209.97607421875000000
4219.99707031250000000
4230.01904296875000000
4239.98779296875000000
4250.01416015625000000
4259.97949218750000000
4270.02197265625000000
4279.97802734375000000
4290.01220703125000000
4299.96826171875000000
4310.00341796875000000
4319.97949218750000000
4329.97998046875000000
4340.00000000000000000
4350.00830078125000000
4360.03125000000000000
4370.00097656250000000
4380.00048828125000000
4389.99707031250000000
4399.98437500000000000
4409.98730468750000000
4420.00878906250000000
4429.94824218750000000
4439.95361328125000000
4450.03710937500000000
4460.00048828125000000
4469.99072265625000000
4479.95605468750000000
4489.99755859375000000
4500.00927734375000000
4509.98779296875000000
4520.00878906250000000
4530.00781250000000000
4539.99316406250000000
4549.96630859375000000
4560.01123046875000000
4569.99169921875000000
4580.03613281250000000
4590.03271484375000000
4600.02783203125000000
4610.00292968750000000
4620.01123046875000000
4629.98437500000000000
4639.97998046875000000
4649.96386718750000000
4660.02246093750000000
4669.99365234375000000
4680.04980468750000000
4690.03027343750000000
4699.99267578125000000
4710.02783203125000000
4720.00097656250000000
4730.06152343750000000
4740.00000000000000000
4749.99121093750000000
4760.02978515625000000
4770.01171875000000000
4779.98583984375000000
4789.99902343750000000
4800.03125000000000000
4810.03955078125000000
4820.01416015625000000
4829.99658203125000000
4840.00341796875000000
4849.95068359375000000
4860.00781250000000000
4869.99072265625000000
4880.04638671875000000
4889.99267578125000000
4900.01025390625000000
4909.99560546875000000
4919.98925781250000000
4929.98828125000000000
4940.00390625000000000
4949.99169921875000000
4960.00488281250000000
4970.01806640625000000
4979.97412109375000000
4990.02050781250000000
4999.98632812500000000
5010.04638671875000000
5019.99755859375000000
5029.93603515625000000
5039.94433593750000000
5049.98925781250000000
5060.00195312500000000
5070.03271484375000000
5079.96972656250000000
5089.99462890625000000
5100.07617187500000000
5109.97216796875000000
5120.02197265625000000
5130.00195312500000000
5139.97509765625000000
5149.94677734375000000
5160.02001953125000000
5170.00195312500000000
5180.01611328125000000
5190.00683593750000000
5199.97802734375000000
5210.00097656250000000
5219.98291015625000000
5230.01171875000000000
5240.02490234375000000
5249.92578125000000000
5260.00878906250000000
5270.01123046875000000
5280.00683593750000000
5289.99951171875000000
5300.00292968750000000
5309.97753906250000000
5319.97900390625000000
5329.97851562500000000
5339.99658203125000000
5350.00927734375000000
5360.02148437500000000
5370.07080078125000000
5379.96972656250000000
5390.05859375000000000
5399.99462890625000000
5409.96484375000000000
5420.03271484375000000
5430.02490234375000000
5439.95117187500000000
5449.94726562500000000
5459.99951171875000000
5469.98730468750000000
5479.97265625000000000
5490.07226562500000000
5500.05712890625000000
5510.00048828125000000
5520.04101562500000000
5530.03564453125000000
5540.03027343750000000
5550.00830078125000000
5559.97900390625000000
5569.93896484375000000
5579.98681640625000000
5589.98046875000000000
5599.95117187500000000
5609.97265625000000000
5619.97998046875000000
5629.95556640625000000
5640.01708984375000000
5649.96484375000000000
5660.00781250000000000
5669.99951171875000000
5680.01513671875000000
5689.97998046875000000
5700.00878906250000000
5709.97265625000000000
5719.99072265625000000
5729.98242187500000000
5740.04003906250000000
5750.03417968750000000
5759.98339843750000000
5770.06201171875000000
5779.97363281250000000
5789.99023437500000000
5800.07324218750000000
5809.96728515625000000
5819.91210937500000000
5829.98681640625000000
5839.97460937500000000
5849.99707031250000000
5860.03515625000000000
5870.00097656250000000
5880.02783203125000000
5890.00732421875000000
5900.02490234375000000
5910.07128906250000000
5919.96191406250000000
5929.93261718750000000
5940.00927734375000000
5950.06982421875000000
5960.00000000000000000
5969.95556640625000000
5979.95556640625000000
5989.99902343750000000
5999.92236328125000000
6010.02734375000000000
6019.95849609375000000
6029.93652343750000000
6039.99462890625000000
6049.94042968750000000
6060.00878906250000000
6069.99609375000000000
6080.00341796875000000
6089.99365234375000000
6099.96777343750000000
6109.96972656250000000
6120.01171875000000000
6130.00488281250000000
6140.06884765625000000
6149.98974609375000000
6159.97314453125000000
6169.98779296875000000
6180.05029296875000000
6190.00976562500000000
6200.00048828125000000
6210.01171875000000000
6220.06542968750000000
6229.98046875000000000
6239.96142578125000000
6250.06933593750000000
6260.02636718750000000
6270.01806640625000000
6280.02880859375000000
6290.09228515625000000
6299.96728515625000000
6310.02246093750000000
6319.96044921875000000
6330.01953125000000000
6339.97802734375000000
6350.04589843750000000
6360.03906250000000000
6369.99169921875000000
6380.02294921875000000
6389.96728515625000000
6399.98730468750000000
6410.08789062500000000
6420.00585937500000000
6430.07421875000000000
6440.01318359375000000
6450.05468750000000000
6459.91552734375000000
6470.05078125000000000
6480.00048828125000000
6489.96289062500000000
6500.08007812500000000
6510.03466796875000000
6519.90820312500000000
6529.93115234375000000
6539.96386718750000000
6550.03955078125000000
6560.05957031250000000
6570.02880859375000000
6579.99121093750000000
6589.95849609375000000
6599.95703125000000000
6609.95410156250000000
6620.02685546875000000
6630.02294921875000000
6640.00976562500000000
6650.00585937500000000
6660.05322265625000000
6669.96386718750000000
6679.93261718750000000
6690.08886718750000000
6699.96240234375000000
6709.93017578125000000
6720.01855468750000000
6729.99169921875000000
6740.00488281250000000
6749.97509765625000000
6759.92578125000000000
6769.98730468750000000
6779.96435546875000000
6789.98291015625000000
6800.03417968750000000
6810.06005859375000000
6820.01464843750000000
6830.02880859375000000
6839.97460937500000000
6850.04003906250000000
6859.92480468750000000
6870.03759765625000000
6880.05468750000000000
6889.91748046875000000
6899.97705078125000000
6910.04882812500000000
6920.00585937500000000
6929.98535156250000000
6939.97363281250000000
6950.00244140625000000
6960.06787109375000000
6969.91992187500000000
6980.05029296875000000
6989.96630859375000000
6999.91748046875000000
7009.96289062500000000
7019.97509765625000000
7030.01855468750000000
7039.99902343750000000
7050.00634765625000000
7059.98046875000000000
7069.92187500000000000
7080.04296875000000000
7090.03515625000000000
7100.02294921875000000
7110.11523437500000000
7119.93310546875000000
7129.95947265625000000
7139.96093750000000000
7150.02392578125000000
7159.96240234375000000
7170.05615234375000000
7179.95556640625000000
7189.97753906250000000
7199.98242187500000000
7209.98242187500000000
7219.93652343750000000
7230.01025390625000000
7239.94091796875000000
7250.08300781250000000
7260.00878906250000000
7269.98583984375000000
7280.03027343750000000
7289.96435546875000000
7299.98828125000000000
7309.87158203125000000
7319.99267578125000000
7329.93847656250000000
7340.03027343750000000
7349.99414062500000000
7360.00927734375000000
7369.96630859375000000
7379.95751953125000000
7390.00585937500000000
7400.00585937500000000
7410.06396484375000000
7419.94628906250000000
7430.02490234375000000
7440.02685546875000000
7450.00732421875000000
7460.01660156250000000
7469.97167968750000000
7480.00781250000000000
7490.00683593750000000
7500.08935546875000000
7509.98437500000000000
7519.86669921875000000
7529.97509765625000000
7540.00732421875000000
7549.97265625000000000
7560.01123046875000000
7569.95312500000000000
7579.95166015625000000
7589.98632812500000000
7599.99414062500000000
7609.97656250000000000
7619.98681640625000000
7629.88037109375000000
7639.93505859375000000
7650.00146484375000000
7660.01269531250000000
7670.07275390625000000
7679.94628906250000000
7689.98876953125000000
7699.93359375000000000
7709.96777343750000000
7720.03417968750000000
7730.01318359375000000
7740.05419921875000000
7750.01318359375000000
7759.98535156250000000
7769.97558593750000000
7780.00976562500000000
7789.98779296875000000
7800.00732421875000000
7809.97900390625000000
7820.03759765625000000
7829.96533203125000000
7840.00097656250000000
7850.01269531250000000
7860.00097656250000000
7869.98535156250000000
7879.97998046875000000
7890.09179687500000000
7899.93212890625000000
7910.02294921875000000
7919.97509765625000000
7929.98535156250000000
7940.02539062500000000
7949.90625000000000000
7959.91845703125000000
7969.95312500000000000
7979.94824218750000000
7990.02148437500000000
7999.96777343750000000
8009.96044921875000000
8020.01855468750000000
8030.06250000000000000
8039.90673828125000000
8049.99414062500000000
8059.93017578125000000
8070.01318359375000000
8080.08251953125000000
8090.06835937500000000
8100.02539062500000000
8110.08154296875000000
8119.98583984375000000
8130.04833984375000000
8139.95019531250000000
8149.93701171875000000
8160.01660156250000000
8170.06347656250000000
8179.95654296875000000
8190.04541015625000000
8200.08007812500000000
8210.04882812500000000
8220.04785156250000000
8229.92578125000000000
8240.05761718750000000
8249.99804687500000000
8259.94824218750000000
8270.00097656250000000
8279.92382812500000000
8290.00195312500000000
8299.97070312500000000
8310.07910156250000000
8320.03710937500000000
8330.09667968750000000
8339.99609375000000000
8349.99609375000000000
8359.94824218750000000
8370.04882812500000000
8379.95117187500000000
8389.96875000000000000
8399.96777343750000000
8409.85156250000000000
8420.03027343750000000
8430.05078125000000000
8439.95898437500000000
8450.04785156250000000
8460.05175781250000000
8469.98828125000000000
8480.06250000000000000
8490.01464843750000000
8499.98925781250000000
8510.12207031250000000
8519.89648437500000000
8529.94921875000000000
8540.10644531250000000
8550.01464843750000000
8559.91406250000000000
8569.93945312500000000
8579.95507812500000000
8589.95410156250000000
8600.05859375000000000
8610.13769531250000000
8619.96191406250000000
8630.00878906250000000
8639.95507812500000000
8649.96484375000000000
8660.00390625000000000
8670.02734375000000000
8680.05175781250000000
8689.93945312500000000
8699.91601562500000000
8709.99218750000000000
8720.12500000000000000
8729.98535156250000000
8740.00292968750000000
8750.04296875000000000
8759.97753906250000000
8769.92871093750000000
8780.03710937500000000
8790.04296875000000000
8799.83203125000000000
8809.96972656250000000
8820.11621093750000000
8830.03222656250000000
8839.99902343750000000
8849.96093750000000000
8860.00000000000000000
8869.98339843750000000
8879.88671875000000000
8889.85351562500000000
8899.98925781250000000
8909.93261718750000000
8920.11718750000000000
8930.09765625000000000
8940.05859375000000000
8949.98828125000000000
8959.98535156250000000
8969.89550781250000000
8980.07226562500000000
8989.95312500000000000
8999.98046875000000000
9009.98144531250000000
9020.12109375000000000
9029.97753906250000000
9039.95507812500000000
9050.09472656250000000
9059.82128906250000000
9070.00195312500000000
9079.92871093750000000
9089.96289062500000000
9100.08203125000000000
9109.95410156250000000
9119.92968750000000000
9129.86816406250000000
9140.00195312500000000
9150.08593750000000000
9159.97949218750000000
9169.93457031250000000
9180.07617187500000000
9190.00390625000000000
9200.14746093750000000
9209.99511718750000000
9220.08105468750000000
9230.00878906250000000
9240.10644531250000000
9249.94531250000000000
9260.03125000000000000
9270.00683593750000000
9279.97265625000000000
9289.88476562500000000
9300.01953125000000000
9309.95996093750000000
9319.98730468750000000
9330.04394531250000000
9340.08886718750000000
9350.01269531250000000
9359.98925781250000000
9370.01757812500000000
9379.98925781250000000
9389.77734375000000000
9399.89453125000000000
9410.00097656250000000
9420.00195312500000000
9430.02929687500000000
9440.05761718750000000
9450.02343750000000000
9460.01855468750000000
9469.94628906250000000
9479.98730468750000000
9489.91015625000000000
9499.94238281250000000
9509.98828125000000000
9520.10839843750000000
9530.08496093750000000
9539.97167968750000000
9549.93554687500000000
9560.12597656250000000
9570.01171875000000000
9580.04687500000000000
9590.09960937500000000
9600.12011718750000000
9610.01074218750000000
9619.91308593750000000
9630.03613281250000000
9639.99121093750000000
9649.94433593750000000
9660.02929687500000000
9670.07714843750000000
9680.09570312500000000
9689.97167968750000000
9699.99902343750000000
9710.06152343750000000
9719.92285156250000000
9730.05273437500000000
9740.06445312500000000
9750.07617187500000000
9760.10156250000000000
9769.96875000000000000
9779.83886718750000000
9789.89746093750000000
9800.08105468750000000
9809.96679687500000000
9820.07910156250000000
9829.92968750000000000
9840.08203125000000000
9849.86523437500000000
9860.01757812500000000
9869.89843750000000000
9880.00195312500000000
9889.94726562500000000
9900.08105468750000000
9910.15332031250000000
9920.02734375000000000
9930.12988281250000000
9939.97949218750000000
9950.03320312500000000
9959.99316406250000000
9970.05175781250000000
9979.96289062500000000
9989.88671875000000000
