0.00000000000000000
0.49999997019767761
1.00000023841857910
1.50000000000000000
2.00000023841857910
2.50000023841857910
2.99999976158142090
3.50000023841857910
4.00000000000000000
4.49999952316284180
5.00000095367431641
5.49999952316284180
6.00000095367431641
6.50000095367431641
7.00000095367431641
7.50000143051147461
8.00000190734863281
8.50000000000000000
9.00000000000000000
9.50000095367431641
9.99999809265136719
10.49999809265136719
11.00000095367431641
11.50000286102294922
12.00000286102294922
12.50000000000000000
13.00000000000000000
13.50000095367431641
14.00000858306884766
14.50000572204589844
14.99999809265136719
15.50000190734863281
15.99999809265136719
16.49999237060546875
16.99999809265136719
17.49999618530273438
18.00000572204589844
18.49999618530273438
19.00000953674316406
19.50000000000000000
19.99999046325683594
20.50001907348632812
20.99999618530273438
21.49998855590820312
21.99999046325683594
22.50000000000000000
22.99998664855957031
23.50001335144042969
24.00001144409179688
24.50000762939453125
24.99997711181640625
25.49998474121093750
26.00000000000000000
26.50003051757812500
27.00001525878906250
27.49999618530273438
28.00000953674316406
28.50000000000000000
28.99999809265136719
29.49998474121093750
30.00000381469726562
30.49999809265136719
31.00000190734863281
31.50002288818359375
31.99998664855957031
32.49999618530273438
32.99998855590820312
33.50001144409179688
33.99999237060546875
34.49998092651367188
35.00000000000000000
35.50000381469726562
36.00000762939453125
36.49998855590820312
36.99996566772460938
37.50001907348632812
37.99999237060546875
38.49999618530273438
39.00002670288085938
39.50002670288085938
39.99998855590820312
40.49998092651367188
41.00001525878906250
41.50000762939453125
42.00001525878906250
42.50000000000000000
42.99998092651367188
43.50004577636718750
43.99997711181640625
44.49999237060546875
45.00000762939453125
45.50000762939453125
45.99997329711914062
46.50000000000000000
46.99995422363281250
47.49998092651367188
47.99996185302734375
48.50003814697265625
48.99998855590820312
49.50003814697265625
49.99997711181640625
50.50000000000000000
51.00005722045898438
51.50002288818359375
52.00002288818359375
52.50000762939453125
53.00002288818359375
53.49995422363281250
54.00001144409179688
54.49999237060546875
55.00000000000000000
55.49993133544921875
55.99998855590820312
56.50001525878906250
57.00006103515625000
57.50001144409179688
58.00004196166992188
58.50002670288085938
58.99999618530273438
59.50006103515625000
60.00000000000000000
60.49999618530273438
60.99998855590820312
61.50000000000000000
61.99996566772460938
62.50000762939453125
63.00001525878906250
63.49995803833007812
63.99998855590820312
64.49996185302734375
65.00001525878906250
65.49994659423828125
65.99998474121093750
66.50001525878906250
67.00001525878906250
67.49996948242187500
67.99999237060546875
68.50001525878906250
68.99995422363281250
69.49994659423828125
70.00002288818359375
70.50000762939453125
70.99999237060546875
71.50003051757812500
72.00005340576171875
72.49993133544921875
73.00006866455078125
73.50006866455078125
74.00011444091796875
74.50004577636718750
74.99996948242187500
75.49994659423828125
76.00004577636718750
76.50009155273437500
76.99990081787109375
77.49995422363281250
78.00004577636718750
78.49998474121093750
79.00001525878906250
79.49999237060546875
80.00002288818359375
80.49989318847656250
81.00008392333984375
81.50005340576171875
81.99998474121093750
82.50003814697265625
82.99994659423828125
83.50003051757812500
84.00000762939453125
84.49992370605468750
84.99999237060546875
85.50012969970703125
85.99982452392578125
86.50008392333984375
87.00000762939453125
87.50000762939453125
88.00003051757812500
88.50009918212890625
89.00002288818359375
89.49999237060546875
90.00006103515625000
90.49990081787109375
91.00005340576171875
91.50003051757812500
91.99988555908203125
92.50009918212890625
93.00009918212890625
93.49995422363281250
94.00006866455078125
94.50000762939453125
95.00003814697265625
95.49989318847656250
95.99996948242187500
96.50016021728515625
96.99995422363281250
97.49980926513671875
97.99999237060546875
98.50006103515625000
99.00003051757812500
99.49996185302734375
