0.00000000000000000
10.00000095367431641
19.99999237060546875
29.99998474121093750
40.00001907348632812
50.00002670288085938
60.00002288818359375
70.00004577636718750
80.00002288818359375
89.99999237060546875
100.00016021728515625
109.99999237060546875
120.00001525878906250
130.00024414062500000
140.00019836425781250
150.00012207031250000
159.99987792968750000
170.00010681152343750
179.99977111816406250
190.00015258789062500
200.00010681152343750
209.99964904785156250
219.99995422363281250
229.99967956542968750
239.99955749511718750
249.99957275390625000
260.00003051757812500
270.00067138671875000
280.00036621093750000
290.00021362304687500
299.99972534179687500
310.00082397460937500
320.00015258789062500
330.00000000000000000
340.00021362304687500
349.99963378906250000
360.00030517578125000
370.00048828125000000
379.99990844726562500
389.99954223632812500
399.99996948242187500
409.99954223632812500
419.99996948242187500
430.00006103515625000
440.00021362304687500
450.00103759765625000
459.99990844726562500
470.00003051757812500
479.99847412109375000
490.00115966796875000
499.99942016601562500
510.00088500976562500
519.99938964843750000
530.00024414062500000
540.00048828125000000
550.00079345703125000
560.00158691406250000
570.00311279296875000
580.00067138671875000
590.00109863281250000
599.99932861328125000
610.00207519531250000
619.99963378906250000
630.00177001953125000
640.00012207031250000
650.00024414062500000
660.00097656250000000
669.99987792968750000
680.00122070312500000
690.00079345703125000
699.99957275390625000
710.00036621093750000
719.99853515625000000
729.99816894531250000
740.00012207031250000
749.99981689453125000
760.00225830078125000
769.99780273437500000
779.99865722656250000
790.00262451171875000
800.00036621093750000
810.00231933593750000
819.99914550781250000
830.00061035156250000
840.00335693359375000
850.00195312500000000
860.00018310546875000
869.99890136718750000
879.99731445312500000
889.99798583984375000
900.00006103515625000
909.99969482421875000
919.99731445312500000
930.00079345703125000
939.99841308593750000
949.99768066406250000
959.99993896484375000
969.99584960937500000
980.00000000000000000
989.99383544921875000
999.99993896484375000
1009.99926757812500000
1019.99896240234375000
1030.00097656250000000
1039.99865722656250000
1049.99731445312500000
1059.99328613281250000
1070.00000000000000000
1079.99597167968750000
1089.99755859375000000
1100.00061035156250000
1110.00305175781250000
1119.99780273437500000
1129.99914550781250000
1140.00561523437500000
1150.00219726562500000
1159.99829101562500000
1170.00305175781250000
1179.99548339843750000
1189.99694824218750000
1199.99255371093750000
1210.00415039062500000
1219.99597167968750000
1229.99841308593750000
1240.00146484375000000
1249.99816894531250000
1260.00292968750000000
1270.00073242187500000
1279.99633789062500000
1290.00598144531250000
1299.99719238281250000
1310.00231933593750000
1320.00354003906250000
1329.98803710937500000
1340.00427246093750000
1350.00524902343750000
1360.00292968750000000
1370.01037597656250000
1380.00671386718750000
1390.00354003906250000
1400.00732421875000000
1409.99792480468750000
1420.00195312500000000
1429.99816894531250000
1439.99829101562500000
1450.00158691406250000
1459.99255371093750000
1469.99340820312500000
1479.99096679687500000
1490.00134277343750000
1499.99731445312500000
1510.00000000000000000
1520.00134277343750000
1530.00476074218750000
1540.00817871093750000
1549.99816894531250000
1560.00952148437500000
1569.99487304687500000
1580.00756835937500000
1589.99108886718750000
1600.00158691406250000
1610.00036621093750000
1619.99768066406250000
1629.99133300781250000
1639.99780273437500000
1649.99060058593750000
1659.99243164062500000
1669.99243164062500000
1680.00659179687500000
1689.99816894531250000
1699.99133300781250000
1709.99475097656250000
1719.99572753906250000
1730.00207519531250000
1740.00390625000000000
1750.00646972656250000
1760.00488281250000000
1770.00842285156250000
1779.99768066406250000
1790.00939941406250000
1800.00561523437500000
1809.99279785156250000
1820.00561523437500000
1830.00268554687500000
1840.00598144531250000
1850.00280761718750000
1860.00256347656250000
1869.99926757812500000
1880.00891113281250000
1889.99902343750000000
1900.01354980468750000
1910.00366210937500000
1920.00366210937500000
1929.99987792968750000
1939.99829101562500000
1949.99621582031250000
1960.00549316406250000
1970.00207519531250000
1980.00061035156250000
1989.99780273437500000
1999.99584960937500000
2009.99975585937500000
2019.99108886718750000
2030.00341796875000000
2039.99560546875000000
2049.99560546875000000
2059.99829101562500000
2069.99975585937500000
2079.99902343750000000
2090.00415039062500000
2100.00073242187500000
2110.01489257812500000
2120.00219726562500000
2129.99462890625000000
2140.00952148437500000
2149.99755859375000000
2160.00781250000000000
2170.00463867187500000
2180.00268554687500000
2189.99560546875000000
2200.01245117187500000
2210.00781250000000000
2220.00756835937500000
2229.99926757812500000
2240.00708007812500000
2249.99462890625000000
2260.00903320312500000
2270.00073242187500000
2279.98730468750000000
2290.00146484375000000
2300.00976562500000000
2309.99975585937500000
2320.00219726562500000
2329.99804687500000000
2340.00292968750000000
2350.00073242187500000
2360.00048828125000000
2369.99023437500000000
2380.00317382812500000
2389.99536132812500000
2399.99267578125000000
2410.01611328125000000
2420.00366210937500000
2429.99414062500000000
2440.00219726562500000
2450.00122070312500000
2459.98925781250000000
2470.00390625000000000
2479.99438476562500000
2490.00341796875000000
2499.99780273437500000
2510.02075195312500000
2519.99584960937500000
2530.00341796875000000
2539.99169921875000000
2549.99072265625000000
2560.00097656250000000
2570.00659179687500000
2579.99682617187500000
2589.99267578125000000
2599.98266601562500000
2610.00000000000000000
2620.00830078125000000
2629.99145507812500000
2639.98388671875000000
2650.01293945312500000
2660.00439453125000000
2670.01464843750000000
2679.99609375000000000
2689.98925781250000000
2699.99438476562500000
2709.99072265625000000
2719.98364257812500000
2730.00292968750000000
2740.00024414062500000
2749.98754882812500000
2760.00537109375000000
2770.00366210937500000
2780.01928710937500000
2790.02539062500000000
2799.97631835937500000
2809.96850585937500000
2820.00708007812500000
2830.01660156250000000
2840.03613281250000000
2849.99560546875000000
2859.99023437500000000
2869.99975585937500000
2880.00463867187500000
2890.01464843750000000
2900.00097656250000000
2910.00292968750000000
2920.00390625000000000
2930.00170898437500000
2940.00415039062500000
2949.99707031250000000
2959.99218750000000000
2970.01391601562500000
2980.01806640625000000
2990.00659179687500000
2999.97412109375000000
3010.00854492187500000
3020.01049804687500000
3030.00024414062500000
3039.99804687500000000
3049.99682617187500000
3060.02368164062500000
3070.00781250000000000
3080.01245117187500000
3090.00317382812500000
3100.01684570312500000
3110.01318359375000000
3120.00585937500000000
3130.00244140625000000
3140.00024414062500000
3150.00244140625000000
3159.99975585937500000
3169.97631835937500000
3179.98974609375000000
3189.99023437500000000
3199.97778320312500000
3210.00805664062500000
3220.02246093750000000
3230.01196289062500000
3239.98706054687500000
3249.97094726562500000
3259.98999023437500000
3269.99755859375000000
3280.01342773437500000
3290.00146484375000000
3299.99731445312500000
3309.99487304687500000
3319.99365234375000000
3329.99438476562500000
3340.01367187500000000
3350.02319335937500000
3360.01367187500000000
3369.97924804687500000
3380.02124023437500000
3389.98876953125000000
3400.00878906250000000
3409.98388671875000000
3419.97509765625000000
3430.01098632812500000
3439.99926757812500000
3450.00512695312500000
3459.99584960937500000
3469.99462890625000000
3479.97900390625000000
3489.99438476562500000
3499.98779296875000000
3510.00561523437500000
3520.00195312500000000
3529.99047851562500000
3540.03564453125000000
3549.96655273437500000
3560.00341796875000000
3570.01440429687500000
3580.01318359375000000
3590.00219726562500000
3600.01928710937500000
3610.02709960937500000
3620.04223632812500000
3629.99316406250000000
3639.99145507812500000
3650.00146484375000000
3660.02636718750000000
3670.00878906250000000
3680.01611328125000000
3689.97778320312500000
3700.01293945312500000
3710.00268554687500000
3719.97900390625000000
3730.00219726562500000
3740.01562500000000000
3749.97802734375000000
3760.00903320312500000
3770.01391601562500000
3779.97534179687500000
3789.99658203125000000
3799.97241210937500000
3810.01904296875000000
3819.97485351562500000
3829.98315429687500000
3839.99658203125000000
3850.01269531250000000
3860.01000976562500000
3869.99438476562500000
3880.00878906250000000
3890.00585937500000000
3899.97729492187500000
3910.00195312500000000
3919.98388671875000000
3930.01953125000000000
3940.03735351562500000
3949.99829101562500000
3959.99902343750000000
3969.98095703125000000
3980.00756835937500000
3990.00708007812500000
3999.99536132812500000
4009.98999023437500000
4019.97998046875000000
4029.95825195312500000
4039.98754882812500000
4050.03955078125000000
4059.98559570312500000
4070.03710937500000000
4080.01147460937500000
4089.98388671875000000
4099.97509765625000000
4110.00634765625000000
4120.02783203125000000
4129.98925781250000000
4139.97216796875000000
4150.01123046875000000
4160.01708984375000000
4169.95898437500000000
4179.96923828125000000
4190.01367187500000000
4200.02197265625000000
4210.00244140625000000
4219.98730468750000000
4229.99707031250000000
4239.97509765625000000
4250.00537109375000000
4259.98974609375000000
4269.99609375000000000
4280.01416015625000000
4289.96093750000000000
4300.04882812500000000
4310.00439453125000000
4320.03125000000000000
4329.99511718750000000
4340.01025390625000000
4350.00732421875000000
4360.03369140625000000
4369.98730468750000000
4380.03417968750000000
4389.98681640625000000
4400.00878906250000000
4410.00878906250000000
4420.00146484375000000
4429.99023437500000000
4440.00195312500000000
4450.01953125000000000
4459.96582031250000000
4470.00781250000000000
4479.99902343750000000
4489.98144531250000000
4500.04052734375000000
4509.98730468750000000
4520.00927734375000000
4530.01513671875000000
4539.99121093750000000
4549.99755859375000000
4559.99365234375000000
4570.00830078125000000
4580.00195312500000000
4589.96533203125000000
4599.99462890625000000
4609.99414062500000000
4619.99853515625000000
4630.03222656250000000
4639.95312500000000000
4650.00634765625000000
4660.02441406250000000
4669.95898437500000000
4679.97460937500000000
4689.97363281250000000
4699.95605468750000000
4710.00927734375000000
4720.07177734375000000
4730.01318359375000000
4740.00927734375000000
4750.02001953125000000
4759.98291015625000000
4770.02734375000000000
4780.00390625000000000
4790.02197265625000000
4800.00048828125000000
4810.03369140625000000
4819.94824218750000000
4829.87988281250000000
4839.99072265625000000
4849.95507812500000000
4860.03271484375000000
4870.02734375000000000
4879.99462890625000000
4889.96142578125000000
4899.99560546875000000
4910.02685546875000000
4919.98876953125000000
4929.92187500000000000
4939.96533203125000000
4949.98632812500000000
4959.94335937500000000
4969.95214843750000000
4980.01171875000000000
4989.99414062500000000
5000.01464843750000000
5010.00830078125000000
5019.99853515625000000
5029.93798828125000000
5039.95312500000000000
5049.96337890625000000
5060.00048828125000000
5069.96386718750000000
5079.98583984375000000
5090.04492187500000000
5099.99023437500000000
5109.97949218750000000
5119.98437500000000000
5130.03564453125000000
5139.97070312500000000
5150.02929687500000000
5160.00390625000000000
5170.03955078125000000
5180.01416015625000000
5189.98632812500000000
5200.04492187500000000
5209.92382812500000000
5220.01416015625000000
5229.95263671875000000
5240.04248046875000000
5249.98242187500000000
5260.00097656250000000
5269.96435546875000000
5280.00537109375000000
5289.93017578125000000
5300.00976562500000000
5310.07910156250000000
5320.00146484375000000
5329.98193359375000000
5340.01269531250000000
5350.01806640625000000
5359.98437500000000000
5370.02197265625000000
5379.97802734375000000
5390.04980468750000000
5399.97314453125000000
5410.00927734375000000
5420.00488281250000000
5429.96972656250000000
5439.99511718750000000
5449.96484375000000000
5460.00537109375000000
5470.00927734375000000
5479.99462890625000000
5489.98291015625000000
5500.00097656250000000
5510.05859375000000000
5520.01660156250000000
5530.02832031250000000
5539.93554687500000000
5549.93066406250000000
5559.97216796875000000
5570.01513671875000000
5579.98242187500000000
5589.95947265625000000
5600.00683593750000000
5610.02832031250000000
5620.00781250000000000
5629.88427734375000000
5639.94775390625000000
5649.95703125000000000
5660.06152343750000000
5669.97851562500000000
5679.96728515625000000
5689.99218750000000000
5700.00976562500000000
5709.92480468750000000
5720.02587890625000000
5729.95898437500000000
5740.01806640625000000
5750.02392578125000000
5760.00292968750000000
5769.95654296875000000
5780.01806640625000000
5789.98486328125000000
5799.96728515625000000
5810.02832031250000000
5820.00830078125000000
5830.05615234375000000
5840.00048828125000000
5849.99755859375000000
5860.12353515625000000
5870.04882812500000000
5879.97509765625000000
5889.99755859375000000
5900.02343750000000000
5910.02978515625000000
5920.03515625000000000
5930.01708984375000000
5940.04248046875000000
5949.97998046875000000
5960.02441406250000000
5969.96093750000000000
5979.95361328125000000
5989.98388671875000000
6000.00146484375000000
6009.97363281250000000
6020.05761718750000000
6030.00634765625000000
6040.00195312500000000
6050.00097656250000000
6060.03076171875000000
6069.92529296875000000
6079.88134765625000000
6090.00488281250000000
6099.95800781250000000
6110.00341796875000000
6120.05126953125000000
6129.95996093750000000
6140.02001953125000000
6150.02294921875000000
6160.02099609375000000
6170.05859375000000000
6180.03320312500000000
6190.02832031250000000
6200.00341796875000000
6209.96875000000000000
6220.01953125000000000
6230.07128906250000000
6239.94775390625000000
6249.97705078125000000
6260.02050781250000000
6269.99853515625000000
6280.06640625000000000
6290.05126953125000000
6299.92187500000000000
6310.01708984375000000
6319.99511718750000000
6329.91992187500000000
6339.97656250000000000
6350.00292968750000000
6360.01660156250000000
6370.05371093750000000
6379.96728515625000000
6389.96484375000000000
6400.06054687500000000
6409.99902343750000000
6419.98583984375000000
6430.04248046875000000
6440.03076171875000000
6450.00634765625000000
6460.01464843750000000
6469.93212890625000000
6480.01904296875000000
6489.95117187500000000
6499.92578125000000000
6509.93701171875000000
6519.96679687500000000
6530.01025390625000000
6539.98388671875000000
6550.01562500000000000
6559.94433593750000000
6570.05419921875000000
6580.00097656250000000
6590.01074218750000000
6599.99609375000000000
6610.06250000000000000
6619.92285156250000000
6629.92626953125000000
6639.97070312500000000
6649.99560546875000000
6659.99169921875000000
6669.94726562500000000
6679.95410156250000000
6689.93164062500000000
6699.94873046875000000
6710.01904296875000000
6719.97851562500000000
6729.88232421875000000
6740.01904296875000000
6750.09521484375000000
6759.99072265625000000
6770.00830078125000000
6779.98486328125000000
6789.97851562500000000
6800.01904296875000000
6810.04003906250000000
6820.04638671875000000
6830.06201171875000000
6840.02294921875000000
6850.00830078125000000
6859.87304687500000000
6869.94287109375000000
6879.98730468750000000
6890.02294921875000000
6900.11572265625000000
6910.01464843750000000
6920.00537109375000000
6930.01562500000000000
6939.96386718750000000
6950.13330078125000000
6959.99707031250000000
6970.01660156250000000
6979.98730468750000000
6990.05322265625000000
7000.02832031250000000
7009.97216796875000000
7019.96923828125000000
7029.97265625000000000
7040.04443359375000000
7050.04785156250000000
7060.00781250000000000
7069.95751953125000000
7080.00341796875000000
7090.08935546875000000
7100.04980468750000000
7110.04736328125000000
7120.02197265625000000
7130.00537109375000000
7140.03759765625000000
7150.09326171875000000
7159.98437500000000000
7169.91699218750000000
7179.93896484375000000
7190.06835937500000000
7200.00927734375000000
7210.02343750000000000
7219.98876953125000000
7229.98876953125000000
7239.96240234375000000
7250.04833984375000000
7260.03564453125000000
7270.00537109375000000
7280.01513671875000000
7290.10693359375000000
7299.94873046875000000
7309.98535156250000000
7320.05761718750000000
7329.95556640625000000
7339.91503906250000000
7349.98388671875000000
7360.03076171875000000
7370.10058593750000000
7380.06347656250000000
7390.07910156250000000
7399.96777343750000000
7410.05615234375000000
7420.04589843750000000
7429.92626953125000000
7439.96630859375000000
7449.96386718750000000
7460.08544921875000000
7469.96875000000000000
7480.04199218750000000
7489.92236328125000000
7499.97949218750000000
7510.01562500000000000
7519.94970703125000000
7529.99951171875000000
7539.93017578125000000
7550.02832031250000000
7560.04003906250000000
7570.01464843750000000
7579.95849609375000000
7590.00634765625000000
7599.91943359375000000
7610.01269531250000000
7620.05322265625000000
7629.97119140625000000
7639.97949218750000000
7650.00878906250000000
7659.99023437500000000
7670.04248046875000000
7679.98046875000000000
7690.05029296875000000
7700.03320312500000000
7709.98437500000000000
7719.99462890625000000
7729.93847656250000000
7739.92382812500000000
7749.97070312500000000
7759.91259765625000000
7769.99072265625000000
7780.05810546875000000
7789.96337890625000000
7799.99072265625000000
7810.05126953125000000
7819.99951171875000000
7830.04150390625000000
7839.96533203125000000
7849.97851562500000000
7859.94335937500000000
7869.97558593750000000
7879.97119140625000000
7890.00341796875000000
7899.88427734375000000
7910.00146484375000000
7919.91259765625000000
7930.00781250000000000
7940.01123046875000000
7949.95068359375000000
7959.85693359375000000
7970.00781250000000000
7979.99804687500000000
7990.08642578125000000
7999.97216796875000000
8010.09423828125000000
8019.95947265625000000
8030.07080078125000000
8040.02392578125000000
8050.03955078125000000
8060.03710937500000000
8070.03515625000000000
8079.93652343750000000
8090.04248046875000000
8100.00341796875000000
8109.95849609375000000
8119.94287109375000000
8129.92187500000000000
8139.97119140625000000
8150.00341796875000000
8159.95800781250000000
8170.04248046875000000
8180.01269531250000000
8189.95068359375000000
8200.02246093750000000
8209.98535156250000000
8219.96582031250000000
8229.99023437500000000
8239.96386718750000000
8249.99414062500000000
8259.86914062500000000
8269.94531250000000000
8280.04980468750000000
8289.96875000000000000
8300.05761718750000000
8310.00781250000000000
8320.00585937500000000
8329.99023437500000000
8339.96875000000000000
8349.95410156250000000
8360.04492187500000000
8370.05078125000000000
8380.01269531250000000
8389.92871093750000000
8399.98339843750000000
8409.92968750000000000
8419.93750000000000000
8429.98925781250000000
8440.01757812500000000
8449.96679687500000000
8460.04003906250000000
8469.98828125000000000
8480.03515625000000000
8489.96484375000000000
8499.95800781250000000
8510.11230468750000000
8519.97460937500000000
8529.94042968750000000
8539.96679687500000000
8549.95117187500000000
8560.07226562500000000
8569.97460937500000000
8579.87597656250000000
8590.02343750000000000
8599.90722656250000000
8609.98437500000000000
8620.15917968750000000
8630.06250000000000000
8640.13183593750000000
8649.98437500000000000
8660.06933593750000000
8670.07421875000000000
8679.99121093750000000
8690.09179687500000000
8700.08886718750000000
8709.95019531250000000
8720.06250000000000000
8729.88281250000000000
8739.96484375000000000
8749.99316406250000000
8759.96875000000000000
8769.96386718750000000
8780.07910156250000000
8789.92285156250000000
8799.96582031250000000
8810.03125000000000000
8820.07812500000000000
8830.07421875000000000
8839.99902343750000000
8849.95019531250000000
8860.04199218750000000
8869.95898437500000000
8880.05078125000000000
8889.97753906250000000
8899.91308593750000000
8910.02539062500000000
8919.89843750000000000
8929.92773437500000000
8940.05761718750000000
8949.91796875000000000
8959.95117187500000000
8970.08398437500000000
8980.06054687500000000
8989.97949218750000000
9000.06933593750000000
9009.98632812500000000
9020.11132812500000000
9029.99023437500000000
9039.99609375000000000
9049.96191406250000000
9059.92968750000000000
9070.06640625000000000
9080.03222656250000000
9090.01855468750000000
9100.13183593750000000
9110.04296875000000000
9119.90234375000000000
9129.91796875000000000
9140.03808593750000000
9150.06542968750000000
9159.99218750000000000
9170.00292968750000000
9180.08886718750000000
9190.21972656250000000
9200.06054687500000000
9210.05859375000000000
9220.05761718750000000
9229.88281250000000000
9239.97265625000000000
9250.02246093750000000
9260.06250000000000000
9269.96875000000000000
9279.95898437500000000
9290.01464843750000000
9300.01660156250000000
9310.00683593750000000
9319.93945312500000000
9330.02929687500000000
9340.03515625000000000
9349.95800781250000000
9359.96191406250000000
9370.00976562500000000
9380.01757812500000000
9390.08203125000000000
9399.93359375000000000
9410.07421875000000000
9419.89550781250000000
9430.10546875000000000
9439.99218750000000000
9449.92480468750000000
9460.12207031250000000
9469.94335937500000000
9480.00585937500000000
9490.07910156250000000
9500.02050781250000000
9510.05078125000000000
9520.11035156250000000
9530.13574218750000000
9540.01660156250000000
9550.06933593750000000
9559.94531250000000000
9570.28320312500000000
9580.06933593750000000
9589.92871093750000000
9599.98242187500000000
9609.86425781250000000
9620.00976562500000000
9629.99316406250000000
9639.92578125000000000
9650.02929687500000000
9660.10546875000000000
9670.00488281250000000
9680.15332031250000000
9690.05664062500000000
9700.07128906250000000
9709.92578125000000000
9720.00488281250000000
9730.05957031250000000
9740.02050781250000000
9749.95605468750000000
9759.91113281250000000
9770.17578125000000000
9780.00683593750000000
9789.95996093750000000
9800.06347656250000000
9810.06347656250000000
9819.86621093750000000
9830.02636718750000000
9840.01171875000000000
9850.04980468750000000
9859.94042968750000000
9869.85253906250000000
9879.88183593750000000
9889.91015625000000000
9899.90917968750000000
9910.14843750000000000
9919.97558593750000000
9929.92382812500000000
9939.91210937500000000
9950.08984375000000000
9959.79199218750000000
9970.12695312500000000
9979.88867187500000000
9989.93945312500000000
