0.00000000000000000
0.50000000000000000
1.00000011920928955
1.50000023841857910
2.00000023841857910
2.49999976158142090
2.99999928474426270
3.49999880790710449
3.99999833106994629
4.49999809265136719
4.99999761581420898
5.49999713897705078
5.99999666213989258
6.49999618530273438
6.99999570846557617
7.49999523162841797
7.99999475479125977
8.49999618530273438
8.99999809265136719
9.50000000000000000
10.00000190734863281
10.50000381469726562
11.00000572204589844
11.50000762939453125
12.00000953674316406
12.50001144409179688
13.00001335144042969
13.50001525878906250
14.00001716613769531
14.50001907348632812
15.00002098083496094
15.50002288818359375
16.00002479553222656
16.50002670288085938
17.00002861022949219
17.50003051757812500
18.00003242492675781
18.50003433227539062
19.00003623962402344
19.50003814697265625
20.00004005432128906
20.50004196166992188
21.00004386901855469
21.50004577636718750
22.00004768371582031
22.50004959106445312
23.00005149841308594
23.50005340576171875
24.00005531311035156
24.50005722045898438
25.00005912780761719
25.50006103515625000
26.00006294250488281
26.50006484985351562
27.00006675720214844
27.50006866455078125
28.00007057189941406
28.50007247924804688
29.00007438659667969
29.50007629394531250
30.00007820129394531
30.50008010864257812
31.00008201599121094
31.50008392333984375
32.00008392333984375
32.50007629394531250
33.00006866455078125
33.50006103515625000
34.00005340576171875
34.50004577636718750
35.00003814697265625
35.50003051757812500
36.00002288818359375
36.50001525878906250
37.00000762939453125
37.50000000000000000
37.99999237060546875
38.49998474121093750
38.99997711181640625
39.49996948242187500
39.99996185302734375
40.49995422363281250
40.99994659423828125
41.49993896484375000
41.99993133544921875
42.49992370605468750
42.99991607666015625
43.49990844726562500
43.99990081787109375
44.49989318847656250
44.99988555908203125
45.49987792968750000
45.99987030029296875
46.49986267089843750
46.99985504150390625
47.49984741210937500
47.99983978271484375
48.49983215332031250
48.99982452392578125
49.49981689453125000
49.99980926513671875
50.49980163574218750
50.99979400634765625
51.49978637695312500
51.99977874755859375
52.49977111816406250
52.99976348876953125
53.49975585937500000
53.99974822998046875
54.49974060058593750
54.99973297119140625
55.49972534179687500
55.99971771240234375
56.49971008300781250
56.99970245361328125
57.49969482421875000
57.99968719482421875
58.49967956542968750
58.99967193603515625
59.49966430664062500
59.99965667724609375
60.49964904785156250
60.99964141845703125
61.49963378906250000
61.99962615966796875
62.49961853027343750
62.99961090087890625
63.49960327148437500
63.99959564208984375
64.49958801269531250
64.99958038330078125
65.49957275390625000
65.99956512451171875
66.49955749511718750
66.99954986572265625
67.49954223632812500
67.99953460693359375
68.49952697753906250
68.99951934814453125
69.49951171875000000
69.99950408935546875
70.49949645996093750
70.99948883056640625
71.49948120117187500
71.99947357177734375
72.49946594238281250
72.99945831298828125
73.49945068359375000
73.99944305419921875
74.49943542480468750
74.99942779541015625
75.49942016601562500
75.99941253662109375
76.49940490722656250
76.99939727783203125
77.49938964843750000
77.99938201904296875
78.49937438964843750
78.99936676025390625
79.49935913085937500
79.99935150146484375
80.49934387207031250
80.99933624267578125
81.49932861328125000
81.99932098388671875
82.49931335449218750
82.99930572509765625
83.49929809570312500
83.99929046630859375
84.49928283691406250
84.99927520751953125
85.49926757812500000
85.99925994873046875
86.49925231933593750
86.99924468994140625
87.49923706054687500
87.99922943115234375
88.49922180175781250
88.99921417236328125
89.49920654296875000
89.99919891357421875
90.49919128417968750
90.99918365478515625
91.49917602539062500
91.99916839599609375
92.49916076660156250
92.99915313720703125
93.49914550781250000
93.99913787841796875
94.49913024902343750
94.99912261962890625
95.49911499023437500
95.99910736083984375
96.49909973144531250
96.99909210205078125
97.49908447265625000
97.99907684326171875
98.49906921386718750
98.99906158447265625
99.49905395507812500
