-nan
0.00000011920928955
0.00000005960464466
0.00000015894571925
0.00000000000000022
0.00000009536743129
0.00000000000000044
0.00000006811959454
0.00000011920928911
0.00000010596381293
0.00000019073486293
0.00000008669766448
0.00000000000000089
0.00000007335956171
0.00000013623918679
0.00000006357828918
0.00000023841858066
0.00000022439395847
0.00000010596381471
0.00000000000000187
0.00000019073486524
0.00000000000000203
0.00000000000000210
0.00000033171280787
0.00000015894572162
0.00000015258789290
0.00000014671912792
0.00000021192762824
0.00000006811959162
0.00000013154128257
0.00000006357829025
0.00000006152737777
0.00000005960464222
0.00000011559688899
0.00000000000000167
0.00000000000000122
0.00000021192762508
0.00000010309992571
0.00000010038677015
0.00000009781275077
0.00000000000000071
0.00000018608279241
0.00000027247837747
0.00000000000000165
0.00000017339533219
0.00000000000000221
0.00000008292820390
0.00000000000000272
0.00000007947285674
0.00000015570193240
0.00000015258788721
0.00000000000000362
0.00000000000000383
0.00000014395084423
0.00000000000000421
0.00000006935812771
0.00000020435877752
0.00000006692451817
0.00000006577064741
0.00000012931177677
0.00000000000000521
0.00000006253601539
0.00000012305475601
0.00000006055074461
0.00000011920928378
0.00000011737529458
0.00000000000000603
0.00000011387156632
0.00000011219697213
0.00000011057094162
0.00000000000000650
0.00000010745625440
0.00000000000000671
0.00000010451224704
0.00000010309991918
0.00000010172525341
0.00000000000000711
0.00000000000000720
0.00000000000000729
0.00000019314923601
0.00000009536742418
0.00000000000000754
0.00000018608278582
0.00000009192040833
0.00000009082611759
0.00000000000000786
0.00000008871388197
0.00000008769418201
0.00000008669767320
0.00000025717059403
0.00000016954210891
0.00000008383950862
0.00000000000000834
0.00000016407300908
0.00000016232755168
0.00000008030940759
0.00000007947285111
0.00000015730711238
0.00000007785097331
0.00000007706458247
0.00000007629393650
0.00000000000000886
0.00000014959598012
0.00000000000000897
0.00000007335955378
0.00000014532180966
0.00000007197542922
0.00000007130276179
0.00000007064255117
0.00000006999443598
0.00000006935812280
0.00000027493314561
0.00000006811960342
0.00000020255028786
0.00000006692452291
0.00000019902767391
0.00000046039448802
0.00000000000000960
0.00000012931178135
0.00000000000000967
0.00000019073485357
0.00000018915853235
0.00000006253601096
0.00000018608280327
0.00000006152738511
0.00000000000000989
0.00000012110149057
0.00000006007398265
0.00000011920927956
0.00000011828517706
0.00000011737530944
0.00000000000000846
0.00000011559689480
0.00000011472772983
0.00000000000000700
0.00000011302806060
0.00000011219698446
0.00000011137802796
0.00000011057093009
0.00000010977545618
0.00000010899134618
0.00000021643672812
0.00000021491252541
0.00000032011445884
0.00000000000000257
0.00000010523303017
0.00000000000000175
0.00000010380128479
0.00000020619985316
0.00000010240797971
0.00000030517578144
0.00000020210316620
0.00000010038676959
0.00000009973064840
0.00000029724913629
0.00000009844379875
0.00000009781275240
0.00000000000000235
0.00000019314922594
0.00000009596722985
0.00000000000000338
0.00000009477509105
0.00000009419005998
0.00000000000000436
0.00000018608279812
0.00000000000000500
0.00000018384082677
0.00000000000000562
0.00000018165225667
0.00000009028869890
0.00000008975758924
0.00000000000000681
0.00000008871388279
0.00000008820108545
0.00000000000000768
0.00000008719307240
0.00000008669767336
0.00000017241570413
0.00000008572352528
0.00000008524464068
0.00000033908421070
0.00000000000000958
0.00000025151851087
0.00000008338137109
0.00000000000001035
0.00000008247995148
0.00000016407298982
0.00000000000001110
0.00000048698264099
0.00000000000001158
0.00000016061882042
0.00000023966685597
0.00000007947287199
0.00000007906107071
0.00000015730709099
0.00000007825021329
0.00000007785097780
0.00000007745579546
0.00000015412916881
0.00000015335465009
