-nan
0.00000005960464478
0.00000005960464466
0.00000007947285955
0.00000000000000022
0.00000009536743129
0.00000007947286014
0.00000006811959454
0.00000011920928999
0.00000021192762587
0.00000019073486364
0.00000000000000065
0.00000000000000089
0.00000014671912669
0.00000000000000127
0.00000000000000142
0.00000005960464322
0.00000033659093353
0.00000031789144058
0.00000010038677202
0.00000009536743359
0.00000018165224871
0.00000008669766723
0.00000008292820359
0.00000007947285748
0.00000000000000227
0.00000014671912328
0.00000007064253959
0.00000000000000241
0.00000000000000245
0.00000019073486577
0.00000000000000252
0.00000011920929210
0.00000023119377583
0.00000022439395847
0.00000010899134923
0.00000000000000079
0.00000020619985258
0.00000010038677015
0.00000009781275077
0.00000009536743093
0.00000000000000104
0.00000009082612402
0.00000008871388825
0.00000008669766707
0.00000008477104814
0.00000008292820390
0.00000016232754050
0.00000000000000296
0.00000007785096779
0.00000007629394190
0.00000007479798198
0.00000007335955897
0.00000014395083619
0.00000007064254617
0.00000013871625981
0.00000006811958946
0.00000006692450870
0.00000006577063761
0.00000012931176666
0.00000000000000521
0.00000000000000536
0.00000006152736975
0.00000006055075589
0.00000023841857333
0.00000000000000590
0.00000011559688081
0.00000022774311418
0.00000000000000627
0.00000000000000638
0.00000010899135694
0.00000032236878962
0.00000000000000671
0.00000020902450089
0.00000010309993301
0.00000010172525341
0.00000010038676304
0.00000009908303866
0.00000000000000729
0.00000038629844990
0.00000009536743910
0.00000000000000754
0.00000009304138910
0.00000000000000770
0.00000000000000778
0.00000008975757486
0.00000008871389783
0.00000008769418201
0.00000000000000807
0.00000008572352592
0.00000008477105856
0.00000008383949207
0.00000008292820977
0.00000000000000840
0.00000008116376314
0.00000024092825688
0.00000007947286829
0.00000007865354322
0.00000007785097331
0.00000015412919121
0.00000000000000881
0.00000000000000886
0.00000007479799452
0.00000007407178260
0.00000000000000902
0.00000000000000907
0.00000014395083110
0.00000014260551442
0.00000007064253275
0.00000006999445450
0.00000006935814140
0.00000006873329341
0.00000013623917867
0.00000006751677520
0.00000020077354977
0.00000013268511277
0.00000013154127547
0.00000013041701013
0.00000012931178135
0.00000006411254941
0.00000012715656581
0.00000025221137971
0.00000006253601096
0.00000000000000982
0.00000024610949115
0.00000006103516614
0.00000018165226067
0.00000012014793542
0.00000011920927956
0.00000011828519600
0.00000000000000896
0.00000011647929736
0.00000011559687887
0.00000011472772983
0.00000000000000700
0.00000011302806060
0.00000011219698446
0.00000011137801675
0.00000033171280056
0.00000032932637794
0.00000010899134618
0.00000010821836598
0.00000021491252541
0.00000010670482160
0.00000021192762330
0.00000021046605388
0.00000010451225560
0.00000010380128479
0.00000000000000096
0.00000010240798086
0.00000010172526061
0.00000000000000019
0.00000010038676959
0.00000000000000093
0.00000000000000129
0.00000000000000165
0.00000009781274840
0.00000009718973690
0.00000009657461702
0.00000009596722985
0.00000009536742827
0.00000018955017840
0.00000018838011592
0.00000000000000436
0.00000009304140140
0.00000009247750447
0.00000036768166946
0.00000018273999439
0.00000009082613129
0.00000009028869890
0.00000008975758924
0.00000008923269139
0.00000017742778690
0.00000017640217830
0.00000008769418234
0.00000026157924903
0.00000017339532202
0.00000008620785632
0.00000008572352528
0.00000008524462258
0.00000000000000932
0.00000008430269242
0.00000008383951018
0.00000016676271190
0.00000008292821178
0.00000016495989236
0.00000024610949016
0.00000024479341851
0.00000008116378295
0.00000000000001158
0.00000000000001182
0.00000015977790800
0.00000000000001229
0.00000007906107071
0.00000000000001275
0.00000000000001297
0.00000015570194240
0.00000007745576863
0.00000007706457759
0.00000007667734583
