-nan
0.00000000000000000
0.00000000000000011
0.00000000000000015
0.00000005960464500
0.00000000000000036
0.00000015894571985
0.00000006811959352
0.00000000000000044
0.00000010596381293
0.00000009536743200
0.00000000000000065
0.00000007947286059
0.00000014671912669
0.00000000000000127
0.00000012715657694
0.00000011920929111
0.00000011219698007
0.00000021192762409
0.00000020077354217
0.00000009536743359
0.00000018165224871
0.00000000000000210
0.00000008292819926
0.00000000000000222
0.00000000000000227
0.00000007335956512
0.00000007064253959
0.00000006811959644
0.00000019731192508
0.00000012715657303
0.00000012305475303
0.00000000000000255
0.00000000000000215
0.00000011219698007
0.00000010899135166
0.00000021192762666
0.00000000000000038
0.00000020077354030
0.00000019562550117
0.00000009536743235
0.00000000000000104
0.00000000000000135
0.00000000000000165
0.00000000000000194
0.00000000000000221
0.00000000000000247
0.00000016232754050
0.00000007947285674
0.00000015570192602
0.00000007629394872
0.00000007479798922
0.00000014671912177
0.00000014395084423
0.00000007064254617
0.00000013871625981
0.00000000000000457
0.00000006692450870
0.00000000000000490
0.00000006465589092
0.00000012715658073
0.00000012507203614
0.00000006152736975
0.00000012110149486
0.00000023841857333
0.00000011737530638
0.00000000000000603
0.00000000000000615
0.00000000000000627
0.00000011057094162
0.00000000000000650
0.00000021491251540
0.00000000000000671
0.00000031353675474
0.00000020619984528
0.00000030517577424
0.00000000000000711
0.00000000000000720
0.00000009781274311
0.00000019314923601
0.00000019073487074
0.00000018838011943
0.00000009304140435
0.00000009192042374
0.00000009082611759
0.00000008975759058
0.00000000000000793
0.00000017538838803
0.00000008669765705
0.00000017144705997
0.00000008477104214
0.00000008383949207
0.00000008292819309
0.00000008203649193
0.00000008116378008
0.00000016061882371
0.00000007947285111
0.00000015730709509
0.00000000000000870
0.00000007706459998
0.00000000000000881
0.00000000000000886
0.00000007479797668
0.00000007407180053
0.00000014671913462
0.00000014532180966
0.00000014395083110
0.00000000000000916
0.00000000000000921
0.00000013998888123
0.00000027743253771
0.00000000000000935
0.00000000000000939
0.00000000000000943
0.00000006692450396
0.00000000000000952
0.00000000000000956
0.00000006520849067
0.00000006465587622
0.00000000000000967
0.00000019073485357
0.00000006305283762
0.00000012507205128
0.00000000000000982
0.00000018458213561
0.00000018310545886
0.00000018165224082
0.00000000000000996
0.00000011920929954
0.00000000000000947
0.00000011737529152
0.00000023295860318
0.00000011559687887
0.00000011472774479
0.00000011387155317
0.00000011302807366
0.00000011219697234
0.00000022275605031
0.00000011057094038
0.00000021955091706
0.00000010899134618
0.00000021643672046
0.00000010745626441
0.00000042681927746
0.00000021192762843
0.00000010523302586
0.00000020902450595
0.00000000000000135
0.00000010309992514
0.00000000000000057
0.00000010172526061
0.00000020210316620
0.00000000000000056
0.00000009973064840
0.00000009908304715
0.00000029533139956
0.00000009781275240
0.00000000000000235
0.00000000000000270
0.00000000000000304
0.00000009536742827
0.00000009477508364
0.00000009419005998
0.00000000000000436
0.00000009304140140
0.00000018495502393
0.00000018384083739
0.00000018273999439
0.00000009082611945
0.00000018057737913
0.00000000000000652
0.00000008923269139
0.00000008871388279
0.00000008820108545
0.00000008769418234
0.00000017438615276
0.00000008669765689
0.00000000000000851
0.00000008572354284
0.00000008524464068
0.00000000000000932
0.00000008430271158
0.00000008383951018
0.00000016676273209
0.00000000000001035
0.00000008247995148
0.00000008203651119
0.00000008159781357
0.00000008116376027
0.00000016146867891
0.00000024092823654
0.00000031955580394
0.00000007947287199
0.00000007906107071
0.00000000000001275
0.00000000000001297
0.00000007785097780
0.00000023236733271
0.00000023119378731
0.00000007667734583
