-nan
0.00000000000000000
0.00000000000000011
0.00000007947285955
0.00000011920928933
0.00000009536743129
0.00000015894571896
0.00000013623918755
0.00000011920928911
0.00000021192762587
0.00000009536743200
0.00000008669766577
0.00000015894572029
0.00000007335956171
0.00000006811959276
0.00000006357828634
0.00000005960464322
0.00000000000000167
0.00000010596381471
0.00000010038676828
0.00000009536742969
0.00000009082612334
0.00000000000000210
0.00000008292820359
0.00000023841858132
0.00000007629394304
0.00000007335956048
0.00000000000000237
0.00000013623918565
0.00000000000000245
0.00000000000000249
0.00000006152737273
0.00000011920929210
0.00000000000000215
0.00000011219697673
0.00000000000000122
0.00000010596381372
0.00000020619985181
0.00000000000000000
0.00000019562550044
0.00000028610229421
0.00000009304139568
0.00000018165224939
0.00000008871388825
0.00000000000000194
0.00000016954209848
0.00000016585640532
0.00000016232754050
0.00000007947285674
0.00000015570192602
0.00000022888183935
0.00000007479798922
0.00000000000000383
0.00000007197541608
0.00000007064254617
0.00000034679065612
0.00000006811958946
0.00000013384902213
0.00000006577064741
0.00000000000000506
0.00000006357829297
0.00000006253601539
0.00000006152736975
0.00000000000000564
0.00000005960465055
0.00000011737530638
0.00000011559688081
0.00000011387156632
0.00000011219697213
0.00000011057092885
0.00000010899134395
0.00000000000000661
0.00000010596380622
0.00000010451226067
0.00000000000000691
0.00000010172526743
0.00000010038676304
0.00000009908305306
0.00000000000000729
0.00000019314922126
0.00000000000000746
0.00000009419006349
0.00000000000000763
0.00000018384082437
0.00000018165225853
0.00000008975759058
0.00000000000000793
0.00000008769418201
0.00000000000000807
0.00000000000000814
0.00000008477105856
0.00000008383950862
0.00000000000000834
0.00000008203650874
0.00000008116376314
0.00000000000000853
0.00000000000000859
0.00000007865354322
0.00000015570192051
0.00000015412917369
0.00000000000000881
0.00000015107712829
0.00000007479799452
0.00000022221536573
0.00000007335957182
0.00000014532180966
0.00000007197541099
0.00000000000000916
0.00000007064253275
0.00000006999443598
0.00000013871625490
0.00000013746655878
0.00000000000000939
0.00000006751677520
0.00000000000000947
0.00000006634257066
0.00000000000000956
0.00000013041699094
0.00000012931178135
0.00000006411254941
0.00000006357829747
0.00000012610568498
0.00000012507205128
0.00000006202760764
0.00000000000000986
0.00000006103516614
0.00000000000000993
0.00000000000000996
0.00000005960465477
0.00000023657038254
0.00000011737529152
0.00000023295860318
0.00000011559687887
0.00000011472774479
0.00000011387156717
0.00000000000000653
0.00000011219697234
0.00000011137801675
0.00000000000000515
0.00000000000000470
0.00000000000000426
0.00000010821835832
0.00000010745625760
0.00000021340964022
0.00000010596381037
0.00000010523302586
0.00000010451225560
0.00000031140385977
0.00000000000000096
0.00000010240797971
0.00000010172526023
0.00000010105158338
0.00000000000000056
0.00000019946129401
0.00000000000000129
0.00000009844379875
0.00000019562549880
0.00000009718974160
0.00000009657461162
0.00000019193445666
0.00000009536743502
0.00000028432526574
0.00000018838011592
0.00000028083661287
0.00000009304140140
0.00000000000000500
0.00000000000000531
0.00000000000000562
0.00000000000000592
0.00000018057739158
0.00000008975757620
0.00000008923269139
0.00000000000000711
0.00000008820110024
0.00000000000000768
0.00000008719307240
0.00000008669767336
0.00000008620785632
0.00000017144705934
0.00000008524464068
0.00000008477105966
0.00000008430271158
0.00000000000000984
0.00000008338137109
0.00000000000001035
0.00000000000001060
0.00000000000001085
0.00000024479341851
0.00000016232753188
0.00000008073432208
0.00000016061882042
0.00000015977788389
0.00000007947287199
0.00000000000001252
0.00000007865356461
0.00000007825018735
0.00000007785097780
0.00000015491157750
0.00000007706460486
0.00000007667734583
