-nan
0.00000005960464478
0.00000005960464466
0.00000000000000015
0.00000005960464500
0.00000000000000036
0.00000007947285926
0.00000000000000051
0.00000017881393477
0.00000010596381293
0.00000019073486293
0.00000008669766577
0.00000015894571851
0.00000014671912669
0.00000006811959276
0.00000000000000142
0.00000011920929111
0.00000011219697673
0.00000010596381116
0.00000000000000187
0.00000009536743359
0.00000000000000203
0.00000017339533236
0.00000000000000216
0.00000007947286192
0.00000000000000227
0.00000000000000232
0.00000014128508154
0.00000020435878450
0.00000000000000245
0.00000006357829025
0.00000006152737273
0.00000023841858166
0.00000011559688899
0.00000011219697673
0.00000000000000122
0.00000010596381214
0.00000000000000038
0.00000030116031044
0.00000000000000036
0.00000000000000071
0.00000009304139568
0.00000009082612402
0.00000008871389155
0.00000017339532832
0.00000016954210291
0.00000016585640038
0.00000016232754050
0.00000000000000296
0.00000000000000319
0.00000007629394190
0.00000014959597482
0.00000014671912943
0.00000007197542413
0.00000007064254617
0.00000013871626860
0.00000006811958946
0.00000013384902213
0.00000000000000490
0.00000012931176666
0.00000006357828255
0.00000012507203614
0.00000000000000550
0.00000018165224510
0.00000011920928378
0.00000011737530638
0.00000000000000603
0.00000011387156632
0.00000011219698467
0.00000011057094162
0.00000010899135694
0.00000000000000661
0.00000000000000671
0.00000010451224704
0.00000010309991918
0.00000020345052784
0.00000010038676304
0.00000000000000720
0.00000009781274311
0.00000019314923601
0.00000000000000746
0.00000000000000754
0.00000009304138910
0.00000018384082437
0.00000009082611759
0.00000008975757486
0.00000000000000793
0.00000017538838803
0.00000000000000807
0.00000025717059403
0.00000016954209248
0.00000008383950862
0.00000024878461262
0.00000024610950941
0.00000008116378008
0.00000016061882371
0.00000015894572799
0.00000015730711238
0.00000000000000870
0.00000007706459998
0.00000007629393650
0.00000000000000886
0.00000007479799452
0.00000007407178260
0.00000007335955378
0.00000014532179153
0.00000014395083110
0.00000007130276179
0.00000007064255117
0.00000006999445450
0.00000020807440561
0.00000006873329341
0.00000006811958464
0.00000013503352209
0.00000006692450396
0.00000000000000952
0.00000013154127547
0.00000013041699094
0.00000006465589549
0.00000000000000967
0.00000012715658523
0.00000006305283762
0.00000006253601096
0.00000018608278362
0.00000000000000986
0.00000012207030261
0.00000006055076017
0.00000012014793542
0.00000005960465477
0.00000011828519600
0.00000023475059200
0.00000011647929736
0.00000011559687887
0.00000022945546714
0.00000011387156717
0.00000011302806060
0.00000022439396286
0.00000022275605031
0.00000000000000515
0.00000010977545618
0.00000021798269663
0.00000010821836598
0.00000010745626441
0.00000021340964022
0.00000010596381037
0.00000010523302586
0.00000000000000175
0.00000020760257093
0.00000020619985124
0.00000020481596000
0.00000010172526061
0.00000000000000019
0.00000010038677071
0.00000009973064654
0.00000000000000129
0.00000019688759916
0.00000009781275240
0.00000029156922011
0.00000009657461702
0.00000000000000304
0.00000000000000338
0.00000000000000371
0.00000009419005191
0.00000009361220720
0.00000018608278877
0.00000018495502393
0.00000000000000531
0.00000018273999439
0.00000000000000592
0.00000009028869890
0.00000017951517196
0.00000000000000681
0.00000008871388279
0.00000008820108545
0.00000017538837235
0.00000008719308832
0.00000008669765689
0.00000017241570413
0.00000017144707690
0.00000025573388585
0.00000008477104103
0.00000016860539443
0.00000008383949051
0.00000016676273209
0.00000016585639250
0.00000008247995148
0.00000016407298982
0.00000024479341851
0.00000000000001134
0.00000000000001158
0.00000008030940430
0.00000023966683186
0.00000015894573169
0.00000000000001252
0.00000000000001275
0.00000007825018735
0.00000007785097780
0.00000000000001342
0.00000000000001364
0.00000000000001385
