-nan
0.00000011920928955
0.00000000000000011
0.00000007947285985
0.00000005960464500
0.00000009536743129
0.00000015894571985
0.00000000000000051
0.00000000000000044
0.00000010596381293
0.00000000000000036
0.00000000000000065
0.00000007947286059
0.00000007335956389
0.00000006811959530
0.00000012715657410
0.00000011920929111
0.00000011219697673
0.00000000000000178
0.00000020077354217
0.00000009536742969
0.00000000000000203
0.00000008669766723
0.00000000000000216
0.00000000000000222
0.00000000000000227
0.00000000000000232
0.00000007064254432
0.00000000000000241
0.00000006577064496
0.00000000000000249
0.00000000000000252
0.00000005960464222
0.00000023119377152
0.00000022439395513
0.00000010899135166
0.00000021192762666
0.00000000000000038
0.00000000000000000
0.00000009781275077
0.00000009536743093
0.00000018608279241
0.00000018165225210
0.00000000000000165
0.00000000000000194
0.00000000000000221
0.00000000000000247
0.00000000000000272
0.00000007947286266
0.00000000000000319
0.00000000000000341
0.00000000000000362
0.00000000000000383
0.00000007197542413
0.00000000000000421
0.00000006935813649
0.00000000000000457
0.00000013384903160
0.00000019731193243
0.00000000000000506
0.00000006357828255
0.00000000000000536
0.00000006152738075
0.00000006055074461
0.00000005960465055
0.00000023475059506
0.00000023119377970
0.00000011387156632
0.00000011219697213
0.00000000000000638
0.00000032697404484
0.00000010745625440
0.00000010596381964
0.00000010451224704
0.00000010309991918
0.00000020345052784
0.00000010038677725
0.00000019816608452
0.00000009781275769
0.00000009657460694
0.00000000000000746
0.00000009419004840
0.00000000000000763
0.00000000000000770
0.00000000000000778
0.00000008975757486
0.00000017742777186
0.00000000000000800
0.00000026009298731
0.00000008572352592
0.00000008477104214
0.00000008383949207
0.00000016585641119
0.00000008203649193
0.00000016232753475
0.00000000000000853
0.00000000000000859
0.00000000000000864
0.00000015570192051
0.00000007706458247
0.00000007629395412
0.00000015107712829
0.00000000000000892
0.00000022221536573
0.00000007335955378
0.00000000000000907
0.00000021592625120
0.00000000000000916
0.00000021192763508
0.00000000000000926
0.00000013871627351
0.00000013746655878
0.00000006811958464
0.00000000000000943
0.00000000000000947
0.00000006634257066
0.00000006577063296
0.00000013041701013
0.00000006465587622
0.00000006411254941
0.00000012715656581
0.00000006305283762
0.00000018760807203
0.00000000000000982
0.00000006152738511
0.00000012207032239
0.00000006055076017
0.00000006007396273
0.00000011920929954
0.00000011828517706
0.00000011737530944
0.00000023295862010
0.00000023119378164
0.00000011472774479
0.00000011387156717
0.00000011302806060
0.00000000000000606
0.00000022275603911
0.00000000000000515
0.00000010977545618
0.00000010899135471
0.00000021643672046
0.00000010745625760
0.00000021340963426
0.00000010596381037
0.00000010523302586
0.00000031353675981
0.00000000000000135
0.00000000000000096
0.00000020481596000
0.00000010172526061
0.00000000000000019
0.00000010038677071
0.00000009973064840
0.00000009908304457
0.00000009844380205
0.00000009781274840
0.00000009718974160
0.00000009657461702
0.00000000000000304
0.00000009536743502
0.00000018955017840
0.00000009419005191
0.00000028083661287
0.00000009304140140
0.00000018495502393
0.00000000000000531
0.00000000000000562
0.00000009082611945
0.00000000000000622
0.00000000000000652
0.00000017846537597
0.00000026614167680
0.00000008820108545
0.00000008769419769
0.00000008719307240
0.00000000000000824
0.00000008620783930
0.00000008572354284
0.00000000000000905
0.00000008477104103
0.00000000000000958
0.00000008383951018
0.00000016676273209
0.00000016585639250
0.00000024743983324
0.00000000000001085
0.00000000000001110
0.00000016232753188
0.00000000000001158
0.00000016061884405
0.00000015977790800
0.00000000000001229
0.00000015812215393
0.00000007865356461
0.00000023475061393
0.00000007785097780
0.00000015491157750
0.00000007706460486
0.00000015335467780
