-nan
0.00000000000000000
0.00000005960464466
0.00000007947285985
0.00000005960464500
0.00000019073486293
0.00000007947285926
0.00000006811959352
0.00000000000000044
0.00000000000000000
0.00000000000000036
0.00000008669766577
0.00000007947286059
0.00000000000000109
0.00000020435878082
0.00000000000000142
0.00000000000000155
0.00000000000000167
0.00000010596381116
0.00000020077354217
0.00000000000000195
0.00000009082612740
0.00000000000000210
0.00000016585640502
0.00000007947286192
0.00000000000000227
0.00000007335956512
0.00000007064253959
0.00000000000000241
0.00000006577064006
0.00000006357829025
0.00000012305475303
0.00000000000000255
0.00000000000000215
0.00000000000000167
0.00000010899134923
0.00000000000000079
0.00000010309992648
0.00000010038677015
0.00000009781275004
0.00000000000000071
0.00000009304139568
0.00000009082612673
0.00000017742777814
0.00000000000000194
0.00000000000000221
0.00000008292820390
0.00000008116376889
0.00000007947285674
0.00000007785096141
0.00000015258788721
0.00000000000000362
0.00000007335955897
0.00000007197542413
0.00000000000000421
0.00000006935813649
0.00000013623918349
0.00000013384902213
0.00000006577063761
0.00000019396766263
0.00000006357828255
0.00000012507203614
0.00000006152738075
0.00000018165224510
0.00000005960465055
0.00000011737530638
0.00000023119376765
0.00000022774311418
0.00000011219697213
0.00000011057094162
0.00000010899135694
0.00000000000000661
0.00000000000000671
0.00000010451226067
0.00000000000000691
0.00000010172525341
0.00000000000000711
0.00000000000000720
0.00000009781275769
0.00000009657462169
0.00000009536742418
0.00000018838011943
0.00000018608280107
0.00000000000000770
0.00000000000000778
0.00000000000000786
0.00000008871388197
0.00000000000000800
0.00000008669767320
0.00000000000000814
0.00000008477104214
0.00000008383949207
0.00000016585639451
0.00000008203649193
0.00000008116376314
0.00000016061882371
0.00000000000000859
0.00000000000000864
0.00000015570193791
0.00000007706458247
0.00000015258789944
0.00000007553856858
0.00000007479799452
0.00000000000000897
0.00000000000000902
0.00000000000000907
0.00000007197541099
0.00000000000000916
0.00000000000000921
0.00000006999445450
0.00000006935812280
0.00000006873327472
0.00000000000000939
0.00000006751675633
0.00000000000000947
0.00000006634257066
0.00000026308256049
0.00000013041701013
0.00000012931178135
0.00000006411256876
0.00000006357829747
0.00000025221139921
0.00000000000000978
0.00000006202758799
0.00000006152736540
0.00000006103516614
0.00000006055076017
0.00000024029590071
0.00000011920927956
0.00000011828519600
0.00000023475060993
0.00000011647929736
0.00000023119376571
0.00000011472772983
0.00000011387156717
0.00000022605612773
0.00000011219697234
0.00000000000000560
0.00000011057094038
0.00000010977545618
0.00000021798270516
0.00000010821835832
0.00000010745625760
0.00000010670482160
0.00000000000000257
0.00000021046605388
0.00000000000000175
0.00000010380128479
0.00000010309992514
0.00000010240798086
0.00000000000000019
0.00000010105158301
0.00000010038676959
0.00000000000000093
0.00000009908304457
0.00000009844379875
0.00000009781275240
0.00000009718973690
0.00000000000000270
0.00000009596722377
0.00000019073485991
0.00000018955017098
0.00000009419005191
0.00000009361219848
0.00000000000000468
0.00000018495501394
0.00000009192042135
0.00000000000000562
0.00000000000000592
0.00000027086608426
0.00000017951517196
0.00000026769806054
0.00000008871389700
0.00000008820108545
0.00000000000000768
0.00000008719307240
0.00000017339533849
0.00000000000000851
0.00000000000000878
0.00000008524462258
0.00000000000000932
0.00000000000000958
0.00000016767901053
0.00000008338135090
0.00000016585641320
0.00000000000001060
0.00000024610951186
0.00000008159779138
0.00000024349130349
0.00000008073432208
0.00000008030942794
0.00000007988896002
0.00000007947287199
0.00000023718323716
0.00000007865356461
0.00000000000001297
0.00000007785095141
0.00000007745576863
0.00000000000001364
0.00000000000001385
