-nan
0.00000000000000000
0.00000000000000011
0.00000000000000015
0.00000005960464500
0.00000009536743129
0.00000000000000044
0.00000013623918857
0.00000005960464522
0.00000010596381293
0.00000009536743129
0.00000008669766577
0.00000007947286059
0.00000007335956389
0.00000000000000127
0.00000006357828634
0.00000011920929111
0.00000011219698007
0.00000010596381116
0.00000020077354217
0.00000009536743359
0.00000009082612740
0.00000026009299328
0.00000008292819926
0.00000007947286192
0.00000015258789290
0.00000000000000232
0.00000007064253959
0.00000006811959644
0.00000000000000245
0.00000006357829025
0.00000018458212323
0.00000011920929210
0.00000000000000215
0.00000000000000167
0.00000010899134923
0.00000000000000079
0.00000000000000038
0.00000000000000000
0.00000009781275004
0.00000009536743235
0.00000009304139568
0.00000000000000135
0.00000000000000165
0.00000026009299345
0.00000008477105256
0.00000008292819896
0.00000016232754594
0.00000007947286266
0.00000000000000319
0.00000007629394190
0.00000007479798922
0.00000007335956663
0.00000000000000402
0.00000007064254617
0.00000006935813649
0.00000000000000457
0.00000006692450870
0.00000000000000490
0.00000006465588080
0.00000000000000521
0.00000000000000536
0.00000000000000550
0.00000006055074461
0.00000005960465055
0.00000011737530638
0.00000011559689287
0.00000011387156632
0.00000000000000627
0.00000033171279932
0.00000021798270739
0.00000010745626761
0.00000000000000671
0.00000010451224704
0.00000000000000691
0.00000000000000701
0.00000000000000711
0.00000009908305306
0.00000000000000729
0.00000009657460694
0.00000000000000746
0.00000000000000754
0.00000037216557926
0.00000018384082437
0.00000000000000778
0.00000000000000786
0.00000008871388197
0.00000017538837202
0.00000008669765705
0.00000008572354220
0.00000008477105856
0.00000008383949207
0.00000024878461262
0.00000000000000840
0.00000016232755168
0.00000000000000853
0.00000015894571082
0.00000000000000864
0.00000007785095590
0.00000007706458247
0.00000007629393650
0.00000007553856858
0.00000022439394788
0.00000000000000897
0.00000007335957182
0.00000029064359212
0.00000007197542922
0.00000007130276179
0.00000000000000921
0.00000027997777171
0.00000000000000930
0.00000006873327472
0.00000013623919745
0.00000000000000943
0.00000000000000947
0.00000006634255163
0.00000006577065207
0.00000006520849067
0.00000000000000963
0.00000006411256876
0.00000000000000971
0.00000000000000975
0.00000012507203171
0.00000000000000982
0.00000000000000986
0.00000006103514636
0.00000012110149057
0.00000012014795533
0.00000005960465477
0.00000000000000947
0.00000023475059200
0.00000011647931428
0.00000011559687887
0.00000011472772983
0.00000000000000700
0.00000011302806060
0.00000000000000606
0.00000000000000560
0.00000011057093009
0.00000010977545618
0.00000010899135471
0.00000021643672046
0.00000021491252541
0.00000021340964022
0.00000000000000257
0.00000000000000216
0.00000000000000175
0.00000010380128749
0.00000000000000096
0.00000010240798086
0.00000000000000019
0.00000020210316620
0.00000000000000056
0.00000009973064840
0.00000009908304715
0.00000009844380205
0.00000019562550281
0.00000009718974160
0.00000000000000270
0.00000019193445666
0.00000009536743502
0.00000009477508364
0.00000009419005998
0.00000018722441003
0.00000018608279812
0.00000009247751447
0.00000009192041073
0.00000009137000000
0.00000000000000592
0.00000009028869890
0.00000008975758924
0.00000017846536234
0.00000017742777269
0.00000000000000739
0.00000008769419769
0.00000008719307240
0.00000017339533849
0.00000017241570413
0.00000017144705934
0.00000000000000905
0.00000016954211001
0.00000000000000958
0.00000000000000984
0.00000008338135090
0.00000008292819108
0.00000000000001060
0.00000016407301152
0.00000008159781357
0.00000000000001134
0.00000008073434524
0.00000016061884405
0.00000015977790800
0.00000000000001229
0.00000000000001252
0.00000007865356461
0.00000023475058799
0.00000015570194240
0.00000000000001342
0.00000007706457759
0.00000007667734583
