-nan
0.00000005960464478
0.00000011920928944
0.00000007947285985
0.00000011920928933
0.00000009536743129
0.00000007947285926
0.00000006811959352
0.00000011920928911
0.00000000000000000
0.00000009536743129
0.00000008669766448
0.00000000000000089
0.00000000000000109
0.00000006811959530
0.00000006357828634
0.00000011920929111
0.00000022439395513
0.00000010596381116
0.00000000000000187
0.00000009536743359
0.00000000000000203
0.00000008669766303
0.00000016585640502
0.00000000000000222
0.00000015258788835
0.00000007335956048
0.00000007064253959
0.00000000000000241
0.00000006577064496
0.00000006357829025
0.00000000000000252
0.00000011920929210
0.00000011559688899
0.00000011219697673
0.00000000000000122
0.00000000000000079
0.00000020619985258
0.00000010038677015
0.00000019562550044
0.00000019073486399
0.00000009304139568
0.00000009082612402
0.00000017742778145
0.00000000000000194
0.00000008477105256
0.00000000000000247
0.00000008116376889
0.00000007947285674
0.00000015570192602
0.00000000000000341
0.00000000000000362
0.00000007335955897
0.00000014395084423
0.00000000000000421
0.00000006935812771
0.00000006811958946
0.00000006692450870
0.00000000000000490
0.00000006465589092
0.00000012715657031
0.00000006253601539
0.00000006152736975
0.00000000000000564
0.00000023841857333
0.00000011737529458
0.00000000000000603
0.00000022774311418
0.00000011219698467
0.00000000000000638
0.00000021798270739
0.00000010745625440
0.00000010596380622
0.00000031353675474
0.00000010309991918
0.00000020345052784
0.00000000000000711
0.00000019816608452
0.00000019562549351
0.00000000000000738
0.00000019073487074
0.00000009419006349
0.00000009304138910
0.00000027576125582
0.00000009082611759
0.00000008975757486
0.00000008871388197
0.00000008769418201
0.00000008669765705
0.00000017144707626
0.00000008477105856
0.00000000000000828
0.00000000000000834
0.00000008203649193
0.00000008116376314
0.00000000000000853
0.00000000000000859
0.00000015730709509
0.00000015570192051
0.00000000000000876
0.00000007629393650
0.00000015107712829
0.00000014959596228
0.00000014814359210
0.00000000000000902
0.00000000000000907
0.00000007197541099
0.00000014260549609
0.00000007064255117
0.00000000000000926
0.00000000000000930
0.00000013746657748
0.00000000000000939
0.00000013503354096
0.00000006692450396
0.00000000000000952
0.00000019731191798
0.00000006520850986
0.00000000000000963
0.00000006411254941
0.00000012715658523
0.00000000000000975
0.00000012507203171
0.00000006202760764
0.00000012305476036
0.00000006103516614
0.00000012110149057
0.00000006007396273
0.00000005960465477
0.00000000000000947
0.00000023475060993
0.00000011647931428
0.00000000000000797
0.00000011472772983
0.00000022774312734
0.00000011302807366
0.00000000000000606
0.00000011137802796
0.00000000000000515
0.00000010977545618
0.00000021798269663
0.00000000000000383
0.00000010745626441
0.00000010670482160
0.00000010596381550
0.00000010523302586
0.00000031353675981
0.00000000000000135
0.00000010309992706
0.00000010240798086
0.00000030517578144
0.00000020210316620
0.00000030116031101
0.00000009973064654
0.00000019816609043
0.00000000000000165
0.00000009781275240
0.00000000000000235
0.00000009657461162
0.00000019193445666
0.00000019073485991
0.00000000000000371
0.00000018838011592
0.00000009361220720
0.00000009304140140
0.00000018495501394
0.00000009192041073
0.00000009137000000
0.00000009082611945
0.00000018057737913
0.00000008975757620
0.00000008923269139
0.00000008871388279
0.00000008820108545
0.00000017538838771
0.00000034877232939
0.00000008669765689
0.00000000000000851
0.00000008572354284
0.00000017048927232
0.00000025431314173
0.00000016860541358
0.00000016767901053
0.00000008338135090
0.00000016585641320
0.00000008247995148
0.00000008203651119
0.00000016319561604
0.00000032465507510
0.00000016146867891
0.00000000000001182
0.00000015977790800
0.00000007947284741
0.00000000000001252
0.00000007865353912
0.00000007825021329
0.00000000000001320
0.00000015491155067
0.00000007706460486
0.00000015335467780
