-nan
0.00000011920928955
0.00000000000000011
0.00000007947285955
0.00000000000000022
0.00000000000000036
0.00000000000000044
0.00000013623918857
0.00000005960464522
0.00000010596381293
0.00000009536743129
0.00000000000000065
0.00000007947285881
0.00000000000000109
0.00000013623918933
0.00000000000000142
0.00000011920929111
0.00000000000000167
0.00000000000000178
0.00000010038677202
0.00000009536742969
0.00000018165224871
0.00000008669766303
0.00000000000000216
0.00000000000000222
0.00000015258789290
0.00000000000000232
0.00000014128508628
0.00000000000000241
0.00000006577064006
0.00000000000000249
0.00000006152737777
0.00000011920928700
0.00000000000000215
0.00000000000000167
0.00000010899134923
0.00000000000000079
0.00000010309992571
0.00000000000000000
0.00000000000000036
0.00000009536743235
0.00000000000000104
0.00000009082612673
0.00000017742778145
0.00000000000000194
0.00000000000000221
0.00000000000000247
0.00000008116377433
0.00000007947285674
0.00000015570193240
0.00000015258788721
0.00000000000000362
0.00000007335956663
0.00000007197542413
0.00000000000000421
0.00000020807439191
0.00000006811959860
0.00000006692450870
0.00000006577063761
0.00000006465588080
0.00000012715658073
0.00000012507203614
0.00000006152738075
0.00000000000000564
0.00000011920928378
0.00000011737529458
0.00000011559688081
0.00000011387155402
0.00000000000000627
0.00000022114187686
0.00000010899135694
0.00000000000000661
0.00000010596381964
0.00000010451226067
0.00000020619984528
0.00000010172526743
0.00000010038676304
0.00000009908303866
0.00000009781274311
0.00000009657462169
0.00000000000000746
0.00000000000000754
0.00000009304138910
0.00000009192040833
0.00000009082613315
0.00000008975759058
0.00000008871389783
0.00000000000000800
0.00000017339533833
0.00000008572354220
0.00000016954209248
0.00000000000000828
0.00000008292820977
0.00000008203649193
0.00000008116376314
0.00000008030942464
0.00000007947285111
0.00000007865354322
0.00000007785097331
0.00000015412917369
0.00000007629395412
0.00000007553856858
0.00000000000000892
0.00000022221536573
0.00000007335955378
0.00000014532179153
0.00000000000000912
0.00000007130274346
0.00000014128509312
0.00000006999445450
0.00000006935814140
0.00000006873327472
0.00000013623917867
0.00000013503352209
0.00000006692450396
0.00000013268511277
0.00000000000000956
0.00000019562549121
0.00000006465587622
0.00000012822512785
0.00000006357829747
0.00000012610568498
0.00000006253603053
0.00000012405518581
0.00000000000000986
0.00000006103516614
0.00000006055076017
0.00000000000000996
0.00000011920929954
0.00000011828519600
0.00000000000000896
0.00000023295862010
0.00000011559689480
0.00000011472772983
0.00000000000000700
0.00000045211227504
0.00000000000000606
0.00000000000000560
0.00000011057093009
0.00000010977545618
0.00000021798269663
0.00000000000000383
0.00000010745626441
0.00000010670481564
0.00000010596381037
0.00000021046605388
0.00000031353675981
0.00000010380128749
0.00000010309992706
0.00000010240798086
0.00000010172526023
0.00000000000000019
0.00000010038676959
0.00000019946129401
0.00000019816609301
0.00000009844380205
0.00000000000000200
0.00000029156922011
0.00000000000000270
0.00000009596722985
0.00000019073486666
0.00000000000000371
0.00000009419005998
0.00000000000000436
0.00000018608279812
0.00000009247750447
0.00000000000000531
0.00000009137000000
0.00000000000000592
0.00000000000000622
0.00000008975758924
0.00000008923267776
0.00000000000000711
0.00000000000000739
0.00000000000000768
0.00000000000000796
0.00000017339533849
0.00000017241570413
0.00000017144707690
0.00000017048927232
0.00000016954209138
0.00000008430269242
0.00000016767899085
0.00000000000001010
0.00000016585639250
0.00000016495989236
0.00000008203651119
0.00000000000001110
0.00000024349132617
0.00000008073434524
0.00000008030942794
0.00000007988893592
0.00000000000001229
0.00000000000001252
0.00000007865356461
0.00000023475061393
0.00000007785097780
0.00000007745576863
0.00000007706460486
0.00000015335465009
