-nan
0.00000011920928955
0.00000011920928966
0.00000000000000015
0.00000011920928933
0.00000009536743200
0.00000007947286014
0.00000006811959352
0.00000011920928999
0.00000000000000000
0.00000000000000036
0.00000008669766448
0.00000007947286059
0.00000014671912451
0.00000013623918933
0.00000000000000142
0.00000035762787021
0.00000011219698007
0.00000000000000178
0.00000000000000187
0.00000009536742969
0.00000000000000203
0.00000008669766303
0.00000008292820359
0.00000000000000222
0.00000015258788835
0.00000000000000232
0.00000007064253959
0.00000013623918565
0.00000000000000245
0.00000000000000249
0.00000018458212323
0.00000005960464222
0.00000000000000215
0.00000011219697673
0.00000000000000122
0.00000010596381372
0.00000010309992648
0.00000010038677015
0.00000039125100124
0.00000009536743093
0.00000009304139776
0.00000000000000135
0.00000008871389155
0.00000017339532832
0.00000000000000221
0.00000016585640532
0.00000016232754594
0.00000000000000296
0.00000023355289700
0.00000007629394190
0.00000014959597482
0.00000000000000383
0.00000007197541608
0.00000000000000421
0.00000020807439191
0.00000006811958946
0.00000006692451817
0.00000006577063761
0.00000006465588080
0.00000006357828255
0.00000000000000536
0.00000012305474500
0.00000018165225638
0.00000023841857333
0.00000011737530638
0.00000011559688081
0.00000000000000615
0.00000011219698467
0.00000000000000638
0.00000010899135694
0.00000010745626761
0.00000010596381964
0.00000010451226067
0.00000010309993301
0.00000010172526743
0.00000010038677725
0.00000009908305306
0.00000009781275769
0.00000009657462169
0.00000009536742418
0.00000018838011943
0.00000018608278582
0.00000027576124041
0.00000000000000778
0.00000017951515758
0.00000000000000793
0.00000008769419802
0.00000017339532218
0.00000008572354220
0.00000000000000821
0.00000008383949207
0.00000008292819309
0.00000008203649193
0.00000008116376314
0.00000016061884076
0.00000000000000859
0.00000015730711238
0.00000007785097331
0.00000015412917369
0.00000015258789944
0.00000000000000886
0.00000000000000892
0.00000007407178260
0.00000000000000902
0.00000000000000907
0.00000014395083110
0.00000000000000916
0.00000007064255117
0.00000006999443598
0.00000000000000930
0.00000013746655878
0.00000013623919745
0.00000006751675633
0.00000026769804425
0.00000006634255163
0.00000006577065207
0.00000000000000960
0.00000006465589549
0.00000019233768693
0.00000012715656581
0.00000006305283762
0.00000000000000978
0.00000006202760764
0.00000000000000986
0.00000006103514636
0.00000006055076017
0.00000006007398265
0.00000005960465477
0.00000000000000947
0.00000023475060993
0.00000023295862010
0.00000011559687887
0.00000034418320446
0.00000000000000700
0.00000011302806060
0.00000000000000606
0.00000011137802796
0.00000022114186532
0.00000010977545618
0.00000000000000426
0.00000000000000383
0.00000010745625760
0.00000000000000298
0.00000010596381550
0.00000010523302586
0.00000000000000175
0.00000010380128479
0.00000000000000096
0.00000000000000057
0.00000010172526061
0.00000010105158338
0.00000010038677071
0.00000009973064654
0.00000009908304715
0.00000009844380205
0.00000000000000200
0.00000009718973690
0.00000000000000270
0.00000000000000304
0.00000000000000338
0.00000009477508364
0.00000018838011592
0.00000000000000436
0.00000000000000468
0.00000009247750447
0.00000000000000531
0.00000018273998316
0.00000009082613129
0.00000009028868646
0.00000000000000652
0.00000008923269139
0.00000017742778690
0.00000008820110024
0.00000008769418234
0.00000008719307240
0.00000008669767336
0.00000008620785632
0.00000008572354284
0.00000008524464068
0.00000008477104103
0.00000008430269242
0.00000008383951018
0.00000016676273209
0.00000000000001035
0.00000008247993028
0.00000008203651119
0.00000008159781357
0.00000008116378295
0.00000008073432208
0.00000008030940430
0.00000000000001205
0.00000007947287199
0.00000007906109574
0.00000000000001275
0.00000000000001297
0.00000000000001320
0.00000015491157750
0.00000000000001364
0.00000015335467780
