-nan
0.00000000000000000
0.00000011920928944
0.00000007947285955
0.00000000000000022
0.00000000000000036
0.00000007947286014
0.00000000000000051
0.00000011920928911
0.00000010596381293
0.00000019073486364
0.00000017339532961
0.00000007947286059
0.00000007335956389
0.00000006811959530
0.00000000000000142
0.00000005960464322
0.00000000000000167
0.00000000000000178
0.00000010038676828
0.00000009536743359
0.00000000000000203
0.00000008669766723
0.00000008292819926
0.00000000000000222
0.00000015258788835
0.00000007335956048
0.00000014128508628
0.00000006811959644
0.00000000000000245
0.00000000000000249
0.00000012305475303
0.00000005960464222
0.00000000000000215
0.00000000000000167
0.00000010899134923
0.00000010596381372
0.00000000000000038
0.00000020077354030
0.00000019562550044
0.00000009536743093
0.00000000000000104
0.00000009082612673
0.00000008871388825
0.00000000000000194
0.00000008477105256
0.00000016585640038
0.00000008116376889
0.00000007947285674
0.00000000000000319
0.00000000000000341
0.00000007479798922
0.00000014671912943
0.00000028790167640
0.00000028257016361
0.00000000000000439
0.00000013623918349
0.00000006692450870
0.00000006577064741
0.00000006465588080
0.00000000000000521
0.00000000000000536
0.00000006152738075
0.00000012110150614
0.00000005960465055
0.00000023475060686
0.00000000000000603
0.00000022774311418
0.00000022439395053
0.00000011057094162
0.00000000000000650
0.00000010745625440
0.00000000000000671
0.00000000000000681
0.00000010309993301
0.00000020345051382
0.00000000000000711
0.00000009908303866
0.00000000000000729
0.00000009657460694
0.00000009536742418
0.00000009419004840
0.00000009304138910
0.00000000000000770
0.00000000000000778
0.00000000000000786
0.00000017742778773
0.00000000000000800
0.00000000000000807
0.00000008572352592
0.00000008477105856
0.00000000000000828
0.00000000000000834
0.00000008203649193
0.00000008116378008
0.00000000000000853
0.00000007947286829
0.00000015730709509
0.00000007785095590
0.00000000000000876
0.00000007629395412
0.00000007553855085
0.00000007479799452
0.00000014814359210
0.00000007335955378
0.00000007266089123
0.00000014395084933
0.00000014260551442
0.00000028257015861
0.00000013998889974
0.00000013871627351
0.00000006873329341
0.00000013623917867
0.00000000000000943
0.00000013384901739
0.00000019902767391
0.00000013154129458
0.00000006520850986
0.00000000000000963
0.00000006411256876
0.00000006357827805
0.00000006305283762
0.00000006253601096
0.00000012405518581
0.00000012305476036
0.00000018310547864
0.00000018165224082
0.00000000000000996
0.00000011920927956
0.00000000000000947
0.00000023475059200
0.00000011647931428
0.00000011559689480
0.00000034418320446
0.00000000000000700
0.00000011302806060
0.00000000000000606
0.00000011137802796
0.00000011057094038
0.00000021955092647
0.00000000000000426
0.00000010821836598
0.00000000000000340
0.00000000000000298
0.00000010596381550
0.00000010523303017
0.00000000000000175
0.00000010380128479
0.00000010309992706
0.00000000000000057
0.00000020345052102
0.00000010105158301
0.00000000000000056
0.00000000000000093
0.00000000000000129
0.00000009844380205
0.00000019562550281
0.00000029156922011
0.00000038629845998
0.00000009596722377
0.00000009536743502
0.00000009477509105
0.00000000000000404
0.00000009361219848
0.00000009304140140
0.00000009247750447
0.00000018384082677
0.00000027410997754
0.00000009082613129
0.00000018057737913
0.00000008975758924
0.00000008923269139
0.00000008871388279
0.00000008820110024
0.00000008769419769
0.00000008719308832
0.00000000000000824
0.00000008620785632
0.00000008572352528
0.00000008524464068
0.00000016954211001
0.00000008430271158
0.00000008383949051
0.00000025014407290
0.00000016585641320
0.00000008247995148
0.00000008203651119
0.00000008159781357
0.00000008116376027
0.00000008073434524
0.00000008030940430
0.00000007988896002
0.00000007947287199
0.00000000000001252
0.00000015730709099
0.00000007825018735
0.00000015570194240
0.00000015491155067
0.00000007706457759
0.00000015335465009
