-nan
0.00000000000000000
0.00000000000000011
0.00000007947285955
0.00000000000000022
0.00000019073486293
0.00000000000000044
0.00000006811959352
0.00000035762786821
0.00000000000000000
0.00000009536743129
0.00000017339533090
0.00000007947285881
0.00000007335956389
0.00000006811959530
0.00000006357828918
0.00000005960464322
0.00000011219697673
0.00000000000000178
0.00000020077354217
0.00000019073486524
0.00000000000000203
0.00000017339532816
0.00000000000000216
0.00000000000000222
0.00000000000000227
0.00000000000000232
0.00000014128508628
0.00000000000000241
0.00000026308257249
0.00000025431315353
0.00000006152737777
0.00000005960464222
0.00000011559688899
0.00000000000000167
0.00000010899134923
0.00000010596381372
0.00000020619985258
0.00000010038677015
0.00000009781275004
0.00000009536743093
0.00000009304139776
0.00000000000000135
0.00000000000000165
0.00000008669766319
0.00000033908419918
0.00000008292819896
0.00000000000000272
0.00000007947286266
0.00000015570192602
0.00000007629394872
0.00000000000000362
0.00000007335955897
0.00000000000000402
0.00000014128508812
0.00000000000000439
0.00000006811959860
0.00000013384902213
0.00000006577063761
0.00000006465588080
0.00000006357829297
0.00000000000000536
0.00000012305474500
0.00000006055075589
0.00000011920929532
0.00000000000000590
0.00000011559688081
0.00000022774311418
0.00000011219697213
0.00000033171279932
0.00000010899134395
0.00000000000000661
0.00000000000000671
0.00000020902451452
0.00000010309993301
0.00000010172525341
0.00000000000000711
0.00000009908303866
0.00000009781275769
0.00000019314923601
0.00000000000000746
0.00000009419006349
0.00000009304138910
0.00000000000000770
0.00000009082613315
0.00000008975759058
0.00000008871389783
0.00000008769418201
0.00000017339533833
0.00000017144707626
0.00000008477105856
0.00000016767899241
0.00000000000000834
0.00000016407299227
0.00000008116376314
0.00000008030940759
0.00000007947286829
0.00000000000000864
0.00000007785095590
0.00000007706459998
0.00000000000000881
0.00000015107711057
0.00000014959596228
0.00000014814359210
0.00000022007867938
0.00000021798270996
0.00000007197541099
0.00000014260549609
0.00000021192761666
0.00000000000000926
0.00000006935814140
0.00000013746655878
0.00000020435879148
0.00000006751677520
0.00000026769804425
0.00000013268511277
0.00000000000000956
0.00000019562551040
0.00000000000000963
0.00000000000000967
0.00000006357829747
0.00000012610570448
0.00000000000000978
0.00000000000000982
0.00000000000000986
0.00000006103516614
0.00000012110151042
0.00000006007396273
0.00000005960465477
0.00000023657038254
0.00000000000000896
0.00000011647931428
0.00000000000000797
0.00000000000000748
0.00000000000000700
0.00000011302806060
0.00000022439395074
0.00000011137802796
0.00000011057093009
0.00000000000000470
0.00000010899135471
0.00000021643672046
0.00000000000000340
0.00000000000000298
0.00000000000000257
0.00000010523303017
0.00000000000000175
0.00000031140385977
0.00000000000000096
0.00000020481596000
0.00000010172526023
0.00000020210316658
0.00000020077354086
0.00000009973064654
0.00000000000000129
0.00000029533140286
0.00000000000000200
0.00000009718973690
0.00000019314923134
0.00000009596722985
0.00000019073485991
0.00000000000000371
0.00000018838010785
0.00000009361220720
0.00000000000000468
0.00000000000000500
0.00000027576125343
0.00000000000000562
0.00000009082613129
0.00000009028868646
0.00000008975758924
0.00000026769804691
0.00000017742778690
0.00000008820110024
0.00000008769419769
0.00000008719308832
0.00000017339533849
0.00000000000000851
0.00000017144707690
0.00000000000000905
0.00000008477105966
0.00000008430269242
0.00000008383951018
0.00000016676271190
0.00000008292819108
0.00000000000001060
0.00000008203648949
0.00000008159781357
0.00000024349132617
0.00000016146867891
0.00000000000001182
0.00000007988893592
0.00000000000001229
0.00000000000001252
0.00000023596066835
0.00000007825021329
0.00000015570191601
0.00000007745576863
0.00000007706457759
0.00000000000001385
