-nan
0.00000000000000000
0.00000000000000011
0.00000000000000015
0.00000005960464500
0.00000009536743129
0.00000015894571896
0.00000013623918857
0.00000023841857866
0.00000010596381293
0.00000000000000036
0.00000008669766448
0.00000007947285881
0.00000007335956171
0.00000006811959276
0.00000019073486186
0.00000005960464322
0.00000011219698007
0.00000000000000178
0.00000010038677202
0.00000000000000195
0.00000009082612740
0.00000000000000210
0.00000000000000216
0.00000000000000222
0.00000000000000227
0.00000007335956512
0.00000007064253959
0.00000013623918565
0.00000019731192998
0.00000000000000249
0.00000006152737273
0.00000000000000255
0.00000011559688899
0.00000022439395847
0.00000000000000122
0.00000000000000079
0.00000010309992571
0.00000020077354030
0.00000019562550044
0.00000028610229421
0.00000000000000104
0.00000018165224939
0.00000008871388825
0.00000008669766707
0.00000008477105256
0.00000008292820390
0.00000008116376889
0.00000007947285674
0.00000000000000319
0.00000007629394190
0.00000007479798198
0.00000007335955897
0.00000000000000402
0.00000014128507970
0.00000006935813649
0.00000006811958946
0.00000013384903160
0.00000006577064741
0.00000012931177677
0.00000006357829297
0.00000000000000536
0.00000006152738075
0.00000006055074461
0.00000011920928378
0.00000023475060686
0.00000000000000603
0.00000022774311418
0.00000011219698467
0.00000011057092885
0.00000010899135694
0.00000010745626761
0.00000010596380622
0.00000010451226067
0.00000010309993301
0.00000020345052784
0.00000010038676304
0.00000009908303866
0.00000019562550809
0.00000009657460694
0.00000028610230238
0.00000000000000754
0.00000000000000763
0.00000009192042374
0.00000009082611759
0.00000008975757486
0.00000017742778773
0.00000000000000800
0.00000000000000807
0.00000008572352592
0.00000008477104214
0.00000008383950862
0.00000000000000834
0.00000000000000840
0.00000008116376314
0.00000008030942464
0.00000007947285111
0.00000000000000864
0.00000007785095590
0.00000023119378243
0.00000007629393650
0.00000007553856858
0.00000014959596228
0.00000007407178260
0.00000000000000902
0.00000007266090937
0.00000007197541099
0.00000007130276179
0.00000014128509312
0.00000013998888123
0.00000013871625490
0.00000006873327472
0.00000020435879148
0.00000020255028786
0.00000026769804425
0.00000026537023505
0.00000006577065207
0.00000006520850986
0.00000000000000963
0.00000006411254941
0.00000006357829747
0.00000000000000975
0.00000000000000978
0.00000006202760764
0.00000006152736540
0.00000012207032239
0.00000012110151042
0.00000012014795533
0.00000023841856911
0.00000000000000947
0.00000000000000896
0.00000011647931428
0.00000011559687887
0.00000011472772983
0.00000000000000700
0.00000011302806060
0.00000011219697234
0.00000022275603911
0.00000022114186532
0.00000000000000470
0.00000043596539752
0.00000010821836598
0.00000000000000340
0.00000021340963426
0.00000021192762330
0.00000010523303017
0.00000010451225210
0.00000000000000135
0.00000000000000096
0.00000010240797971
0.00000030517578144
0.00000000000000019
0.00000020077353974
0.00000019946129586
0.00000000000000129
0.00000009844379875
0.00000009781275240
0.00000000000000235
0.00000019314923134
0.00000009596722985
0.00000009536742827
0.00000000000000371
0.00000000000000404
0.00000009361220720
0.00000018608279812
0.00000009247751447
0.00000018384082677
0.00000027410998877
0.00000009082611945
0.00000000000000622
0.00000008975758924
0.00000017846537597
0.00000000000000711
0.00000017640217830
0.00000026308256237
0.00000017438616867
0.00000017339532202
0.00000008620783930
0.00000017144705934
0.00000000000000905
0.00000008477104103
0.00000008430271158
0.00000033535801121
0.00000008338135090
0.00000024878461463
0.00000016495989236
0.00000016407298982
0.00000000000001110
0.00000008116376027
0.00000024220301257
0.00000024092826017
0.00000000000001205
0.00000000000001229
0.00000000000001252
0.00000000000001275
0.00000007825021329
0.00000007785097780
0.00000007745579546
0.00000007706460486
0.00000007667731812
