-nan
0.00000000000000000
0.00000000000000011
0.00000007947285955
0.00000005960464500
0.00000000000000036
0.00000000000000044
0.00000013623918857
0.00000011920928999
0.00000010596381293
0.00000009536743129
0.00000026009299474
0.00000007947285881
0.00000014671912669
0.00000013623918933
0.00000000000000142
0.00000005960464322
0.00000000000000167
0.00000021192762764
0.00000000000000187
0.00000009536743359
0.00000009082612334
0.00000000000000210
0.00000000000000216
0.00000000000000222
0.00000000000000227
0.00000014671912792
0.00000000000000237
0.00000000000000241
0.00000013154128257
0.00000000000000249
0.00000012305475303
0.00000000000000255
0.00000011559688899
0.00000011219698007
0.00000000000000122
0.00000021192762508
0.00000000000000038
0.00000010038677015
0.00000000000000036
0.00000009536743093
0.00000009304139776
0.00000000000000135
0.00000008871388825
0.00000008669766319
0.00000016954209848
0.00000024878460181
0.00000008116377433
0.00000007947285674
0.00000015570193240
0.00000007629394190
0.00000014959596758
0.00000007335956663
0.00000007197541608
0.00000007064254617
0.00000006935812771
0.00000006811959860
0.00000006692451817
0.00000006577063761
0.00000012931177677
0.00000006357828255
0.00000006253601539
0.00000000000000550
0.00000000000000564
0.00000011920929532
0.00000035212589554
0.00000011559688081
0.00000000000000615
0.00000011219697213
0.00000011057094162
0.00000000000000650
0.00000010745626761
0.00000010596381964
0.00000010451226067
0.00000000000000691
0.00000000000000701
0.00000000000000711
0.00000000000000720
0.00000000000000729
0.00000009657460694
0.00000000000000746
0.00000009419006349
0.00000009304138910
0.00000018384083978
0.00000000000000778
0.00000008975757486
0.00000008871388197
0.00000008769418201
0.00000008669765705
0.00000008572352592
0.00000008477104214
0.00000000000000828
0.00000016585641119
0.00000000000000840
0.00000000000000847
0.00000000000000853
0.00000000000000859
0.00000015730709509
0.00000007785097331
0.00000023119376492
0.00000000000000881
0.00000000000000886
0.00000000000000892
0.00000007407178260
0.00000007335957182
0.00000007266090937
0.00000014395083110
0.00000014260551442
0.00000000000000921
0.00000000000000926
0.00000013871627351
0.00000013746655878
0.00000006811958464
0.00000000000000943
0.00000013384901739
0.00000013268511277
0.00000006577065207
0.00000013041701013
0.00000006465589549
0.00000000000000967
0.00000000000000971
0.00000012610568498
0.00000006253603053
0.00000006202760764
0.00000006152736540
0.00000000000000989
0.00000000000000993
0.00000018022192802
0.00000005960465477
0.00000000000000947
0.00000011737529152
0.00000011647931428
0.00000000000000797
0.00000011472772983
0.00000022774312734
0.00000033908420792
0.00000011219698446
0.00000000000000560
0.00000011057094038
0.00000010977545618
0.00000021798270516
0.00000010821836598
0.00000010745626441
0.00000000000000298
0.00000010596381550
0.00000010523302586
0.00000010451225210
0.00000020760257363
0.00000000000000096
0.00000010240798086
0.00000010172526061
0.00000000000000019
0.00000000000000056
0.00000000000000093
0.00000029724913887
0.00000019688759916
0.00000000000000200
0.00000009718974160
0.00000009657461162
0.00000009596722377
0.00000000000000338
0.00000009477509105
0.00000009419005191
0.00000018722441003
0.00000009304140140
0.00000000000000500
0.00000018384083739
0.00000000000000562
0.00000018165225667
0.00000009028869890
0.00000008975757620
0.00000008923269139
0.00000017742778690
0.00000026460328593
0.00000017538838771
0.00000008719308832
0.00000017339532202
0.00000000000000851
0.00000017144705934
0.00000017048925422
0.00000016954209138
0.00000008430271158
0.00000025151849119
0.00000008338135090
0.00000000000001035
0.00000016495987116
0.00000016407301152
0.00000024479339632
0.00000008116376027
0.00000000000001158
0.00000008030940430
0.00000023966685597
0.00000015894570711
0.00000007906109574
0.00000000000001275
0.00000007825021329
0.00000007785097780
0.00000007745576863
0.00000015412919609
0.00000000000001385
