-nan
0.00000011920928955
0.00000000000000011
0.00000007947285955
0.00000005960464500
0.00000009536743129
0.00000007947286014
0.00000000000000051
0.00000000000000044
0.00000000000000000
0.00000000000000036
0.00000008669766448
0.00000007947285881
0.00000007335956389
0.00000000000000127
0.00000000000000142
0.00000005960464322
0.00000011219698007
0.00000021192762764
0.00000000000000187
0.00000028610229688
0.00000009082612740
0.00000008669766723
0.00000008292819926
0.00000007947286192
0.00000007629394759
0.00000022007869072
0.00000000000000237
0.00000006811959644
0.00000013154128747
0.00000000000000249
0.00000000000000252
0.00000005960464222
0.00000011559688899
0.00000022439395847
0.00000000000000122
0.00000021192762666
0.00000010309992648
0.00000000000000000
0.00000019562550117
0.00000009536743235
0.00000009304139776
0.00000018165224939
0.00000000000000165
0.00000034679065857
0.00000008477105256
0.00000000000000247
0.00000016232754594
0.00000007947286266
0.00000000000000319
0.00000015258788721
0.00000007479798198
0.00000000000000383
0.00000007197541608
0.00000007064253775
0.00000006935812771
0.00000013623918349
0.00000000000000474
0.00000006577063761
0.00000012931177677
0.00000000000000521
0.00000012507204685
0.00000012305474500
0.00000018165225638
0.00000000000000577
0.00000011737530638
0.00000023119377970
0.00000022774311418
0.00000000000000627
0.00000000000000638
0.00000000000000650
0.00000021491252861
0.00000010596380622
0.00000010451224704
0.00000010309991918
0.00000000000000701
0.00000010038676304
0.00000009908303866
0.00000009781274311
0.00000009657460694
0.00000019073485582
0.00000000000000754
0.00000009304140435
0.00000018384082437
0.00000009082611759
0.00000008975757486
0.00000008871388197
0.00000008769419802
0.00000017339533833
0.00000008572354220
0.00000008477104214
0.00000016767899241
0.00000041464099879
0.00000008203650874
0.00000008116378008
0.00000016061884076
0.00000007947285111
0.00000000000000864
0.00000023355288511
0.00000007706459998
0.00000015258789944
0.00000007553855085
0.00000014959596228
0.00000000000000897
0.00000007335955378
0.00000007266090937
0.00000000000000912
0.00000007130276179
0.00000007064255117
0.00000006999443598
0.00000000000000930
0.00000027493312692
0.00000000000000939
0.00000000000000943
0.00000000000000947
0.00000019902769294
0.00000013154129458
0.00000000000000960
0.00000012931176208
0.00000000000000967
0.00000006357827805
0.00000025221137971
0.00000006253601096
0.00000018608278362
0.00000006152738511
0.00000000000000989
0.00000006055074032
0.00000000000000996
0.00000005960465477
0.00000047314073665
0.00000023475060993
0.00000000000000846
0.00000011559687887
0.00000000000000748
0.00000000000000700
0.00000033908419486
0.00000011219697234
0.00000000000000560
0.00000000000000515
0.00000021955091706
0.00000021798269663
0.00000021643672812
0.00000010745626441
0.00000010670481564
0.00000000000000257
0.00000000000000216
0.00000010451225210
0.00000020760257093
0.00000000000000096
0.00000010240797971
0.00000020345052102
0.00000010105158301
0.00000000000000056
0.00000009973064840
0.00000009908304715
0.00000009844379875
0.00000000000000200
0.00000000000000235
0.00000000000000270
0.00000028790167739
0.00000000000000338
0.00000009477509105
0.00000000000000404
0.00000000000000436
0.00000018608279812
0.00000018495502393
0.00000009192042135
0.00000009137000000
0.00000018165225667
0.00000000000000622
0.00000008975758924
0.00000000000000681
0.00000008871389700
0.00000008820108545
0.00000017538838771
0.00000017438615276
0.00000043348833388
0.00000008620783930
0.00000017144707690
0.00000025573388585
0.00000008477104103
0.00000000000000958
0.00000008383949051
0.00000016676271190
0.00000008292821178
0.00000008247993028
0.00000008203648949
0.00000000000001110
0.00000008116378295
0.00000008073434524
0.00000000000001182
0.00000007988896002
0.00000000000001229
0.00000015812217897
0.00000000000001275
0.00000015650038767
0.00000007785095141
0.00000023236733271
0.00000015412919609
0.00000007667734583
