0.00000000000000000
0.50000000000000000
1.00000011920928955
1.50000000000000000
1.99999988079071045
2.50000023841857910
3.00000023841857910
3.50000000000000000
3.99999976158142090
4.50000000000000000
5.00000000000000000
5.50000000000000000
6.00000000000000000
6.50000095367431641
6.99999904632568359
7.50000000000000000
8.00000286102294922
8.50000095367431641
9.00000000000000000
9.49999904632568359
9.99999904632568359
10.50000000000000000
10.99999904632568359
11.50000095367431641
12.00000095367431641
12.50000190734863281
13.00000095367431641
13.50000000000000000
13.99999809265136719
14.50000000000000000
14.99999809265136719
15.49999809265136719
15.99999904632568359
16.50000000000000000
17.00000190734863281
17.50000190734863281
18.00000000000000000
18.50000000000000000
19.00000572204589844
19.50000000000000000
19.99999809265136719
20.50000190734863281
20.99999809265136719
21.50000381469726562
21.99999427795410156
22.50000000000000000
23.00000190734863281
23.50000190734863281
24.00000000000000000
24.50000190734863281
25.00000190734863281
25.50000381469726562
26.00000190734863281
26.50000000000000000
27.00000000000000000
27.50000000000000000
28.00000000000000000
28.50000000000000000
29.00000000000000000
29.50000000000000000
29.99999618530273438
30.50000000000000000
31.00000000000000000
31.49999809265136719
32.00000000000000000
32.49999237060546875
33.00000381469726562
33.49999618530273438
33.99999618530273438
34.49999618530273438
35.00000000000000000
35.50000381469726562
36.00000000000000000
36.50000381469726562
37.00000000000000000
37.50001144409179688
38.00000381469726562
38.50000000000000000
38.99999618530273438
39.50000000000000000
40.00000381469726562
40.49999618530273438
41.00000000000000000
41.50000762939453125
42.00000000000000000
42.49999618530273438
42.99999237060546875
43.50000762939453125
44.00000762939453125
44.50000762939453125
45.00000381469726562
45.49999237060546875
46.00000762939453125
46.50000381469726562
47.00000381469726562
47.49998855590820312
48.00000000000000000
48.50000381469726562
49.00000000000000000
49.50001144409179688
50.00000000000000000
50.49999618530273438
51.00000000000000000
51.50000762939453125
52.00000000000000000
52.49999618530273438
52.99999618530273438
53.49998855590820312
53.99999618530273438
54.49998855590820312
55.00000762939453125
55.50000381469726562
56.00000000000000000
56.50000381469726562
56.99999237060546875
57.50000381469726562
57.99999237060546875
58.50000000000000000
58.99999237060546875
59.50000000000000000
59.99999237060546875
60.49999618530273438
60.99999618530273438
61.49999237060546875
62.00000000000000000
62.50000381469726562
63.00000762939453125
63.50000000000000000
63.99999618530273438
64.50001525878906250
65.00000000000000000
65.50000000000000000
66.00001525878906250
66.49999237060546875
67.00000000000000000
67.50001525878906250
67.99999237060546875
68.49999237060546875
69.00000762939453125
69.50002288818359375
69.99999237060546875
70.49998474121093750
71.00000000000000000
71.50000000000000000
72.00000762939453125
72.49999237060546875
72.99999237060546875
73.50001525878906250
74.00000000000000000
74.50000000000000000
75.00000762939453125
75.50000000000000000
76.00000000000000000
76.49999237060546875
76.99998474121093750
77.49999237060546875
78.00000000000000000
78.50001525878906250
79.00000762939453125
79.50000000000000000
80.00000000000000000
80.50000000000000000
80.99999237060546875
81.49999237060546875
81.99998474121093750
82.49998474121093750
83.00002288818359375
83.50000000000000000
84.00000000000000000
84.49998474121093750
84.99998474121093750
85.50002288818359375
86.00001525878906250
86.50001525878906250
87.00000000000000000
87.50000762939453125
88.00000000000000000
88.49999237060546875
89.00000000000000000
89.49999237060546875
90.00000000000000000
90.50001525878906250
91.00000000000000000
91.49998474121093750
92.00000762939453125
92.49999237060546875
92.99999237060546875
93.49999237060546875
94.00000762939453125
94.50001525878906250
95.00000762939453125
95.49997711181640625
96.00000000000000000
96.50000000000000000
97.00000000000000000
97.50001525878906250
98.00000762939453125
98.49998474121093750
99.00000762939453125
99.50000000000000000
