0.00000000000000000
0.50000000000000000
1.00000011920928955
1.49999988079071045
2.00000023841857910
2.50000023841857910
3.00000000000000000
3.50000000000000000
3.99999928474426270
4.50000000000000000
4.99999952316284180
5.50000047683715820
5.99999952316284180
6.50000000000000000
6.99999952316284180
7.49999952316284180
7.99999952316284180
8.50000000000000000
9.00000000000000000
9.49999904632568359
9.99999904632568359
10.50000000000000000
10.99999904632568359
11.49999904632568359
12.00000000000000000
12.50000000000000000
13.00000095367431641
13.50000095367431641
14.00000190734863281
14.50000000000000000
15.00000000000000000
15.50000000000000000
16.00000000000000000
16.49999809265136719
17.00000190734863281
17.50000190734863281
17.99999618530273438
18.50000381469726562
18.99999809265136719
19.50000000000000000
20.00000190734863281
20.50000000000000000
21.00000000000000000
21.49999618530273438
22.00000190734863281
22.50000190734863281
23.00000190734863281
23.50000190734863281
24.00000190734863281
24.50000190734863281
25.00000381469726562
25.50000190734863281
26.00000000000000000
26.50000000000000000
26.99999618530273438
27.50000190734863281
28.00000190734863281
28.50000000000000000
29.00000190734863281
29.50000190734863281
30.00000190734863281
30.50000000000000000
30.99999427795410156
31.50000381469726562
32.00000000000000000
32.50000381469726562
32.99999618530273438
33.50000000000000000
34.00000762939453125
34.50000000000000000
35.00000381469726562
35.50000381469726562
36.00000381469726562
36.50000381469726562
36.99999618530273438
37.49999618530273438
37.99999618530273438
38.50000381469726562
38.99999618530273438
39.50000381469726562
40.00000000000000000
40.50000381469726562
40.99999618530273438
41.50000762939453125
42.00000381469726562
42.50000000000000000
43.00000381469726562
43.49999237060546875
44.00000762939453125
44.49998855590820312
45.00000381469726562
45.49998855590820312
46.00000381469726562
46.49999618530273438
47.00000381469726562
47.50000000000000000
48.00000000000000000
48.50000762939453125
49.00000000000000000
49.49999237060546875
50.00000000000000000
50.50000381469726562
51.00000000000000000
51.50000381469726562
51.99999618530273438
52.50000381469726562
53.00000000000000000
53.50000000000000000
54.00000381469726562
54.50000381469726562
55.00000000000000000
55.49999237060546875
56.00000762939453125
56.50000000000000000
57.00000381469726562
57.50000381469726562
58.00000381469726562
58.50000381469726562
58.99999237060546875
59.50000000000000000
60.00000000000000000
60.50000000000000000
60.99999237060546875
61.50000762939453125
61.99999237060546875
62.49999237060546875
63.00000762939453125
63.49999618530273438
63.99999618530273438
64.50000000000000000
65.00000000000000000
65.50000762939453125
66.00000000000000000
66.49999237060546875
66.99998474121093750
67.50000762939453125
68.00001525878906250
68.49999237060546875
68.99999237060546875
69.49998474121093750
70.00000000000000000
70.49999237060546875
70.99998474121093750
71.50000762939453125
72.00000000000000000
72.49998474121093750
73.00000762939453125
73.50000762939453125
73.99999237060546875
74.49999237060546875
75.00000762939453125
75.49998474121093750
76.00000762939453125
76.49999237060546875
77.00000762939453125
77.50000762939453125
78.00000762939453125
78.50002288818359375
79.00000000000000000
79.49998474121093750
80.00000762939453125
80.50000762939453125
81.00000000000000000
81.50000762939453125
82.00001525878906250
82.50000000000000000
83.00000762939453125
83.50000000000000000
84.00000000000000000
84.49999237060546875
84.99998474121093750
85.50000762939453125
86.00000000000000000
86.50000762939453125
87.00000000000000000
87.50000762939453125
88.00000762939453125
88.49998474121093750
89.00000762939453125
89.50001525878906250
90.00000762939453125
90.49998474121093750
91.00002288818359375
91.50001525878906250
92.00000000000000000
92.49999237060546875
93.00000000000000000
93.49999237060546875
94.00000000000000000
94.50000000000000000
95.00000762939453125
95.49999237060546875
95.99999237060546875
96.49999237060546875
97.00000762939453125
97.50000762939453125
98.00000000000000000
98.49999237060546875
98.99999237060546875
99.50000000000000000
