0.00000000000000000
0.49999997019767761
0.99999994039535522
1.50000011920928955
1.99999988079071045
2.50000000000000000
2.99999952316284180
3.50000023841857910
4.00000000000000000
4.49999952316284180
4.99999904632568359
5.50000047683715820
6.00000047683715820
6.49999904632568359
7.00000095367431641
7.50000000000000000
8.00000000000000000
8.50000000000000000
9.00000000000000000
9.50000095367431641
9.99999904632568359
10.50000000000000000
11.00000000000000000
11.50000095367431641
11.99999904632568359
12.49999904632568359
13.00000286102294922
13.50000000000000000
13.99999904632568359
14.50000286102294922
15.00000095367431641
15.49999713897705078
16.00000000000000000
16.50000000000000000
16.99999809265136719
17.49999809265136719
18.00000190734863281
18.49999809265136719
19.00000190734863281
19.50000000000000000
20.00000000000000000
20.49999809265136719
21.00000381469726562
21.50000381469726562
22.00000572204589844
22.49999809265136719
22.99999618530273438
23.50000190734863281
23.99999618530273438
24.50000190734863281
25.00000190734863281
25.49999427795410156
26.00000000000000000
26.50000190734863281
27.00000190734863281
27.49999809265136719
28.00000190734863281
28.50000381469726562
28.99999809265136719
29.49999809265136719
29.99999809265136719
30.50000000000000000
31.00000000000000000
31.50000762939453125
32.00000762939453125
32.50000381469726562
33.00000381469726562
33.49999237060546875
34.00000381469726562
34.50000000000000000
35.00000381469726562
35.50000381469726562
36.00000000000000000
36.50000000000000000
36.99999618530273438
37.49999618530273438
38.00000381469726562
38.49999618530273438
38.99999618530273438
39.50000000000000000
40.00000381469726562
40.49999237060546875
41.00000381469726562
41.50000000000000000
42.00000000000000000
42.50000762939453125
43.00000381469726562
43.49998855590820312
43.99999237060546875
44.49999237060546875
45.00000381469726562
45.50000000000000000
46.00000381469726562
46.50000000000000000
47.00000762939453125
47.50000762939453125
48.00000381469726562
48.49999618530273438
49.00000381469726562
49.50000762939453125
50.00000381469726562
50.50000381469726562
51.00000762939453125
51.50000000000000000
52.00000381469726562
52.50000000000000000
53.00000381469726562
53.50000381469726562
53.99999618530273438
54.50000381469726562
55.00000000000000000
55.49999237060546875
56.00000000000000000
56.49999237060546875
57.00000000000000000
57.49999618530273438
58.00000000000000000
58.50000381469726562
59.00000381469726562
59.49998855590820312
60.00000000000000000
60.49998474121093750
61.00000000000000000
61.50000381469726562
62.00000000000000000
62.50000000000000000
63.00000000000000000
63.49999618530273438
63.99998855590820312
64.50000000000000000
64.99999237060546875
65.50000000000000000
65.99998474121093750
66.50001525878906250
67.00001525878906250
67.50000762939453125
67.99999237060546875
68.49998474121093750
68.99999237060546875
69.49997711181640625
70.00000762939453125
70.49998474121093750
71.00000762939453125
71.50000762939453125
72.00003051757812500
72.50001525878906250
73.00000000000000000
73.49998474121093750
73.99999237060546875
74.50000762939453125
75.00000762939453125
75.50000000000000000
76.00000762939453125
76.49997711181640625
77.00000762939453125
77.50001525878906250
77.99999237060546875
78.50000762939453125
79.00000000000000000
79.49998474121093750
80.00000762939453125
80.50000000000000000
81.00002288818359375
81.50000000000000000
82.00001525878906250
82.49999237060546875
83.00001525878906250
83.50001525878906250
84.00000000000000000
84.50000000000000000
84.99999237060546875
85.49999237060546875
86.00000762939453125
86.50000762939453125
87.00002288818359375
87.49997711181640625
88.00000000000000000
88.50000000000000000
88.99999237060546875
89.50000000000000000
89.99999237060546875
90.49999237060546875
90.99999237060546875
91.50000762939453125
92.00000762939453125
92.50000762939453125
92.99999237060546875
93.49998474121093750
93.99999237060546875
94.50000000000000000
95.00000762939453125
95.50000000000000000
96.00000000000000000
96.49999237060546875
97.00001525878906250
97.49999237060546875
97.99998474121093750
98.49999237060546875
99.00001525878906250
99.49999237060546875
