0.00000000000000000
0.50000000000000000
0.99999994039535522
1.49999988079071045
2.00000023841857910
2.50000047683715820
3.00000023841857910
3.50000023841857910
4.00000047683715820
4.50000000000000000
4.99999952316284180
5.50000000000000000
6.00000047683715820
6.50000000000000000
7.00000000000000000
7.49999952316284180
8.00000095367431641
8.49999809265136719
8.99999904632568359
9.50000000000000000
10.00000190734863281
10.50000095367431641
11.00000000000000000
11.50000000000000000
12.00000095367431641
12.50000095367431641
12.99999809265136719
13.50000190734863281
14.00000095367431641
14.50000095367431641
15.00000000000000000
15.49999809265136719
15.99999904632568359
16.50000000000000000
17.00000190734863281
17.49999809265136719
17.99999809265136719
18.50000190734863281
19.00000190734863281
19.50000000000000000
20.00000762939453125
20.50000190734863281
21.00000190734863281
21.50000572204589844
22.00000190734863281
22.49999809265136719
23.00000000000000000
23.50000190734863281
24.00000000000000000
24.50000762939453125
25.00000000000000000
25.50000381469726562
26.00000762939453125
26.49999618530273438
27.00000000000000000
27.50000000000000000
28.00000000000000000
28.50000190734863281
28.99999809265136719
29.49999618530273438
30.00000000000000000
30.49999809265136719
30.99999809265136719
31.50000000000000000
32.00000381469726562
32.50000000000000000
33.00000381469726562
33.50001144409179688
33.99999618530273438
34.49999618530273438
35.00000000000000000
35.50000000000000000
36.00000000000000000
36.49999237060546875
37.00000000000000000
37.50000000000000000
38.00000000000000000
38.50000381469726562
38.99999237060546875
39.50000381469726562
39.99999618530273438
40.50000000000000000
41.00000000000000000
41.50000381469726562
41.99999618530273438
42.50000381469726562
43.00000000000000000
43.49999618530273438
44.00000381469726562
44.50000000000000000
44.99998855590820312
45.49999237060546875
46.00000762939453125
46.49998855590820312
47.00000762939453125
47.50000000000000000
48.00000000000000000
48.50000762939453125
49.00000000000000000
49.50000762939453125
49.99999618530273438
50.49999618530273438
51.00000762939453125
51.50000762939453125
51.99999618530273438
52.49999618530273438
53.00000381469726562
53.49999237060546875
53.99998855590820312
54.50001144409179688
54.99999237060546875
55.49999237060546875
56.00000381469726562
56.49998855590820312
56.99999237060546875
57.49999618530273438
57.99999618530273438
58.50000000000000000
59.00000381469726562
59.50000762939453125
60.00000000000000000
60.49999618530273438
61.00000000000000000
61.49999237060546875
61.99999618530273438
62.50000000000000000
63.00001144409179688
63.50001525878906250
64.00000762939453125
64.50000000000000000
65.00000000000000000
65.49999237060546875
66.00002288818359375
66.50000762939453125
67.00000762939453125
67.49999237060546875
67.99999237060546875
68.49998474121093750
68.99999237060546875
69.50001525878906250
70.00000762939453125
70.49999237060546875
71.00000762939453125
71.49998474121093750
72.00000762939453125
72.49999237060546875
73.00000762939453125
73.49999237060546875
74.00000000000000000
74.50002288818359375
75.00000000000000000
75.49999237060546875
75.99998474121093750
76.49997711181640625
77.00001525878906250
77.50002288818359375
78.00000000000000000
78.50000762939453125
78.99999237060546875
79.49998474121093750
80.00000762939453125
80.50000762939453125
80.99999237060546875
81.50002288818359375
82.00001525878906250
82.50001525878906250
82.99999237060546875
83.49998474121093750
83.99999237060546875
84.49998474121093750
84.99999237060546875
85.50001525878906250
86.00001525878906250
86.50001525878906250
87.00002288818359375
87.49998474121093750
88.00003051757812500
88.50001525878906250
89.00000762939453125
89.50000762939453125
89.99998474121093750
90.50000762939453125
91.00000000000000000
91.50000000000000000
91.99999237060546875
92.50002288818359375
93.00000762939453125
93.50001525878906250
93.99998474121093750
94.50000762939453125
95.00001525878906250
95.49999237060546875
96.00000000000000000
96.50000762939453125
96.99999237060546875
97.50000000000000000
97.99999237060546875
98.49999237060546875
99.00000000000000000
99.50001525878906250
