0.00000000000000000
0.50000000000000000
1.00000000000000000
1.49999976158142090
1.99999988079071045
2.49999976158142090
3.00000023841857910
3.50000000000000000
4.00000047683715820
4.50000047683715820
5.00000047683715820
5.50000047683715820
6.00000000000000000
6.50000095367431641
6.99999952316284180
7.49999904632568359
8.00000000000000000
8.50000000000000000
8.99999904632568359
9.49999809265136719
9.99999809265136719
10.50000000000000000
10.99999904632568359
11.50000095367431641
11.99999904632568359
12.50000190734863281
13.00000190734863281
13.50000095367431641
13.99999809265136719
14.49999904632568359
15.00000000000000000
15.50000190734863281
16.00000190734863281
16.50000000000000000
16.99999809265136719
17.49999809265136719
18.00000000000000000
18.49999809265136719
19.00000190734863281
19.49999809265136719
20.00000000000000000
20.50000572204589844
21.00000190734863281
21.49999809265136719
22.00000190734863281
22.50000000000000000
23.00000572204589844
23.50000190734863281
24.00000000000000000
24.50000190734863281
25.00000000000000000
25.50000000000000000
26.00000190734863281
26.50000000000000000
26.99999809265136719
27.49999809265136719
27.99999809265136719
28.50000190734863281
29.00000000000000000
29.50000572204589844
30.00000000000000000
30.50000381469726562
31.00000000000000000
31.50000000000000000
32.00000000000000000
32.50000381469726562
33.00000762939453125
33.50000381469726562
33.99999618530273438
34.50001144409179688
35.00000000000000000
35.50000762939453125
36.00000381469726562
36.50000000000000000
36.99999618530273438
37.49999237060546875
38.00000000000000000
38.50000000000000000
39.00000381469726562
39.50000000000000000
40.00000762939453125
40.50000381469726562
41.00000000000000000
41.49999618530273438
42.00000762939453125
42.50000000000000000
43.00000000000000000
43.50000000000000000
44.00000000000000000
44.50001525878906250
45.00000000000000000
45.50000762939453125
46.00000000000000000
46.50001144409179688
46.99999618530273438
47.50000762939453125
48.00000762939453125
48.50000762939453125
49.00001525878906250
49.50000000000000000
50.00000000000000000
50.50000381469726562
51.00000381469726562
51.49999618530273438
52.00000381469726562
52.49999618530273438
53.00000381469726562
53.49999618530273438
53.99999618530273438
54.50000000000000000
55.00000000000000000
55.49999618530273438
56.00000762939453125
56.49999618530273438
56.99998855590820312
57.50000381469726562
58.00001144409179688
58.50000000000000000
58.99998474121093750
59.50001907348632812
60.00000000000000000
60.50000381469726562
60.99999618530273438
61.49999618530273438
62.00001525878906250
62.50000000000000000
63.00000381469726562
63.50000000000000000
64.00000000000000000
64.50000000000000000
65.00000000000000000
65.50000000000000000
66.00002288818359375
66.49998474121093750
67.00000000000000000
67.50000000000000000
68.00001525878906250
68.49997711181640625
69.00000762939453125
69.50000762939453125
69.99999237060546875
70.50000762939453125
71.00000000000000000
71.50000000000000000
72.00000000000000000
72.49999237060546875
73.00000000000000000
73.50002288818359375
74.00000000000000000
74.49998474121093750
75.00000762939453125
75.49999237060546875
76.00002288818359375
76.49999237060546875
76.99998474121093750
77.49998474121093750
78.00000000000000000
78.50001525878906250
79.00000762939453125
79.49998474121093750
80.00000000000000000
80.50000762939453125
81.00000762939453125
81.49999237060546875
82.00000000000000000
82.50001525878906250
83.00001525878906250
83.49997711181640625
84.00000762939453125
84.50000762939453125
84.99999237060546875
85.50000762939453125
85.99999237060546875
86.49999237060546875
87.00001525878906250
87.49997711181640625
88.00000000000000000
88.50000762939453125
89.00001525878906250
89.50001525878906250
89.99999237060546875
90.49999237060546875
91.00002288818359375
91.50001525878906250
92.00000000000000000
92.50000000000000000
93.00000762939453125
93.49999237060546875
94.00001525878906250
94.50000762939453125
95.00000762939453125
95.49998474121093750
96.00000000000000000
96.49998474121093750
96.99999237060546875
97.49998474121093750
98.00000762939453125
98.49998474121093750
98.99999237060546875
99.50000000000000000
