0.00000000000000000
0.49999997019767761
1.00000011920928955
1.50000011920928955
2.00000000000000000
2.50000023841857910
3.00000000000000000
3.49999976158142090
3.99999976158142090
4.50000095367431641
5.00000000000000000
5.50000047683715820
6.00000000000000000
6.49999952316284180
6.99999952316284180
7.50000000000000000
7.99999952316284180
8.50000190734863281
9.00000190734863281
9.49999904632568359
10.00000190734863281
10.50000000000000000
10.99999809265136719
11.50000095367431641
12.00000000000000000
12.49999904632568359
13.00000000000000000
13.50000095367431641
14.00000000000000000
14.49999904632568359
15.00000095367431641
15.49999904632568359
15.99999809265136719
16.50000572204589844
16.99999809265136719
17.49999809265136719
18.00000381469726562
18.49999809265136719
18.99999809265136719
19.50000381469726562
19.99999809265136719
20.50000000000000000
21.00000190734863281
21.49999809265136719
22.00000000000000000
22.50000000000000000
22.99999809265136719
23.50000190734863281
24.00000000000000000
24.50000190734863281
25.00000000000000000
25.50000190734863281
26.00000190734863281
26.50000000000000000
26.99999809265136719
27.49999809265136719
27.99999618530273438
28.50000381469726562
29.00000762939453125
29.50000000000000000
29.99999809265136719
30.50000000000000000
30.99999809265136719
31.50000190734863281
32.00000000000000000
32.50000762939453125
33.00000000000000000
33.50000762939453125
33.99999237060546875
34.49998855590820312
34.99999618530273438
35.50000000000000000
35.99999618530273438
36.50000000000000000
37.00000381469726562
37.50001144409179688
38.00000381469726562
38.50000000000000000
39.00000762939453125
39.50001144409179688
40.00000000000000000
40.50001525878906250
41.00000000000000000
41.49999618530273438
42.00001144409179688
42.50000000000000000
43.00000000000000000
43.49999618530273438
44.00000000000000000
44.50000762939453125
45.00000000000000000
45.49999618530273438
46.00000381469726562
46.50000762939453125
47.00000381469726562
47.50000000000000000
48.00000381469726562
48.49999618530273438
49.00000000000000000
49.49999618530273438
50.00000762939453125
50.50000381469726562
51.00000381469726562
51.49999618530273438
52.00000762939453125
52.50000000000000000
53.00000762939453125
53.49999237060546875
54.00000000000000000
54.50000381469726562
55.00000381469726562
55.49999618530273438
56.00000000000000000
56.49999618530273438
57.00000000000000000
57.49999618530273438
57.99998855590820312
58.50000000000000000
59.00001144409179688
59.49999618530273438
59.99999237060546875
60.50000000000000000
60.99999618530273438
61.49999237060546875
61.99999618530273438
62.50000000000000000
63.00000000000000000
63.50000381469726562
63.99999618530273438
64.49999237060546875
64.99999237060546875
65.50001525878906250
66.00000000000000000
66.50000000000000000
66.99998474121093750
67.49999237060546875
68.00000000000000000
68.49999237060546875
69.00000762939453125
69.49998474121093750
69.99998474121093750
70.50000000000000000
71.00000000000000000
71.50000762939453125
72.00001525878906250
72.50000000000000000
73.00000762939453125
73.49999237060546875
73.99999237060546875
74.50000000000000000
75.00002288818359375
75.50000000000000000
75.99999237060546875
76.50000762939453125
77.00000762939453125
77.50000762939453125
77.99998474121093750
78.50000000000000000
79.00000000000000000
79.50002288818359375
80.00000000000000000
80.50002288818359375
81.00000762939453125
81.50000762939453125
82.00001525878906250
82.49999237060546875
82.99999237060546875
83.50000762939453125
84.00000000000000000
84.50000000000000000
85.00000000000000000
85.50000762939453125
86.00000000000000000
86.49999237060546875
87.00000000000000000
87.50001525878906250
87.99999237060546875
88.50001525878906250
89.00000000000000000
89.50000000000000000
89.99999237060546875
90.49999237060546875
91.00000762939453125
91.50000762939453125
92.00000000000000000
92.50000762939453125
93.00000000000000000
93.49999237060546875
94.00000000000000000
94.50000762939453125
95.00002288818359375
95.50001525878906250
96.00001525878906250
96.50000762939453125
96.99999237060546875
97.50000762939453125
97.99999237060546875
98.50000762939453125
99.00000000000000000
99.50000762939453125
