0.00000000000000000
0.50000000000000000
1.00000000000000000
1.50000000000000000
1.99999988079071045
2.50000000000000000
2.99999952316284180
3.50000023841857910
4.00000000000000000
4.49999952316284180
5.00000047683715820
5.50000000000000000
6.00000047683715820
6.50000095367431641
7.00000000000000000
7.50000095367431641
8.00000095367431641
8.50000095367431641
8.99999809265136719
9.50000190734863281
10.00000095367431641
10.49999809265136719
11.00000000000000000
11.49999904632568359
12.00000000000000000
12.50000000000000000
13.00000095367431641
13.49999904632568359
14.00000095367431641
14.49999713897705078
14.99999809265136719
15.50000190734863281
16.00000000000000000
16.50000000000000000
17.00000190734863281
17.50000190734863281
18.00000381469726562
18.50000000000000000
19.00000381469726562
19.49999618530273438
19.99999809265136719
20.50000000000000000
21.00000000000000000
21.50000000000000000
22.00000000000000000
22.50000000000000000
23.00000000000000000
23.50000381469726562
24.00000190734863281
24.50000381469726562
24.99999809265136719
25.49999809265136719
26.00000381469726562
26.49999618530273438
26.99999809265136719
27.50000381469726562
28.00000000000000000
28.50000190734863281
29.00000000000000000
29.49999809265136719
29.99999618530273438
30.50000381469726562
31.00000190734863281
31.50000381469726562
32.00000762939453125
32.49999618530273438
33.00000000000000000
33.50000000000000000
34.00000000000000000
34.49999618530273438
35.00000000000000000
35.50000762939453125
36.00000000000000000
36.50001144409179688
37.00000762939453125
37.50001144409179688
38.00000000000000000
38.50000000000000000
39.00000381469726562
39.49999237060546875
39.99999237060546875
40.49999237060546875
40.99999618530273438
41.49999618530273438
42.00000381469726562
42.49999618530273438
43.00000000000000000
43.49999237060546875
44.00000381469726562
44.50000762939453125
45.00000381469726562
45.50000381469726562
46.00000381469726562
46.50000381469726562
46.99999618530273438
47.50000762939453125
48.00000381469726562
48.50000762939453125
49.00000000000000000
49.49999618530273438
50.00000000000000000
50.50000000000000000
51.00000381469726562
51.49999618530273438
51.99999237060546875
52.49999237060546875
53.00000762939453125
53.50000000000000000
54.00000000000000000
54.50000762939453125
54.99998474121093750
55.50000000000000000
56.00000000000000000
56.50000000000000000
57.00000381469726562
57.50000000000000000
58.00000000000000000
58.50000381469726562
59.00000381469726562
59.50000000000000000
60.00001144409179688
60.50000381469726562
60.99999237060546875
61.50000000000000000
61.99998855590820312
62.50001144409179688
63.00001144409179688
63.50000000000000000
63.99999237060546875
64.50000000000000000
65.00000762939453125
65.50001525878906250
66.00000762939453125
66.49999237060546875
67.00000762939453125
67.49999237060546875
68.00000762939453125
68.49998474121093750
68.99999237060546875
69.50001525878906250
70.00000762939453125
70.50001525878906250
70.99999237060546875
71.49996948242187500
71.99998474121093750
72.50000762939453125
73.00001525878906250
73.50000000000000000
74.00000762939453125
74.50000000000000000
74.99999237060546875
75.49998474121093750
76.00000000000000000
76.50000762939453125
77.00000762939453125
77.49997711181640625
78.00000762939453125
78.50000000000000000
79.00000000000000000
79.50000000000000000
79.99999237060546875
80.49999237060546875
81.00000762939453125
81.50000000000000000
82.00000762939453125
82.50001525878906250
83.00001525878906250
83.50001525878906250
83.99999237060546875
84.49998474121093750
85.00000000000000000
85.50000762939453125
85.99999237060546875
86.49999237060546875
86.99999237060546875
87.49998474121093750
87.99999237060546875
88.50000000000000000
89.00000762939453125
89.50000762939453125
90.00000000000000000
90.50000762939453125
91.00000762939453125
91.50001525878906250
92.00000000000000000
92.50000762939453125
93.00000762939453125
93.50000762939453125
93.99999237060546875
94.50001525878906250
94.99997711181640625
95.50003051757812500
96.00000762939453125
96.49999237060546875
97.00000000000000000
97.50000000000000000
98.00000762939453125
98.49997711181640625
99.00002288818359375
99.50000762939453125
