0.00000000000000000
0.50000000000000000
1.00000000000000000
1.50000011920928955
2.00000000000000000
2.50000023841857910
2.99999976158142090
3.50000000000000000
4.00000095367431641
4.49999952316284180
5.00000047683715820
5.50000000000000000
5.99999952316284180
6.50000047683715820
7.00000047683715820
7.50000000000000000
8.00000190734863281
8.50000190734863281
9.00000000000000000
9.49999809265136719
10.00000095367431641
10.49999809265136719
11.00000286102294922
11.49999904632568359
12.00000095367431641
12.49999904632568359
12.99999904632568359
13.49999904632568359
13.99999904632568359
14.49999809265136719
14.99999904632568359
15.49999904632568359
16.00000000000000000
16.50000000000000000
16.99999809265136719
17.49999809265136719
18.00000000000000000
18.50000000000000000
19.00000381469726562
19.49999427795410156
20.00000381469726562
20.50000190734863281
21.00000190734863281
21.50000381469726562
22.00000190734863281
22.49999809265136719
23.00000190734863281
23.50000000000000000
23.99999809265136719
24.49999427795410156
25.00000000000000000
25.50000000000000000
26.00000190734863281
26.49999427795410156
27.00000190734863281
27.50000381469726562
28.00000000000000000
28.49999618530273438
29.00000000000000000
29.50000000000000000
30.00000190734863281
30.50000381469726562
30.99999809265136719
31.49999809265136719
31.99999618530273438
32.49999618530273438
33.00000381469726562
33.50000000000000000
34.00000000000000000
34.50000000000000000
34.99999618530273438
35.50000381469726562
35.99999237060546875
36.49999618530273438
36.99998855590820312
37.50000000000000000
38.00000762939453125
38.50000000000000000
39.00000762939453125
39.50000000000000000
40.00000000000000000
40.50000381469726562
40.99999237060546875
41.49999618530273438
42.00000000000000000
42.49999618530273438
42.99999618530273438
43.50000000000000000
44.00000000000000000
44.50000000000000000
44.99999237060546875
45.50000381469726562
46.00000381469726562
46.50000381469726562
47.00000000000000000
47.50000000000000000
48.00000000000000000
48.50000762939453125
48.99999618530273438
49.49998855590820312
49.99999618530273438
50.50000381469726562
51.00000762939453125
51.50000000000000000
52.00000000000000000
52.50000762939453125
53.00000000000000000
53.49999237060546875
54.00000000000000000
54.50000381469726562
55.00000381469726562
55.50000000000000000
56.00000762939453125
56.50001144409179688
57.00000000000000000
57.49999618530273438
57.99999618530273438
58.49999618530273438
59.00000381469726562
59.49999237060546875
60.00000762939453125
60.50000762939453125
61.00000762939453125
61.50000762939453125
62.00000000000000000
62.50000000000000000
62.99998855590820312
63.50000381469726562
63.99999618530273438
64.49999237060546875
64.99999237060546875
65.49999237060546875
65.99998474121093750
66.50000000000000000
67.00000762939453125
67.49998474121093750
68.00000000000000000
68.49998474121093750
69.00000762939453125
69.50000000000000000
69.99999237060546875
70.50001525878906250
71.00000762939453125
71.50000762939453125
72.00000762939453125
72.49999237060546875
73.00000762939453125
73.50000000000000000
74.00001525878906250
74.50000000000000000
75.00001525878906250
75.50000762939453125
76.00000000000000000
76.50000000000000000
77.00001525878906250
77.50000000000000000
78.00000000000000000
78.50001525878906250
79.00001525878906250
79.50000762939453125
80.00000000000000000
80.50000000000000000
81.00001525878906250
81.50001525878906250
82.00002288818359375
82.50001525878906250
83.00002288818359375
83.50000000000000000
84.00000762939453125
84.49997711181640625
84.99997711181640625
85.49998474121093750
86.00000762939453125
86.49999237060546875
87.00000762939453125
87.50000000000000000
87.99999237060546875
88.49998474121093750
88.99999237060546875
89.50000000000000000
89.99998474121093750
90.49996948242187500
90.99999237060546875
91.49997711181640625
92.00000000000000000
92.50002288818359375
93.00000762939453125
93.50001525878906250
94.00000762939453125
94.50000000000000000
95.00001525878906250
95.50000000000000000
95.99999237060546875
96.50000000000000000
96.99999237060546875
97.50002288818359375
97.99998474121093750
98.50001525878906250
99.00003051757812500
99.50000000000000000
