0.00000000000000000
0.49999997019767761
1.00000000000000000
1.50000000000000000
2.00000000000000000
2.50000000000000000
3.00000000000000000
3.50000047683715820
4.00000095367431641
4.49999904632568359
4.99999952316284180
5.50000047683715820
5.99999952316284180
6.49999904632568359
7.00000000000000000
7.49999904632568359
7.99999952316284180
8.50000000000000000
8.99999904632568359
9.50000000000000000
10.00000190734863281
10.50000095367431641
11.00000190734863281
11.50000095367431641
12.00000190734863281
12.49999904632568359
13.00000095367431641
13.49999809265136719
14.00000000000000000
14.50000095367431641
15.00000095367431641
15.50000190734863281
16.00000190734863281
16.50000000000000000
16.99999809265136719
17.49999809265136719
17.99999809265136719
18.49999809265136719
18.99999809265136719
19.49999618530273438
20.00000000000000000
20.50000381469726562
21.00000190734863281
21.50000190734863281
22.00000000000000000
22.49999809265136719
22.99999618530273438
23.50000572204589844
24.00000190734863281
24.49999809265136719
24.99999809265136719
25.50000190734863281
26.00000190734863281
26.49999809265136719
27.00000190734863281
27.50000000000000000
28.00000190734863281
28.50000000000000000
29.00000190734863281
29.50000572204589844
30.00000000000000000
30.50000190734863281
30.99999809265136719
31.50000572204589844
32.00000000000000000
32.50000000000000000
33.00000762939453125
33.49999618530273438
34.00001144409179688
34.50000381469726562
35.00000000000000000
35.50000000000000000
36.00000381469726562
36.50000000000000000
37.00000000000000000
37.50000381469726562
38.00000762939453125
38.49999618530273438
39.00000381469726562
39.50000000000000000
40.00000762939453125
40.49999618530273438
41.00000762939453125
41.49999618530273438
42.00000381469726562
42.50000762939453125
43.00000381469726562
43.50000381469726562
44.00000381469726562
44.50000381469726562
44.99999618530273438
45.50000000000000000
46.00000381469726562
46.49999237060546875
47.00000381469726562
47.50000381469726562
48.00000381469726562
48.50000000000000000
48.99999618530273438
49.49999618530273438
50.00000381469726562
50.50001144409179688
51.00000381469726562
51.50000000000000000
52.00000000000000000
52.50000000000000000
52.99999618530273438
53.49999618530273438
54.00000381469726562
54.50000381469726562
54.99999237060546875
55.49999618530273438
56.00000381469726562
56.50000000000000000
57.00000000000000000
57.50000381469726562
57.99999237060546875
58.50001525878906250
59.00000762939453125
59.49999618530273438
60.00000762939453125
60.50001907348632812
60.99999618530273438
61.50000381469726562
61.99999618530273438
62.50000000000000000
63.00000000000000000
63.50000000000000000
63.99998474121093750
64.50000000000000000
64.99999237060546875
65.49999237060546875
65.99999237060546875
66.50000000000000000
67.00000000000000000
67.50000000000000000
67.99999237060546875
68.50000762939453125
69.00000000000000000
69.49998474121093750
70.00000762939453125
70.49998474121093750
70.99999237060546875
71.49999237060546875
72.00000762939453125
72.49999237060546875
73.00000762939453125
73.50001525878906250
74.00001525878906250
74.50001525878906250
75.00000762939453125
75.50000000000000000
75.99998474121093750
76.50000000000000000
76.99998474121093750
77.50001525878906250
77.99999237060546875
78.49998474121093750
79.00001525878906250
79.50001525878906250
80.00002288818359375
80.50000762939453125
81.00000000000000000
81.49998474121093750
82.00000000000000000
82.50000762939453125
82.99999237060546875
83.50000000000000000
84.00000000000000000
84.50000762939453125
85.00000000000000000
85.50000000000000000
86.00000000000000000
86.50002288818359375
87.00000762939453125
87.49997711181640625
88.00000000000000000
88.50001525878906250
89.00001525878906250
89.50000000000000000
90.00001525878906250
90.49999237060546875
91.00001525878906250
91.50002288818359375
92.00000762939453125
92.50001525878906250
92.99999237060546875
93.50000000000000000
94.00000000000000000
94.50000762939453125
94.99999237060546875
95.50000762939453125
96.00000000000000000
96.50000000000000000
97.00000762939453125
97.50000000000000000
98.00000762939453125
98.50000762939453125
99.00001525878906250
99.49999237060546875
