0.00000000000000000
0.50000000000000000
0.99999988079071045
1.50000011920928955
2.00000000000000000
2.50000000000000000
2.99999976158142090
3.50000000000000000
4.00000047683715820
4.50000047683715820
5.00000095367431641
5.49999904632568359
6.00000047683715820
6.50000047683715820
7.00000047683715820
7.50000000000000000
7.99999952316284180
8.50000000000000000
9.00000000000000000
9.49999904632568359
10.00000095367431641
10.50000000000000000
11.00000095367431641
11.49999904632568359
12.00000000000000000
12.49999809265136719
12.99999904632568359
13.50000190734863281
14.00000095367431641
14.50000000000000000
15.00000000000000000
15.50000190734863281
15.99999904632568359
16.50000000000000000
17.00000000000000000
17.49999809265136719
18.00000190734863281
18.50000000000000000
18.99999618530273438
19.50000381469726562
20.00000190734863281
20.50000000000000000
20.99999809265136719
21.50000190734863281
22.00000000000000000
22.49999809265136719
23.00000381469726562
23.50000190734863281
24.00000190734863281
24.50000000000000000
25.00000000000000000
25.49999809265136719
25.99999618530273438
26.50000762939453125
27.00000762939453125
27.50000000000000000
28.00000381469726562
28.50000190734863281
28.99999809265136719
29.50000190734863281
30.00000000000000000
30.50000000000000000
30.99999809265136719
31.49999618530273438
31.99999809265136719
32.49999237060546875
33.00000000000000000
33.50000762939453125
34.00000762939453125
34.49999618530273438
35.00000000000000000
35.50000381469726562
36.00000000000000000
36.50000000000000000
36.99999618530273438
37.50000762939453125
38.00000000000000000
38.50000381469726562
39.00000000000000000
39.50000381469726562
40.00000381469726562
40.50000381469726562
41.00000381469726562
41.50000000000000000
42.00000000000000000
42.50000000000000000
42.99999237060546875
43.50000000000000000
44.00000000000000000
44.50000381469726562
44.99999618530273438
45.50000000000000000
46.00000000000000000
46.50000381469726562
46.99999618530273438
47.50000000000000000
47.99999618530273438
48.50000762939453125
49.00000381469726562
49.50000000000000000
49.99999618530273438
50.50000381469726562
50.99999618530273438
51.49999237060546875
52.00000381469726562
52.50000381469726562
52.99999237060546875
53.49999237060546875
54.00001525878906250
54.49999237060546875
54.99999237060546875
55.49999618530273438
56.00000762939453125
56.50000000000000000
57.00000762939453125
57.50001144409179688
57.99999237060546875
58.49999618530273438
59.00000000000000000
59.49999618530273438
60.00000381469726562
60.50000381469726562
61.00000381469726562
61.50000762939453125
61.99999237060546875
62.49998855590820312
63.00001144409179688
63.50000000000000000
64.00000762939453125
64.50000000000000000
65.00001525878906250
65.49999237060546875
65.99999237060546875
66.50002288818359375
67.00000000000000000
67.50000762939453125
68.00000000000000000
68.49999237060546875
68.99999237060546875
69.49998474121093750
70.00000000000000000
70.49999237060546875
71.00000000000000000
71.50000000000000000
71.99999237060546875
72.49999237060546875
73.00000000000000000
73.50000762939453125
73.99999237060546875
74.50000000000000000
74.99998474121093750
75.49999237060546875
76.00000000000000000
76.50000000000000000
77.00000000000000000
77.50000762939453125
78.00001525878906250
78.50002288818359375
79.00003051757812500
79.49999237060546875
80.00000762939453125
80.50000762939453125
81.00000000000000000
81.49999237060546875
82.00000762939453125
82.49999237060546875
82.99998474121093750
83.49997711181640625
84.00000762939453125
84.49998474121093750
85.00000762939453125
85.50000762939453125
85.99999237060546875
86.50000762939453125
87.00000762939453125
87.50000762939453125
88.00000000000000000
88.50000762939453125
88.99999237060546875
89.50000762939453125
90.00001525878906250
90.50000762939453125
90.99999237060546875
91.49997711181640625
92.00001525878906250
92.50000762939453125
93.00000762939453125
93.50000762939453125
93.99999237060546875
94.50000762939453125
94.99999237060546875
95.50000762939453125
96.00000762939453125
96.50000000000000000
96.99998474121093750
97.49999237060546875
98.00001525878906250
98.49998474121093750
98.99999237060546875
99.49998474121093750
