0.00000000000000000
10.00000000000000000
20.00000000000000000
30.00000381469726562
40.00000381469726562
50.00000000000000000
60.00000762939453125
70.00001525878906250
79.99999237060546875
90.00000000000000000
99.99999237060546875
110.00000000000000000
120.00001525878906250
129.99998474121093750
140.00000000000000000
150.00000000000000000
160.00000000000000000
170.00003051757812500
179.99998474121093750
190.00004577636718750
200.00001525878906250
210.00000000000000000
220.00000000000000000
230.00000000000000000
239.99996948242187500
249.99996948242187500
260.00000000000000000
270.00000000000000000
280.00006103515625000
290.00000000000000000
299.99993896484375000
309.99996948242187500
320.00000000000000000
330.00000000000000000
340.00003051757812500
349.99996948242187500
359.99996948242187500
370.00006103515625000
380.00003051757812500
390.00000000000000000
399.99996948242187500
409.99993896484375000
419.99996948242187500
430.00000000000000000
440.00000000000000000
450.00006103515625000
460.00003051757812500
470.00000000000000000
480.00006103515625000
490.00003051757812500
500.00006103515625000
510.00012207031250000
520.00000000000000000
529.99987792968750000
540.00018310546875000
550.00000000000000000
559.99993896484375000
569.99993896484375000
580.00006103515625000
589.99993896484375000
600.00000000000000000
609.99993896484375000
620.00000000000000000
629.99981689453125000
640.00000000000000000
650.00000000000000000
660.00000000000000000
669.99993896484375000
679.99981689453125000
689.99987792968750000
699.99987792968750000
709.99993896484375000
720.00000000000000000
729.99987792968750000
739.99993896484375000
750.00018310546875000
759.99981689453125000
770.00000000000000000
780.00018310546875000
789.99993896484375000
799.99993896484375000
809.99987792968750000
819.99993896484375000
830.00018310546875000
839.99993896484375000
850.00006103515625000
860.00000000000000000
870.00006103515625000
879.99993896484375000
890.00006103515625000
900.00000000000000000
910.00012207031250000
919.99981689453125000
929.99993896484375000
940.00006103515625000
950.00006103515625000
960.00012207031250000
969.99993896484375000
980.00006103515625000
990.00000000000000000
999.99993896484375000
1010.00000000000000000
1019.99987792968750000
1030.00000000000000000
1040.00000000000000000
1049.99987792968750000
1060.00048828125000000
1070.00000000000000000
1080.00012207031250000
1090.00048828125000000
1100.00000000000000000
1109.99987792968750000
1120.00000000000000000
1130.00000000000000000
1140.00036621093750000
1150.00012207031250000
1160.00000000000000000
1169.99975585937500000
1179.99987792968750000
1190.00024414062500000
1199.99987792968750000
1210.00012207031250000
1219.99987792968750000
1230.00000000000000000
1240.00024414062500000
1250.00000000000000000
1260.00012207031250000
1269.99987792968750000
1280.00012207031250000
1290.00012207031250000
1300.00024414062500000
1309.99963378906250000
1319.99975585937500000
1330.00012207031250000
1340.00000000000000000
1350.00000000000000000
1360.00012207031250000
1370.00061035156250000
1380.00012207031250000
1390.00061035156250000
1400.00012207031250000
1410.00012207031250000
1420.00012207031250000
1429.99975585937500000
1440.00012207031250000
1450.00024414062500000
1460.00000000000000000
1470.00012207031250000
1480.00000000000000000
1489.99963378906250000
1499.99987792968750000
1510.00036621093750000
1520.00000000000000000
1529.99975585937500000
1539.99963378906250000
1550.00024414062500000
1560.00000000000000000
1570.00000000000000000
1580.00000000000000000
1590.00036621093750000
1599.99987792968750000
1610.00024414062500000
1619.99987792968750000
1630.00024414062500000
1639.99987792968750000
1650.00000000000000000
1660.00012207031250000
1670.00012207031250000
1679.99975585937500000
1690.00024414062500000
1700.00000000000000000
1710.00036621093750000
1719.99987792968750000
1730.00024414062500000
1740.00000000000000000
1750.00012207031250000
1760.00000000000000000
1770.00000000000000000
1779.99987792968750000
1789.99975585937500000
1800.00000000000000000
1810.00073242187500000
1820.00024414062500000
1830.00036621093750000
1840.00012207031250000
1849.99987792968750000
1860.00000000000000000
1869.99987792968750000
1879.99987792968750000
1890.00061035156250000
1900.00000000000000000
1909.99987792968750000
1919.99975585937500000
1930.00024414062500000
1940.00024414062500000
1950.00000000000000000
1960.00012207031250000
1970.00024414062500000
1980.00000000000000000
1989.99987792968750000
1999.99975585937500000
2009.99975585937500000
2019.99975585937500000
2029.99975585937500000
2039.99975585937500000
2050.00048828125000000
2059.99975585937500000
2070.00024414062500000
2079.99975585937500000
2089.99975585937500000
2100.00073242187500000
2110.00024414062500000
2119.99902343750000000
2129.99975585937500000
2140.00024414062500000
2150.00024414062500000
2160.00000000000000000
2169.99975585937500000
2179.99951171875000000
2190.00024414062500000
2200.00048828125000000
2209.99975585937500000
2220.00073242187500000
2230.00000000000000000
2240.00024414062500000
2250.00073242187500000
2260.00000000000000000
2270.00024414062500000
2280.00073242187500000
2289.99975585937500000
2300.00073242187500000
2309.99951171875000000
2319.99975585937500000
2329.99975585937500000
2340.00024414062500000
2350.00048828125000000
2359.99951171875000000
2370.00000000000000000
2379.99975585937500000
2390.00000000000000000
2400.00048828125000000
2410.00000000000000000
2419.99975585937500000
2430.00000000000000000
2440.00024414062500000
2450.00024414062500000
2459.99951171875000000
2470.00024414062500000
2480.00000000000000000
2490.00024414062500000
2500.00024414062500000
2510.00000000000000000
2520.00073242187500000
2530.00048828125000000
2540.00000000000000000
2549.99975585937500000
2560.00024414062500000
2569.99975585937500000
2580.00048828125000000
2589.99975585937500000
2600.00000000000000000
2609.99975585937500000
2620.00000000000000000
2629.99975585937500000
2639.99975585937500000
2650.00024414062500000
2659.99951171875000000
2670.00000000000000000
2679.99926757812500000
2690.00024414062500000
2699.99951171875000000
2709.99951171875000000
2720.00024414062500000
2729.99975585937500000
2739.99951171875000000
2749.99975585937500000
2759.99975585937500000
2770.00024414062500000
2780.00024414062500000
2789.99951171875000000
2800.00024414062500000
2810.00048828125000000
2819.99975585937500000
2830.00024414062500000
2840.00073242187500000
2850.00000000000000000
2860.00097656250000000
2869.99975585937500000
2879.99975585937500000
2889.99951171875000000
2900.00000000000000000
2910.00073242187500000
2920.00048828125000000
2930.00024414062500000
2940.00000000000000000
2950.00000000000000000
2960.00073242187500000
2970.00073242187500000
2980.00048828125000000
2990.00024414062500000
3000.00024414062500000
3010.00048828125000000
3020.00000000000000000
3029.99951171875000000
3039.99951171875000000
3050.00000000000000000
3060.00073242187500000
3070.00048828125000000
3080.00048828125000000
3090.00048828125000000
3100.00073242187500000
3109.99926757812500000
3119.99951171875000000
3130.00000000000000000
3140.00024414062500000
3150.00024414062500000
3160.00024414062500000
3169.99951171875000000
3180.00000000000000000
3189.99975585937500000
3199.99926757812500000
3210.00073242187500000
3219.99975585937500000
3230.00097656250000000
3240.00073242187500000
3250.00024414062500000
3260.00024414062500000
3270.00073242187500000
3279.99951171875000000
3290.00000000000000000
3300.00024414062500000
3309.99951171875000000
3320.00048828125000000
3330.00024414062500000
3340.00048828125000000
3350.00122070312500000
3359.99975585937500000
3370.00024414062500000
3380.00000000000000000
3390.00000000000000000
3400.00000000000000000
3410.00000000000000000
3420.00048828125000000
3430.00000000000000000
3440.00073242187500000
3449.99926757812500000
3459.99975585937500000
3469.99902343750000000
3480.00000000000000000
3489.99951171875000000
3499.99975585937500000
3510.00048828125000000
3520.00000000000000000
3530.00073242187500000
3539.99926757812500000
3549.99975585937500000
3560.00024414062500000
3569.99926757812500000
3579.99926757812500000
3589.99926757812500000
3600.00000000000000000
3610.00024414062500000
3619.99926757812500000
3629.99951171875000000
3639.99975585937500000
3650.00024414062500000
3660.00024414062500000
3670.00000000000000000
3680.00000000000000000
3690.00073242187500000
3700.00000000000000000
3709.99951171875000000
3720.00000000000000000
3730.00048828125000000
3740.00097656250000000
3749.99951171875000000
3759.99975585937500000
3770.00024414062500000
3780.00024414062500000
3789.99902343750000000
3800.00024414062500000
3810.00097656250000000
3820.00048828125000000
3830.00000000000000000
3839.99975585937500000
3850.00073242187500000
3860.00048828125000000
3870.00122070312500000
3880.00048828125000000
3889.99951171875000000
3900.00024414062500000
3910.00073242187500000
3919.99975585937500000
3929.99975585937500000
3940.00073242187500000
3949.99951171875000000
3960.00024414062500000
3970.00024414062500000
3979.99975585937500000
3990.00024414062500000
4000.00000000000000000
4010.00000000000000000
4019.99975585937500000
4030.00073242187500000
4040.00000000000000000
4050.00024414062500000
4060.00000000000000000
4070.00024414062500000
4080.00073242187500000
4090.00000000000000000
4099.99951171875000000
4110.00048828125000000
4120.00048828125000000
4130.00048828125000000
4139.99951171875000000
4149.99951171875000000
4160.00048828125000000
4169.99853515625000000
4180.00000000000000000
4189.99902343750000000
4199.99951171875000000
4210.00000000000000000
4219.99902343750000000
4229.99951171875000000
4239.99951171875000000
4250.00048828125000000
4259.99902343750000000
4270.00048828125000000
4279.99853515625000000
4289.99853515625000000
4299.99951171875000000
4309.99902343750000000
4320.00097656250000000
4330.00000000000000000
4339.99951171875000000
4350.00146484375000000
4360.00097656250000000
4370.00097656250000000
4380.00000000000000000
4389.99902343750000000
4400.00000000000000000
4409.99951171875000000
4419.99853515625000000
4430.00048828125000000
4439.99951171875000000
4449.99951171875000000
4460.00097656250000000
4469.99804687500000000
4480.00048828125000000
4490.00000000000000000
4500.00048828125000000
4510.00048828125000000
4520.00048828125000000
4530.00097656250000000
4539.99853515625000000
4549.99951171875000000
4560.00146484375000000
4570.00048828125000000
4580.00000000000000000
4590.00000000000000000
4600.00048828125000000
4610.00048828125000000
4619.99951171875000000
4630.00000000000000000
4640.00000000000000000
4650.00048828125000000
4660.00048828125000000
4670.00048828125000000
4680.00097656250000000
4690.00048828125000000
4700.00000000000000000
4709.99951171875000000
4720.00048828125000000
4729.99951171875000000
4739.99951171875000000
4750.00000000000000000
4760.00048828125000000
4769.99902343750000000
4779.99853515625000000
4790.00000000000000000
4800.00000000000000000
4809.99902343750000000
4820.00097656250000000
4830.00146484375000000
4839.99951171875000000
4850.00097656250000000
4860.00000000000000000
4870.00097656250000000
4879.99853515625000000
4890.00000000000000000
4900.00048828125000000
4910.00048828125000000
4919.99951171875000000
4930.00097656250000000
4940.00146484375000000
4949.99853515625000000
4960.00000000000000000
4969.99853515625000000
4979.99804687500000000
4989.99951171875000000
4999.99951171875000000
5009.99951171875000000
5020.00000000000000000
5030.00000000000000000
5040.00097656250000000
5049.99951171875000000
5060.00097656250000000
5070.00146484375000000
5079.99902343750000000
5090.00000000000000000
5100.00000000000000000
5110.00048828125000000
5120.00000000000000000
5129.99951171875000000
5140.00048828125000000
5150.00048828125000000
5160.00000000000000000
5170.00000000000000000
5179.99951171875000000
5189.99902343750000000
5200.00048828125000000
5210.00244140625000000
5220.00000000000000000
5230.00000000000000000
5240.00000000000000000
5249.99951171875000000
5260.00146484375000000
5270.00048828125000000
5280.00000000000000000
5289.99902343750000000
5300.00097656250000000
5310.00097656250000000
5320.00097656250000000
5329.99951171875000000
5339.99951171875000000
5349.99951171875000000
5359.99951171875000000
5370.00000000000000000
5379.99951171875000000
5390.00000000000000000
5400.00000000000000000
5410.00097656250000000
5420.00000000000000000
5430.00146484375000000
5439.99951171875000000
5450.00048828125000000
5459.99951171875000000
5469.99853515625000000
5480.00000000000000000
5489.99902343750000000
5500.00097656250000000
5510.00048828125000000
5520.00000000000000000
5529.99902343750000000
5539.99951171875000000
5549.99902343750000000
5560.00048828125000000
5569.99902343750000000
5580.00097656250000000
5590.00000000000000000
5600.00000000000000000
5610.00048828125000000
5620.00000000000000000
5629.99951171875000000
5640.00048828125000000
5650.00000000000000000
5660.00048828125000000
5669.99951171875000000
5679.99755859375000000
5690.00097656250000000
5700.00048828125000000
5710.00048828125000000
5720.00048828125000000
5729.99902343750000000
5740.00146484375000000
5750.00000000000000000
5759.99902343750000000
5770.00000000000000000
5779.99951171875000000
5790.00146484375000000
5800.00048828125000000
5810.00048828125000000
5819.99951171875000000
5830.00097656250000000
5840.00000000000000000
5849.99951171875000000
5859.99902343750000000
5870.00048828125000000
5879.99853515625000000
5890.00048828125000000
5900.00048828125000000
5910.00000000000000000
5920.00000000000000000
5930.00146484375000000
5939.99902343750000000
5950.00146484375000000
5959.99853515625000000
5970.00097656250000000
5980.00000000000000000
5990.00048828125000000
6000.00146484375000000
6010.00000000000000000
6020.00000000000000000
6029.99902343750000000
6039.99951171875000000
6049.99902343750000000
6059.99951171875000000
6070.00000000000000000
6080.00048828125000000
6090.00048828125000000
6100.00244140625000000
6110.00048828125000000
6119.99951171875000000
6129.99951171875000000
6139.99902343750000000
6150.00048828125000000
6160.00048828125000000
6170.00000000000000000
6180.00097656250000000
6190.00146484375000000
6199.99951171875000000
6210.00000000000000000
6219.99951171875000000
6230.00048828125000000
6239.99902343750000000
6250.00097656250000000
6260.00146484375000000
6270.00000000000000000
6279.99951171875000000
6290.00000000000000000
6300.00000000000000000
6309.99951171875000000
6320.00048828125000000
6329.99951171875000000
6340.00048828125000000
6350.00000000000000000
6360.00097656250000000
6370.00097656250000000
6380.00048828125000000
6390.00048828125000000
6400.00146484375000000
6410.00048828125000000
6419.99951171875000000
6430.00146484375000000
6440.00097656250000000
6449.99951171875000000
6460.00146484375000000
6469.99902343750000000
6480.00048828125000000
6489.99902343750000000
6500.00000000000000000
6510.00000000000000000
6519.99951171875000000
6530.00000000000000000
6540.00000000000000000
6550.00097656250000000
6560.00048828125000000
6570.00048828125000000
6580.00048828125000000
6589.99853515625000000
6600.00000000000000000
6610.00048828125000000
6620.00146484375000000
6629.99951171875000000
6640.00048828125000000
6650.00000000000000000
6660.00097656250000000
6669.99902343750000000
6680.00097656250000000
6689.99902343750000000
6699.99951171875000000
6710.00000000000000000
6719.99951171875000000
6729.99902343750000000
6740.00000000000000000
6750.00146484375000000
6760.00000000000000000
6770.00000000000000000
6779.99902343750000000
6790.00048828125000000
6800.00000000000000000
6809.99951171875000000
6820.00000000000000000
6829.99902343750000000
6839.99804687500000000
6850.00097656250000000
6860.00000000000000000
6869.99804687500000000
6879.99853515625000000
6890.00048828125000000
6900.00048828125000000
6910.00048828125000000
6920.00000000000000000
6930.00048828125000000
6940.00146484375000000
6950.00097656250000000
6960.00097656250000000
6970.00000000000000000
6979.99951171875000000
6990.00048828125000000
7000.00097656250000000
7009.99951171875000000
7020.00000000000000000
7030.00097656250000000
7039.99902343750000000
7050.00048828125000000
7060.00000000000000000
7070.00097656250000000
7079.99951171875000000
7090.00048828125000000
7099.99902343750000000
7110.00048828125000000
7119.99951171875000000
7129.99853515625000000
7140.00000000000000000
7150.00097656250000000
7160.00244140625000000
7169.99902343750000000
7180.00097656250000000
7190.00000000000000000
7200.00000000000000000
7209.99951171875000000
7220.00000000000000000
7230.00048828125000000
7240.00048828125000000
7249.99804687500000000
7260.00000000000000000
7270.00048828125000000
7279.99902343750000000
7290.00097656250000000
7299.99951171875000000
7310.00000000000000000
7320.00048828125000000
7330.00146484375000000
7340.00048828125000000
7349.99951171875000000
7360.00097656250000000
7370.00195312500000000
7380.00048828125000000
7389.99951171875000000
7399.99951171875000000
7409.99902343750000000
7420.00048828125000000
7430.00048828125000000
7439.99951171875000000
7450.00097656250000000
7460.00048828125000000
7470.00000000000000000
7479.99951171875000000
7490.00097656250000000
7500.00048828125000000
7509.99902343750000000
7520.00000000000000000
7530.00048828125000000
7540.00097656250000000
7550.00146484375000000
7560.00097656250000000
7569.99902343750000000
7579.99902343750000000
7589.99853515625000000
7600.00000000000000000
7609.99951171875000000
7619.99804687500000000
7629.99951171875000000
7639.99951171875000000
7650.00000000000000000
7659.99951171875000000
7669.99902343750000000
7680.00048828125000000
7690.00000000000000000
7699.99951171875000000
7710.00048828125000000
7720.00000000000000000
7729.99902343750000000
7739.99951171875000000
7750.00048828125000000
7760.00048828125000000
7770.00048828125000000
7780.00048828125000000
7790.00000000000000000
7800.00097656250000000
7809.99804687500000000
7819.99804687500000000
7829.99804687500000000
7839.99755859375000000
7850.00048828125000000
7860.00292968750000000
7870.00000000000000000
7880.00048828125000000
7890.00195312500000000
7899.99902343750000000
7909.99902343750000000
7920.00048828125000000
7930.00000000000000000
7940.00097656250000000
7950.00048828125000000
7960.00097656250000000
7970.00097656250000000
7980.00195312500000000
7990.00097656250000000
8000.00097656250000000
8010.00048828125000000
8020.00097656250000000
8030.00097656250000000
8039.99951171875000000
8049.99853515625000000
8060.00097656250000000
8069.99804687500000000
8080.00195312500000000
8090.00000000000000000
8100.00000000000000000
8110.00000000000000000
8120.00048828125000000
8130.00048828125000000
8139.99902343750000000
8150.00244140625000000
8160.00146484375000000
8170.00146484375000000
8179.99951171875000000
8190.00048828125000000
8200.00000000000000000
8210.00000000000000000
8219.99804687500000000
8230.00097656250000000
8239.99902343750000000
8249.99902343750000000
8260.00097656250000000
8270.00292968750000000
8280.00097656250000000
8289.99902343750000000
8300.00195312500000000
8310.00000000000000000
8319.99902343750000000
8330.00000000000000000
8339.99804687500000000
8350.00195312500000000
8359.99804687500000000
8370.00000000000000000
8380.00000000000000000
8389.99902343750000000
8399.99707031250000000
8409.99902343750000000
8420.00097656250000000
8430.00195312500000000
8439.99707031250000000
8450.00488281250000000
8460.00097656250000000
8469.99707031250000000
8479.99804687500000000
8490.00195312500000000
8499.99804687500000000
8510.00097656250000000
8520.00000000000000000
8529.99707031250000000
8540.00000000000000000
8550.00097656250000000
8559.99707031250000000
8570.00292968750000000
8580.00195312500000000
8590.00000000000000000
8600.00292968750000000
8609.99707031250000000
8620.00000000000000000
8630.00000000000000000
8640.00097656250000000
8650.00000000000000000
8659.99707031250000000
8670.00097656250000000
8680.00195312500000000
8689.99902343750000000
8700.00097656250000000
8709.99902343750000000
8720.00000000000000000
8730.00000000000000000
8740.00097656250000000
8749.99804687500000000
8759.99902343750000000
8770.00097656250000000
8780.00000000000000000
8790.00000000000000000
8800.00195312500000000
8810.00000000000000000
8820.00000000000000000
8829.99902343750000000
8840.00195312500000000
8850.00000000000000000
8860.00195312500000000
8869.99902343750000000
8880.00097656250000000
8890.00195312500000000
8899.99804687500000000
8909.99902343750000000
8920.00000000000000000
8930.00000000000000000
8940.00097656250000000
8949.99804687500000000
8960.00195312500000000
8969.99902343750000000
8979.99804687500000000
8989.99804687500000000
8999.99902343750000000
9010.00195312500000000
9020.00000000000000000
9030.00195312500000000
9039.99902343750000000
9050.00292968750000000
9059.99902343750000000
9070.00195312500000000
9079.99804687500000000
9089.99902343750000000
9099.99902343750000000
9109.99804687500000000
9119.99902343750000000
9130.00097656250000000
9140.00292968750000000
9150.00000000000000000
9159.99902343750000000
9170.00292968750000000
9180.00000000000000000
9189.99902343750000000
9199.99804687500000000
9209.99804687500000000
9219.99609375000000000
9229.99902343750000000
9239.99804687500000000
9249.99707031250000000
9260.00000000000000000
9269.99804687500000000
9280.00195312500000000
9289.99902343750000000
9300.00000000000000000
9309.99804687500000000
9319.99609375000000000
9329.99804687500000000
9340.00097656250000000
9349.99902343750000000
9360.00000000000000000
9370.00097656250000000
9380.00097656250000000
9390.00195312500000000
9400.00000000000000000
9410.00195312500000000
9419.99609375000000000
9429.99902343750000000
9440.00292968750000000
9450.00390625000000000
9460.00097656250000000
9469.99707031250000000
9479.99804687500000000
9489.99804687500000000
9499.99707031250000000
9510.00000000000000000
9519.99804687500000000
9529.99707031250000000
9539.99902343750000000
9549.99902343750000000
9559.99804687500000000
9570.00097656250000000
9580.00000000000000000
9590.00097656250000000
9600.00195312500000000
9609.99804687500000000
9620.00488281250000000
9629.99804687500000000
9639.99804687500000000
9650.00292968750000000
9659.99902343750000000
9669.99707031250000000
9680.00000000000000000
9690.00195312500000000
9700.00195312500000000
9710.00097656250000000
9720.00195312500000000
9730.00097656250000000
9739.99902343750000000
9749.99902343750000000
9759.99902343750000000
9769.99804687500000000
9779.99707031250000000
9790.00097656250000000
9800.00000000000000000
9809.99707031250000000
9820.00195312500000000
9830.00097656250000000
9840.00292968750000000
9850.00000000000000000
9860.00000000000000000
9869.99707031250000000
9880.00097656250000000
9889.99804687500000000
9899.99902343750000000
9909.99707031250000000
9919.99902343750000000
9929.99707031250000000
9940.00097656250000000
9950.00292968750000000
9959.99902343750000000
9969.99902343750000000
9980.00000000000000000
9990.00097656250000000
