0.00000000000000000
0.50000005960464478
1.00000011920928955
1.50000000000000000
2.00000047683715820
2.50000000000000000
3.00000000000000000
3.50000047683715820
3.99999976158142090
4.50000095367431641
5.00000047683715820
5.50000095367431641
6.00000000000000000
6.50000095367431641
6.99999952316284180
7.50000000000000000
7.99999952316284180
8.49999904632568359
9.00000000000000000
9.50000000000000000
10.00000000000000000
10.49999904632568359
11.00000000000000000
11.50000000000000000
11.99999904632568359
12.50000000000000000
13.00000000000000000
13.50000000000000000
13.99999904632568359
14.50000095367431641
15.00000095367431641
15.50000000000000000
15.99999809265136719
16.50000000000000000
17.00000000000000000
17.50000190734863281
18.00000572204589844
18.49999809265136719
19.00000190734863281
19.50000190734863281
19.99999809265136719
20.49999809265136719
21.00000190734863281
21.50000000000000000
21.99999809265136719
22.49999809265136719
23.00000572204589844
23.50000000000000000
24.00000000000000000
24.50000190734863281
24.99999809265136719
25.50000381469726562
26.00000000000000000
26.50000381469726562
26.99999809265136719
27.50000000000000000
28.00000000000000000
28.50000000000000000
28.99999618530273438
29.50000000000000000
30.00000000000000000
30.50000000000000000
31.00000190734863281
31.50000381469726562
32.00000762939453125
32.50000381469726562
33.00000381469726562
33.50000381469726562
34.00000000000000000
34.49999237060546875
35.00000762939453125
35.50000762939453125
36.00000381469726562
36.49999618530273438
36.99999618530273438
37.50000762939453125
37.99998855590820312
38.50000381469726562
39.00000381469726562
39.50000762939453125
40.00000000000000000
40.50000762939453125
41.00000762939453125
41.50000000000000000
42.00000000000000000
42.50000000000000000
43.00000381469726562
43.49999618530273438
44.00000000000000000
44.50000381469726562
45.00000000000000000
45.49998855590820312
45.99998855590820312
46.50000762939453125
47.00000381469726562
47.50001144409179688
48.00000762939453125
48.50000381469726562
49.00000000000000000
49.50000762939453125
49.99999237060546875
50.50000381469726562
51.00000000000000000
51.50000000000000000
52.00000381469726562
52.50001144409179688
53.00000000000000000
53.49999618530273438
54.00000381469726562
54.50000000000000000
55.00000000000000000
55.50000381469726562
56.00000762939453125
56.50000000000000000
57.00000381469726562
57.50000000000000000
58.00000762939453125
58.49998474121093750
58.99999618530273438
59.50000000000000000
59.99999237060546875
60.50000762939453125
61.00000381469726562
61.50000000000000000
61.99998855590820312
62.50000381469726562
63.00000000000000000
63.50000000000000000
63.99999618530273438
64.49999237060546875
64.99999237060546875
65.49999237060546875
66.00000000000000000
66.50000000000000000
67.00000000000000000
67.50000762939453125
67.99998474121093750
68.49999237060546875
69.00000762939453125
69.50000762939453125
69.99999237060546875
70.50000762939453125
71.00000000000000000
71.49997711181640625
72.00000000000000000
72.50000762939453125
73.00000000000000000
73.50001525878906250
74.00000000000000000
74.49998474121093750
74.99998474121093750
75.50000762939453125
76.00000762939453125
76.50001525878906250
77.00000000000000000
77.49998474121093750
77.99998474121093750
78.50000762939453125
79.00000000000000000
79.50001525878906250
80.00000000000000000
80.49999237060546875
80.99999237060546875
81.50000000000000000
82.00000000000000000
82.49999237060546875
83.00001525878906250
83.50001525878906250
84.00000762939453125
84.50000762939453125
85.00000000000000000
85.50002288818359375
85.99999237060546875
86.50000762939453125
87.00000762939453125
87.50001525878906250
88.00001525878906250
88.50000762939453125
88.99998474121093750
89.50000000000000000
90.00000762939453125
90.49998474121093750
90.99998474121093750
91.49999237060546875
92.00001525878906250
92.49999237060546875
92.99999237060546875
93.50000000000000000
94.00000000000000000
94.50000000000000000
94.99997711181640625
95.49998474121093750
96.00000000000000000
96.49998474121093750
96.99998474121093750
97.49999237060546875
98.00000000000000000
98.49998474121093750
99.00000762939453125
99.49999237060546875
