0.00000000000000000
0.50000000000000000
1.00000000000000000
1.50000011920928955
2.00000000000000000
2.50000047683715820
3.00000000000000000
3.50000023841857910
4.00000143051147461
4.50000000000000000
4.99999952316284180
5.50000095367431641
5.99999952316284180
6.50000047683715820
7.00000047683715820
7.50000047683715820
7.99999952316284180
8.49999904632568359
9.00000000000000000
9.50000190734863281
10.00000190734863281
10.50000000000000000
10.99999809265136719
11.50000000000000000
12.00000000000000000
12.50000000000000000
13.00000000000000000
13.50000190734863281
14.00000000000000000
14.50000381469726562
15.00000381469726562
15.50000095367431641
15.99999904632568359
16.50000190734863281
17.00000000000000000
17.49999809265136719
18.00000190734863281
18.50000381469726562
18.99999809265136719
19.50000190734863281
20.00000190734863281
20.49999809265136719
21.00000000000000000
21.50000000000000000
22.00000190734863281
22.50000762939453125
23.00000190734863281
23.50000000000000000
23.99999809265136719
24.50000381469726562
24.99999809265136719
25.50000000000000000
26.00000190734863281
26.50000000000000000
26.99999618530273438
27.50000000000000000
27.99999809265136719
28.50000381469726562
29.00000190734863281
29.50000190734863281
29.99999809265136719
30.50000000000000000
31.00000381469726562
31.49999809265136719
31.99999618530273438
32.50000000000000000
33.00000381469726562
33.50000762939453125
34.00000381469726562
34.50001144409179688
35.00000381469726562
35.50000000000000000
36.00000000000000000
36.49999237060546875
36.99999618530273438
37.50000381469726562
38.00000000000000000
38.50000381469726562
38.99999618530273438
39.49999237060546875
40.00000000000000000
40.49999618530273438
41.00000381469726562
41.50000000000000000
41.99999618530273438
42.49999618530273438
42.99999618530273438
43.50000381469726562
43.99999237060546875
44.49999237060546875
44.99999618530273438
45.50000762939453125
46.00000000000000000
46.50000762939453125
47.00000381469726562
47.50000381469726562
47.99999618530273438
48.50000000000000000
49.00000381469726562
49.49999618530273438
50.00000000000000000
50.50000762939453125
51.00000762939453125
51.49999237060546875
52.00001144409179688
52.49998855590820312
53.00000381469726562
53.50000762939453125
54.00001144409179688
54.50000000000000000
54.99999618530273438
55.50000762939453125
55.99998855590820312
56.49999618530273438
57.00001525878906250
57.50000762939453125
58.00000000000000000
58.49998855590820312
59.00000000000000000
59.50000000000000000
59.99999618530273438
60.49999237060546875
61.00000000000000000
61.50000000000000000
62.00000000000000000
62.49999618530273438
62.99999237060546875
63.50000381469726562
63.99999618530273438
64.49998474121093750
65.00000000000000000
65.49999237060546875
66.00000000000000000
66.50000000000000000
67.00000000000000000
67.50000762939453125
68.00001525878906250
68.49999237060546875
69.00000762939453125
69.50000000000000000
69.99999237060546875
70.50001525878906250
71.00000000000000000
71.50000000000000000
72.00000000000000000
72.49999237060546875
73.00000000000000000
73.49997711181640625
74.00000000000000000
74.50001525878906250
75.00000762939453125
75.50001525878906250
76.00001525878906250
76.49999237060546875
77.00000000000000000
77.50002288818359375
78.00000000000000000
78.49999237060546875
79.00001525878906250
79.50000762939453125
79.99998474121093750
80.50000000000000000
80.99998474121093750
81.50000762939453125
82.00000000000000000
82.50000000000000000
83.00002288818359375
83.50000000000000000
84.00000762939453125
84.49999237060546875
85.00000762939453125
85.49997711181640625
86.00001525878906250
86.50000762939453125
87.00000762939453125
87.50000762939453125
88.00001525878906250
88.50000000000000000
89.00001525878906250
89.50000000000000000
90.00000762939453125
90.49999237060546875
91.00000762939453125
91.49998474121093750
91.99999237060546875
92.50000000000000000
92.99999237060546875
93.50000762939453125
94.00002288818359375
94.50001525878906250
95.00000000000000000
95.49999237060546875
96.00000000000000000
96.50000000000000000
97.00002288818359375
97.50000762939453125
97.99998474121093750
98.49999237060546875
98.99999237060546875
99.50000000000000000
