0.00000000000000000
0.50000005960464478
0.99999994039535522
1.50000000000000000
2.00000023841857910
2.49999976158142090
3.00000047683715820
3.50000023841857910
3.99999976158142090
4.50000047683715820
5.00000047683715820
5.50000000000000000
6.00000095367431641
6.50000143051147461
6.99999952316284180
7.50000047683715820
7.99999952316284180
8.50000000000000000
9.00000095367431641
9.50000000000000000
9.99999904632568359
10.49999809265136719
11.00000000000000000
11.50000190734863281
12.00000000000000000
12.50000000000000000
12.99999904632568359
13.49999713897705078
14.00000190734863281
14.50000286102294922
15.00000190734863281
15.50000095367431641
15.99999904632568359
16.49999809265136719
17.00000000000000000
17.49999809265136719
18.00000000000000000
18.50000190734863281
19.00000000000000000
19.49999809265136719
20.00000381469726562
20.49999809265136719
21.00000381469726562
21.50000190734863281
21.99999809265136719
22.49999809265136719
22.99999809265136719
23.49999618530273438
24.00000190734863281
24.50000381469726562
25.00000000000000000
25.49999809265136719
26.00000381469726562
26.50000000000000000
27.00000000000000000
27.50000000000000000
28.00000381469726562
28.50000381469726562
29.00000381469726562
29.49999427795410156
29.99999809265136719
30.50000572204589844
30.99999809265136719
31.50000000000000000
31.99999809265136719
32.50000000000000000
32.99999618530273438
33.50000381469726562
34.00000762939453125
34.50001525878906250
35.00001144409179688
35.49999618530273438
36.00000000000000000
36.50000381469726562
36.99999237060546875
37.49999618530273438
38.00000381469726562
38.49999618530273438
38.99999618530273438
39.49999618530273438
39.99999618530273438
40.50000000000000000
40.99999237060546875
41.49999618530273438
42.00000000000000000
42.50000381469726562
43.00000381469726562
43.50000381469726562
44.00000000000000000
44.50000000000000000
45.00000381469726562
45.50000762939453125
46.00000000000000000
46.50000381469726562
47.00000000000000000
47.49999618530273438
47.99999618530273438
48.50000381469726562
49.00000000000000000
49.50000762939453125
50.00000762939453125
50.50000000000000000
51.00000000000000000
51.50000000000000000
52.00000000000000000
52.49999618530273438
52.99999237060546875
53.50000381469726562
54.00000000000000000
54.50000000000000000
54.99999237060546875
55.49999618530273438
55.99999618530273438
56.50000000000000000
57.00000762939453125
57.49999618530273438
58.00001144409179688
58.50000381469726562
58.99999618530273438
59.50000000000000000
60.00000762939453125
60.50000000000000000
60.99999618530273438
61.49999237060546875
62.00000381469726562
62.49999618530273438
63.00001144409179688
63.50000762939453125
63.99999618530273438
64.50000762939453125
65.00000000000000000
65.50000762939453125
66.00001525878906250
66.50000000000000000
67.00000000000000000
67.50000762939453125
67.99999237060546875
68.50001525878906250
69.00000762939453125
69.50001525878906250
70.00000000000000000
70.49999237060546875
70.99999237060546875
71.50002288818359375
72.00000000000000000
72.50000000000000000
72.99998474121093750
73.50001525878906250
73.99999237060546875
74.50000000000000000
75.00000762939453125
75.50000762939453125
75.99999237060546875
76.49999237060546875
76.99999237060546875
77.49999237060546875
77.99999237060546875
78.49999237060546875
78.99997711181640625
79.50000762939453125
80.00000762939453125
80.49999237060546875
81.00001525878906250
81.50001525878906250
81.99998474121093750
82.50000000000000000
83.00000762939453125
83.50001525878906250
84.00000762939453125
84.50001525878906250
84.99999237060546875
85.50000000000000000
86.00000000000000000
86.49999237060546875
87.00003051757812500
87.49998474121093750
88.00000762939453125
88.50001525878906250
89.00000762939453125
89.49998474121093750
90.00000000000000000
90.50000000000000000
91.00000762939453125
91.50002288818359375
92.00000000000000000
92.50002288818359375
93.00000762939453125
93.50000000000000000
94.00000000000000000
94.50000000000000000
95.00001525878906250
95.49998474121093750
95.99997711181640625
96.50000762939453125
97.00000762939453125
97.49998474121093750
98.00001525878906250
98.50000000000000000
99.00000000000000000
99.50000000000000000
