0.00000000000000000
0.50000005960464478
1.00000000000000000
1.49999988079071045
1.99999988079071045
2.50000023841857910
2.99999952316284180
3.50000000000000000
4.00000000000000000
4.49999952316284180
5.00000000000000000
5.50000000000000000
6.00000047683715820
6.50000047683715820
7.00000047683715820
7.49999904632568359
8.00000095367431641
8.49999904632568359
9.00000000000000000
9.50000190734863281
9.99999904632568359
10.50000000000000000
11.00000095367431641
11.50000000000000000
12.00000000000000000
12.50000000000000000
13.00000000000000000
13.50000095367431641
14.00000000000000000
14.50000095367431641
15.00000000000000000
15.50000000000000000
15.99999904632568359
16.49999618530273438
16.99999618530273438
17.50000190734863281
18.00000381469726562
18.50000000000000000
19.00000000000000000
19.49999809265136719
20.00000190734863281
20.50000381469726562
20.99999618530273438
21.50000000000000000
22.00000000000000000
22.50000000000000000
23.00000000000000000
23.50000000000000000
23.99999809265136719
24.50000000000000000
25.00000000000000000
25.50000000000000000
26.00000000000000000
26.49999809265136719
27.00000000000000000
27.49999809265136719
28.00000000000000000
28.49999618530273438
28.99999427795410156
29.50000000000000000
30.00000190734863281
30.50000000000000000
30.99999809265136719
31.50000190734863281
31.99999809265136719
32.50000762939453125
32.99999237060546875
33.49999618530273438
34.00000381469726562
34.50000000000000000
35.00001144409179688
35.50000381469726562
35.99999618530273438
36.50000381469726562
37.00000381469726562
37.49999237060546875
37.99999618530273438
38.50000762939453125
38.99999618530273438
39.50000381469726562
40.00000000000000000
40.50000381469726562
41.00000000000000000
41.50000000000000000
42.00000000000000000
42.50000381469726562
43.00000762939453125
43.50000000000000000
44.00001144409179688
44.50000381469726562
45.00000381469726562
45.50000381469726562
45.99999237060546875
46.50000381469726562
47.00000762939453125
47.50000000000000000
48.00000000000000000
48.50000000000000000
49.00000762939453125
49.50000381469726562
49.99999618530273438
50.49999237060546875
51.00000000000000000
51.50001144409179688
52.00000381469726562
52.50000000000000000
53.00001144409179688
53.50000000000000000
53.99998855590820312
54.50000000000000000
54.99999237060546875
55.50000762939453125
56.00000381469726562
56.50000000000000000
57.00000000000000000
57.49999618530273438
58.00000381469726562
58.49999237060546875
59.00000381469726562
59.50000381469726562
60.00000762939453125
60.50000381469726562
60.99998855590820312
61.50000000000000000
61.99999618530273438
62.49999237060546875
62.99999618530273438
63.50000381469726562
63.99999237060546875
64.50000762939453125
64.99999237060546875
65.49998474121093750
65.99998474121093750
66.49999237060546875
66.99999237060546875
67.50000762939453125
68.00000000000000000
68.50001525878906250
69.00000000000000000
69.50000762939453125
69.99999237060546875
70.50001525878906250
71.00000762939453125
71.50001525878906250
72.00000762939453125
72.50000762939453125
73.00002288818359375
73.50000000000000000
74.00000000000000000
74.50001525878906250
74.99999237060546875
75.50000000000000000
76.00000762939453125
76.50000762939453125
76.99999237060546875
77.50000762939453125
77.99999237060546875
78.50000762939453125
79.00000762939453125
79.50000000000000000
80.00000762939453125
80.50001525878906250
80.99999237060546875
81.50002288818359375
82.00000762939453125
82.50001525878906250
83.00000000000000000
83.50000000000000000
83.99999237060546875
84.50000000000000000
85.00000000000000000
85.50001525878906250
86.00002288818359375
86.49999237060546875
87.00000762939453125
87.49999237060546875
88.00000000000000000
88.49999237060546875
89.00000762939453125
89.50000000000000000
89.99999237060546875
90.50000000000000000
91.00000762939453125
91.50001525878906250
91.99998474121093750
92.50002288818359375
93.00000000000000000
93.50000000000000000
93.99998474121093750
94.50000000000000000
95.00001525878906250
95.50001525878906250
96.00000000000000000
96.49998474121093750
97.00000762939453125
97.50002288818359375
98.00000762939453125
98.50001525878906250
99.00000762939453125
99.50001525878906250
