0.00000000000000000
0.50000000000000000
1.00000000000000000
1.50000000000000000
2.00000000000000000
2.50000000000000000
2.99999952316284180
3.50000023841857910
4.00000000000000000
4.49999952316284180
5.00000047683715820
5.50000000000000000
6.00000095367431641
6.49999952316284180
6.99999952316284180
7.49999856948852539
7.99999952316284180
8.49999904632568359
9.00000000000000000
9.50000000000000000
9.99999904632568359
10.50000000000000000
10.99999904632568359
11.49999904632568359
12.00000000000000000
12.49999713897705078
12.99999904632568359
13.50000190734863281
14.00000095367431641
14.50000000000000000
14.99999809265136719
15.49999904632568359
16.00000000000000000
16.50000190734863281
17.00000190734863281
17.50000000000000000
18.00000190734863281
18.50000000000000000
18.99999618530273438
19.49999618530273438
19.99999427795410156
20.50000381469726562
21.00000000000000000
21.50000762939453125
21.99999809265136719
22.49999809265136719
23.00000000000000000
23.50000190734863281
24.00000572204589844
24.49999809265136719
25.00000000000000000
25.50000381469726562
26.00000190734863281
26.49999809265136719
27.00000190734863281
27.49999809265136719
28.00000190734863281
28.50000572204589844
29.00000000000000000
29.50000190734863281
30.00000762939453125
30.50000572204589844
31.00000381469726562
31.49999809265136719
32.00000381469726562
32.49999237060546875
33.00000000000000000
33.49999618530273438
34.00000381469726562
34.50000000000000000
35.00000381469726562
35.49999237060546875
36.00000381469726562
36.49999618530273438
36.99999237060546875
37.50000762939453125
38.00000381469726562
38.49999237060546875
39.00000000000000000
39.50000000000000000
39.99999618530273438
40.50000762939453125
41.00000000000000000
41.50000000000000000
42.00000000000000000
42.50000000000000000
43.00000000000000000
43.49999618530273438
44.00000381469726562
44.50000381469726562
44.99999237060546875
45.49999237060546875
46.00000000000000000
46.50001144409179688
46.99999618530273438
47.50000762939453125
48.00000000000000000
48.49999618530273438
48.99999618530273438
49.50000381469726562
50.00000000000000000
50.50000762939453125
51.00000762939453125
51.50000381469726562
52.00000381469726562
52.50000000000000000
52.99998855590820312
53.49999618530273438
53.99999618530273438
54.49999237060546875
55.00000762939453125
55.50000762939453125
56.00000000000000000
56.49998855590820312
57.00000381469726562
57.49999237060546875
58.00000762939453125
58.50000381469726562
59.00000000000000000
59.50000381469726562
60.00000381469726562
60.49998474121093750
61.00000381469726562
61.50000000000000000
62.00000762939453125
62.50000000000000000
62.99999237060546875
63.50001144409179688
63.99999618530273438
64.50000762939453125
65.00000000000000000
65.50000000000000000
65.99999237060546875
66.50000000000000000
67.00000762939453125
67.49999237060546875
67.99999237060546875
68.50000762939453125
69.00000762939453125
69.50002288818359375
70.00000762939453125
70.50000762939453125
70.99999237060546875
71.49999237060546875
72.00000762939453125
72.50000762939453125
73.00000762939453125
73.49999237060546875
74.00000762939453125
74.49998474121093750
74.99997711181640625
75.50002288818359375
75.99999237060546875
76.50000762939453125
76.99999237060546875
77.50003051757812500
78.00000762939453125
78.49999237060546875
79.00000762939453125
79.49997711181640625
80.00000000000000000
80.49999237060546875
80.99998474121093750
81.49999237060546875
82.00000762939453125
82.49999237060546875
83.00000000000000000
83.50000000000000000
83.99998474121093750
84.50000762939453125
85.00001525878906250
85.50000000000000000
86.00000000000000000
86.50000762939453125
87.00001525878906250
87.50002288818359375
87.99999237060546875
88.50000000000000000
89.00000762939453125
89.50000000000000000
90.00000762939453125
90.50000000000000000
90.99999237060546875
91.49999237060546875
92.00000000000000000
92.50000000000000000
93.00001525878906250
93.50000762939453125
93.99998474121093750
94.50000000000000000
94.99997711181640625
95.49997711181640625
96.00000762939453125
96.50000762939453125
96.99997711181640625
97.50000000000000000
98.00000000000000000
98.49999237060546875
99.00000762939453125
99.50001525878906250
