0.00000000000000000
0.50000000000000000
1.00000000000000000
1.50000000000000000
2.00000000000000000
2.50000000000000000
3.00000000000000000
3.50000047683715820
4.00000095367431641
4.50000000000000000
5.00000047683715820
5.50000095367431641
6.00000000000000000
6.50000000000000000
7.00000000000000000
7.49999952316284180
8.00000000000000000
8.50000095367431641
9.00000190734863281
9.49999904632568359
10.00000095367431641
10.50000000000000000
10.99999904632568359
11.50000000000000000
11.99999713897705078
12.50000000000000000
12.99999904632568359
13.50000286102294922
14.00000190734863281
14.50000286102294922
15.00000095367431641
15.50000095367431641
16.00000190734863281
16.50000381469726562
17.00000000000000000
17.50000190734863281
18.00000000000000000
18.49999618530273438
19.00000190734863281
19.49999809265136719
20.00000000000000000
20.50000572204589844
20.99999809265136719
21.50000190734863281
22.00000190734863281
22.49999809265136719
23.00000190734863281
23.50000572204589844
24.00000000000000000
24.50000000000000000
25.00000000000000000
25.49999809265136719
25.99999427795410156
26.50000190734863281
26.99999809265136719
27.50000190734863281
27.99999618530273438
28.50000000000000000
28.99999618530273438
29.50000000000000000
30.00000381469726562
30.49999809265136719
30.99999809265136719
31.50000381469726562
31.99999809265136719
32.49999618530273438
33.00000000000000000
33.49998855590820312
34.00000381469726562
34.50000762939453125
35.00000000000000000
35.49999618530273438
36.00000000000000000
36.50000000000000000
37.00000000000000000
37.49999618530273438
37.99999618530273438
38.50000000000000000
39.00000762939453125
39.50000000000000000
40.00000381469726562
40.50000381469726562
41.00000381469726562
41.50000762939453125
42.00000762939453125
42.50000000000000000
42.99999618530273438
43.50000762939453125
44.00000000000000000
44.50001144409179688
45.00000000000000000
45.50000381469726562
46.00000000000000000
46.49999618530273438
47.00000381469726562
47.50000000000000000
48.00000762939453125
48.50000000000000000
48.99999618530273438
49.49999618530273438
50.00000000000000000
50.50000381469726562
50.99999618530273438
51.50000381469726562
51.99999237060546875
52.50000381469726562
53.00000381469726562
53.49998474121093750
54.00000762939453125
54.49999618530273438
55.00000000000000000
55.50000000000000000
55.99999618530273438
56.50000000000000000
57.00000000000000000
57.49999618530273438
58.00000381469726562
58.50000000000000000
59.00000000000000000
59.49999618530273438
60.00000762939453125
60.49999618530273438
60.99999237060546875
61.50000000000000000
61.99999618530273438
62.50000381469726562
63.00000381469726562
63.50000000000000000
63.99999618530273438
64.50000762939453125
65.00000762939453125
65.50000000000000000
66.00001525878906250
66.50000000000000000
67.00001525878906250
67.50000000000000000
68.00000000000000000
68.50000000000000000
69.00000762939453125
69.50000000000000000
70.00000762939453125
70.50000000000000000
71.00002288818359375
71.49998474121093750
71.99999237060546875
72.50000000000000000
73.00000762939453125
73.50000762939453125
74.00000762939453125
74.49999237060546875
75.00000762939453125
75.49999237060546875
76.00001525878906250
76.49999237060546875
76.99998474121093750
77.50000762939453125
78.00000762939453125
78.50000762939453125
78.99999237060546875
79.50000762939453125
80.00000762939453125
80.49998474121093750
81.00001525878906250
81.49998474121093750
82.00000000000000000
82.50000762939453125
83.00000000000000000
83.50000762939453125
84.00000000000000000
84.49998474121093750
84.99998474121093750
85.50001525878906250
86.00000000000000000
86.49998474121093750
87.00000762939453125
87.50001525878906250
88.00000000000000000
88.50000762939453125
89.00000000000000000
89.50001525878906250
90.00000762939453125
90.49999237060546875
91.00001525878906250
91.50000762939453125
92.00001525878906250
92.50000000000000000
93.00000000000000000
93.50000762939453125
94.00001525878906250
94.49998474121093750
95.00003051757812500
95.49999237060546875
96.00001525878906250
96.49998474121093750
96.99999237060546875
97.50000762939453125
97.99997711181640625
98.50000762939453125
99.00000762939453125
99.50001525878906250
