0.00000000000000000
0.49999997019767761
1.00000011920928955
1.50000000000000000
1.99999988079071045
2.50000047683715820
2.99999976158142090
3.50000047683715820
3.99999976158142090
4.50000047683715820
5.00000000000000000
5.50000047683715820
6.00000000000000000
6.50000047683715820
7.00000000000000000
7.50000000000000000
7.99999952316284180
8.49999904632568359
9.00000095367431641
9.49999904632568359
10.00000095367431641
10.50000000000000000
11.00000000000000000
11.50000095367431641
11.99999904632568359
12.49999904632568359
12.99999809265136719
13.50000000000000000
14.00000381469726562
14.50000000000000000
14.99999904632568359
15.49999904632568359
15.99999904632568359
16.49999618530273438
16.99999809265136719
17.50000190734863281
18.00000000000000000
18.50000190734863281
18.99999427795410156
19.49999809265136719
20.00000000000000000
20.49999809265136719
21.00000000000000000
21.49999809265136719
21.99999809265136719
22.50000762939453125
23.00000190734863281
23.50000190734863281
24.00000190734863281
24.50000000000000000
25.00000000000000000
25.49999237060546875
26.00000190734863281
26.49999618530273438
27.00000000000000000
27.49999809265136719
28.00000381469726562
28.50000190734863281
29.00000572204589844
29.50000190734863281
30.00000000000000000
30.50000000000000000
30.99999618530273438
31.49999618530273438
32.00000381469726562
32.50000000000000000
32.99999618530273438
33.49999618530273438
33.99999618530273438
34.49999237060546875
35.00000000000000000
35.50000381469726562
35.99999237060546875
36.49999618530273438
36.99999237060546875
37.49999237060546875
37.99999618530273438
38.50001144409179688
39.00000762939453125
39.50000000000000000
39.99999618530273438
40.49999237060546875
41.00000000000000000
41.50000381469726562
42.00001144409179688
42.49999618530273438
43.00000000000000000
43.49999237060546875
43.99999237060546875
44.50000381469726562
44.99999618530273438
45.49999237060546875
46.00000000000000000
46.50000000000000000
47.00001144409179688
47.50000381469726562
47.99999237060546875
48.50000000000000000
49.00000381469726562
49.49999618530273438
49.99999618530273438
50.50000381469726562
50.99999618530273438
51.50000381469726562
51.99999618530273438
52.50000381469726562
52.99999618530273438
53.49999237060546875
54.00000762939453125
54.50000381469726562
55.00000000000000000
55.50000381469726562
56.00000000000000000
56.49999618530273438
57.00000000000000000
57.50000762939453125
58.00000000000000000
58.50000000000000000
59.00000000000000000
59.50001144409179688
59.99998855590820312
60.49999237060546875
61.00000000000000000
61.50000381469726562
61.99999237060546875
62.49999618530273438
63.00000381469726562
63.49999237060546875
63.99999618530273438
64.50000762939453125
64.99999237060546875
65.50000762939453125
66.00000000000000000
66.49998474121093750
67.00000000000000000
67.49997711181640625
68.00000762939453125
68.49998474121093750
69.00000000000000000
69.50000000000000000
70.00002288818359375
70.49998474121093750
71.00001525878906250
71.50000762939453125
72.00000762939453125
72.50001525878906250
73.00000000000000000
73.50000000000000000
73.99998474121093750
74.50000000000000000
74.99999237060546875
75.50003051757812500
76.00001525878906250
76.49998474121093750
76.99999237060546875
77.50000000000000000
78.00002288818359375
78.50000000000000000
79.00001525878906250
79.50000762939453125
80.00000762939453125
80.49998474121093750
81.00001525878906250
81.49997711181640625
81.99998474121093750
82.49999237060546875
83.00002288818359375
83.49999237060546875
83.99999237060546875
84.50000000000000000
85.00000000000000000
85.50001525878906250
86.00000000000000000
86.50000000000000000
86.99999237060546875
87.49999237060546875
88.00000000000000000
88.49999237060546875
89.00000762939453125
89.50000762939453125
90.00000000000000000
90.50000000000000000
91.00000000000000000
91.50000000000000000
92.00000000000000000
92.49998474121093750
93.00003051757812500
93.50002288818359375
94.00000762939453125
94.50001525878906250
94.99999237060546875
95.50001525878906250
96.00000000000000000
96.49998474121093750
97.00000762939453125
97.50002288818359375
98.00000762939453125
98.50000000000000000
99.00000762939453125
99.50000000000000000
