0.00000000000000000
0.50000000000000000
0.99999994039535522
1.50000011920928955
2.00000000000000000
2.49999976158142090
3.00000000000000000
3.50000000000000000
4.00000000000000000
4.50000047683715820
5.00000047683715820
5.49999952316284180
6.00000047683715820
6.50000047683715820
7.00000047683715820
7.50000190734863281
7.99999952316284180
8.50000000000000000
9.00000000000000000
9.50000190734863281
10.00000000000000000
10.49999904632568359
10.99999809265136719
11.50000095367431641
12.00000095367431641
12.50000000000000000
12.99999904632568359
13.50000000000000000
13.99999904632568359
14.50000000000000000
14.99999809265136719
15.50000095367431641
16.00000190734863281
16.49999618530273438
17.00000000000000000
17.49999809265136719
18.00000381469726562
18.50000000000000000
18.99999809265136719
19.50000000000000000
20.00000190734863281
20.50000190734863281
21.00000190734863281
21.49999809265136719
22.00000381469726562
22.50000000000000000
23.00000190734863281
23.50000190734863281
24.00000190734863281
24.50000000000000000
24.99999809265136719
25.50000381469726562
26.00000000000000000
26.49999809265136719
27.00000190734863281
27.49999618530273438
28.00000190734863281
28.50000000000000000
28.99999809265136719
29.50000572204589844
29.99999809265136719
30.50000190734863281
31.00000190734863281
31.50000190734863281
32.00000762939453125
32.50000000000000000
33.00000381469726562
33.49999618530273438
34.00000381469726562
34.50000762939453125
35.00000000000000000
35.50000000000000000
36.00000000000000000
36.50000000000000000
37.00000381469726562
37.50000762939453125
38.00001144409179688
38.50000762939453125
39.00000000000000000
39.50000381469726562
40.00000000000000000
40.49999618530273438
40.99999237060546875
41.50000762939453125
42.00000381469726562
42.50000000000000000
43.00000381469726562
43.50000000000000000
44.00000762939453125
44.50000381469726562
45.00000381469726562
45.50000762939453125
46.00001144409179688
46.50000381469726562
47.00000762939453125
47.50000000000000000
47.99999237060546875
48.50000762939453125
49.00000000000000000
49.49999237060546875
49.99999237060546875
50.49999618530273438
51.00000381469726562
51.50000000000000000
52.00000762939453125
52.50000762939453125
52.99999237060546875
53.50000381469726562
54.00000000000000000
54.50000762939453125
55.00000000000000000
55.50000762939453125
56.00000381469726562
56.49999237060546875
57.00000762939453125
57.49999237060546875
58.00000381469726562
58.49999618530273438
58.99999237060546875
59.50000000000000000
60.00000762939453125
60.50000762939453125
60.99999237060546875
61.50000381469726562
62.00000381469726562
62.50000381469726562
63.00000762939453125
63.50000000000000000
64.00000762939453125
64.50000762939453125
65.00000000000000000
65.50000000000000000
66.00000762939453125
66.50000762939453125
67.00001525878906250
67.50002288818359375
68.00001525878906250
68.50000000000000000
68.99997711181640625
69.49998474121093750
70.00000762939453125
70.49999237060546875
70.99999237060546875
71.50000000000000000
72.00000000000000000
72.49999237060546875
73.00000762939453125
73.50000000000000000
74.00000762939453125
74.50000762939453125
74.99998474121093750
75.50000000000000000
76.00001525878906250
76.49999237060546875
76.99999237060546875
77.49999237060546875
78.00000762939453125
78.50001525878906250
79.00000762939453125
79.49999237060546875
80.00000762939453125
80.50000762939453125
81.00001525878906250
81.50001525878906250
82.00001525878906250
82.49999237060546875
82.99999237060546875
83.50000762939453125
84.00000000000000000
84.49999237060546875
84.99999237060546875
85.50001525878906250
86.00000762939453125
86.50000762939453125
86.99999237060546875
87.50000000000000000
87.99999237060546875
88.50000762939453125
89.00000000000000000
89.50001525878906250
89.99999237060546875
90.49999237060546875
91.00000000000000000
91.49999237060546875
91.99999237060546875
92.50000000000000000
92.99999237060546875
93.50000000000000000
94.00000762939453125
94.50000000000000000
94.99998474121093750
95.50000762939453125
96.00001525878906250
96.50000000000000000
97.00001525878906250
97.49999237060546875
98.00000000000000000
98.50000762939453125
99.00001525878906250
99.50000000000000000
