0.00000000000000000
0.49999997019767761
0.99999994039535522
1.50000011920928955
2.00000000000000000
2.50000023841857910
2.99999976158142090
3.49999976158142090
3.99999952316284180
4.50000095367431641
5.00000095367431641
5.50000000000000000
6.00000000000000000
6.50000095367431641
7.00000000000000000
7.50000000000000000
7.99999952316284180
8.49999713897705078
9.00000286102294922
9.50000095367431641
10.00000095367431641
10.49999809265136719
11.00000095367431641
11.50000095367431641
11.99999904632568359
12.50000000000000000
12.99999809265136719
13.49999904632568359
14.00000000000000000
14.50000000000000000
15.00000286102294922
15.50000000000000000
16.00000190734863281
16.50000381469726562
17.00000381469726562
17.49999809265136719
18.00000000000000000
18.50000381469726562
19.00000190734863281
19.49999809265136719
20.00000190734863281
20.50000000000000000
21.00000190734863281
21.50000190734863281
21.99999809265136719
22.50000190734863281
22.99999809265136719
23.50000381469726562
24.00000000000000000
24.49999809265136719
25.00000190734863281
25.50000190734863281
26.00000190734863281
26.50000381469726562
26.99999809265136719
27.50000381469726562
28.00000190734863281
28.50000190734863281
29.00000190734863281
29.50000381469726562
30.00000000000000000
30.50000000000000000
31.00000190734863281
31.49999809265136719
32.00000762939453125
32.50000000000000000
33.00000381469726562
33.50000762939453125
34.00000000000000000
34.50000000000000000
34.99999618530273438
35.49998855590820312
36.00000000000000000
36.50000762939453125
36.99999618530273438
37.50000381469726562
38.00000381469726562
38.50000381469726562
39.00000000000000000
39.50001525878906250
39.99999618530273438
40.50000000000000000
41.00000381469726562
41.50000000000000000
42.00000000000000000
42.50000381469726562
42.99999618530273438
43.50000381469726562
44.00000000000000000
44.50000381469726562
44.99999618530273438
45.50000381469726562
45.99999618530273438
46.50000000000000000
47.00000381469726562
47.49998855590820312
47.99999618530273438
48.50000381469726562
48.99999618530273438
49.49999237060546875
50.00000000000000000
50.50000000000000000
50.99999618530273438
51.50000381469726562
52.00000000000000000
52.50000000000000000
53.00000762939453125
53.49999237060546875
54.00000381469726562
54.49999618530273438
54.99999618530273438
55.49999618530273438
56.00000762939453125
56.49999618530273438
56.99998855590820312
57.50000762939453125
58.00000762939453125
58.49999237060546875
58.99999237060546875
59.50000381469726562
60.00000762939453125
60.50001525878906250
61.00000381469726562
61.50000000000000000
62.00001525878906250
62.49999618530273438
62.99998855590820312
63.50000762939453125
64.00000762939453125
64.49999237060546875
65.00000000000000000
65.50000762939453125
66.00000762939453125
66.50000762939453125
67.00000000000000000
67.50000762939453125
67.99999237060546875
68.50000762939453125
69.00002288818359375
69.50002288818359375
70.00000762939453125
70.49999237060546875
70.99998474121093750
71.49999237060546875
72.00001525878906250
72.50001525878906250
72.99999237060546875
73.50000762939453125
74.00000000000000000
74.49999237060546875
74.99999237060546875
75.50000000000000000
75.99999237060546875
76.50000000000000000
77.00000000000000000
77.50000000000000000
77.99999237060546875
78.49999237060546875
79.00000762939453125
79.50000762939453125
79.99999237060546875
80.50001525878906250
81.00001525878906250
81.50000000000000000
82.00000762939453125
82.49999237060546875
83.00003051757812500
83.50001525878906250
84.00000762939453125
84.50000762939453125
85.00000762939453125
85.50000762939453125
86.00001525878906250
86.49998474121093750
86.99999237060546875
87.50002288818359375
87.99998474121093750
88.50000762939453125
88.99999237060546875
89.49999237060546875
90.00000000000000000
90.49999237060546875
91.00000762939453125
91.49998474121093750
92.00000762939453125
92.50001525878906250
92.99997711181640625
93.50002288818359375
94.00000762939453125
94.50000000000000000
95.00000000000000000
95.50001525878906250
96.00000000000000000
96.49999237060546875
97.00000000000000000
97.50000000000000000
98.00001525878906250
98.49999237060546875
98.99999237060546875
99.50000762939453125
