0.00000000000000000
0.50000000000000000
1.00000023841857910
1.50000000000000000
2.00000047683715820
2.50000000000000000
3.00000047683715820
3.49999976158142090
4.00000000000000000
4.49999904632568359
5.00000000000000000
5.50000000000000000
6.00000047683715820
6.50000095367431641
6.99999952316284180
7.50000000000000000
8.00000000000000000
8.49999904632568359
9.00000095367431641
9.49999904632568359
10.00000095367431641
10.50000190734863281
11.00000000000000000
11.50000000000000000
12.00000000000000000
12.49999809265136719
13.00000190734863281
13.50000000000000000
14.00000095367431641
14.49999904632568359
15.00000000000000000
15.49999904632568359
15.99999904632568359
16.50000000000000000
17.00000000000000000
17.50000190734863281
18.00000000000000000
18.50000381469726562
19.00000190734863281
19.49999809265136719
20.00000000000000000
20.49999618530273438
21.00000381469726562
21.50000000000000000
21.99999809265136719
22.49999809265136719
23.00000000000000000
23.50000572204589844
24.00000000000000000
24.49999809265136719
25.00000000000000000
25.50000000000000000
26.00000000000000000
26.50000381469726562
27.00000190734863281
27.49999809265136719
27.99999618530273438
28.50000000000000000
29.00000190734863281
29.50000000000000000
29.99999618530273438
30.49999809265136719
31.00000381469726562
31.50000000000000000
32.00000000000000000
32.50000381469726562
33.00000381469726562
33.50000381469726562
34.00000381469726562
34.49999237060546875
35.00000762939453125
35.50000000000000000
36.00000762939453125
36.49999618530273438
36.99999618530273438
37.50000000000000000
38.00000000000000000
38.50000762939453125
39.00000000000000000
39.50000381469726562
40.00001144409179688
40.49999237060546875
40.99999618530273438
41.50000000000000000
41.99999618530273438
42.49999618530273438
43.00000381469726562
43.50000000000000000
44.00000381469726562
44.50000000000000000
44.99999618530273438
45.50000381469726562
46.00000000000000000
46.50000000000000000
47.00000381469726562
47.50000000000000000
47.99999237060546875
48.50000762939453125
48.99999618530273438
49.49999237060546875
49.99999618530273438
50.49998855590820312
50.99999618530273438
51.49998855590820312
52.00000000000000000
52.49998855590820312
53.00000381469726562
53.49999237060546875
54.00000000000000000
54.50000381469726562
55.00000000000000000
55.50000381469726562
56.00000381469726562
56.50001525878906250
57.00000000000000000
57.49999618530273438
58.00000000000000000
58.50001144409179688
59.00000762939453125
59.50000762939453125
60.00000000000000000
60.50000000000000000
61.00000000000000000
61.49999618530273438
62.00000762939453125
62.50000000000000000
62.99999618530273438
63.50000000000000000
64.00000762939453125
64.50000000000000000
65.00000762939453125
65.50002288818359375
66.00000000000000000
66.50001525878906250
66.99999237060546875
67.50000000000000000
68.00000000000000000
68.50001525878906250
69.00000000000000000
69.50000000000000000
70.00000000000000000
70.49999237060546875
70.99999237060546875
71.50000000000000000
72.00000000000000000
72.50000000000000000
72.99998474121093750
73.50000762939453125
73.99998474121093750
74.50000000000000000
74.99999237060546875
75.50000000000000000
75.99998474121093750
76.49999237060546875
77.00000000000000000
77.50000000000000000
78.00000000000000000
78.49998474121093750
79.00000000000000000
79.49997711181640625
80.00000000000000000
80.50001525878906250
81.00000000000000000
81.50001525878906250
82.00000762939453125
82.50000000000000000
83.00001525878906250
83.50001525878906250
84.00001525878906250
84.50002288818359375
84.99999237060546875
85.50000762939453125
86.00001525878906250
86.50000000000000000
87.00000000000000000
87.49999237060546875
88.00000762939453125
88.49999237060546875
88.99998474121093750
89.50000000000000000
89.99998474121093750
90.50000000000000000
90.99997711181640625
91.50000000000000000
91.99999237060546875
92.50000762939453125
93.00002288818359375
93.50000000000000000
94.00000000000000000
94.50000762939453125
95.00001525878906250
95.50000762939453125
95.99999237060546875
96.49999237060546875
97.00001525878906250
97.50000000000000000
97.99999237060546875
98.50003051757812500
99.00001525878906250
99.49998474121093750
