0.00000000000000000
0.49999997019767761
1.00000000000000000
1.50000011920928955
2.00000000000000000
2.50000023841857910
3.00000047683715820
3.50000047683715820
4.00000047683715820
4.50000000000000000
5.00000000000000000
5.50000047683715820
6.00000000000000000
6.50000000000000000
7.00000000000000000
7.50000047683715820
8.00000095367431641
8.50000000000000000
9.00000000000000000
9.50000000000000000
10.00000095367431641
10.50000095367431641
11.00000095367431641
11.50000095367431641
12.00000000000000000
12.50000000000000000
13.00000095367431641
13.50000095367431641
14.00000190734863281
14.49999809265136719
15.00000286102294922
15.49999809265136719
16.00000190734863281
16.50000190734863281
17.00000190734863281
17.50000000000000000
18.00000000000000000
18.50000381469726562
19.00000381469726562
19.50000190734863281
20.00000000000000000
20.49999427795410156
21.00000190734863281
21.50000000000000000
22.00000000000000000
22.49999809265136719
23.00000000000000000
23.50000381469726562
24.00000000000000000
24.50000000000000000
24.99999809265136719
25.49999809265136719
25.99999618530273438
26.49999618530273438
27.00000190734863281
27.50000000000000000
28.00000000000000000
28.49999618530273438
29.00000190734863281
29.50000190734863281
30.00000190734863281
30.49999809265136719
31.00000190734863281
31.50000190734863281
32.00000000000000000
32.49999237060546875
32.99999618530273438
33.50000381469726562
34.00000000000000000
34.49999237060546875
35.00000000000000000
35.50000000000000000
36.00000762939453125
36.50000000000000000
37.00000000000000000
37.49999618530273438
37.99999237060546875
38.50000381469726562
39.00000381469726562
39.49999618530273438
40.00001525878906250
40.50000381469726562
41.00000000000000000
41.49999618530273438
42.00000381469726562
42.49999237060546875
43.00000381469726562
43.50000381469726562
44.00000000000000000
44.50000762939453125
45.00000000000000000
45.50000381469726562
46.00000000000000000
46.50000000000000000
47.00000762939453125
47.50000000000000000
48.00000762939453125
48.50000000000000000
48.99999618530273438
49.49999618530273438
49.99999237060546875
50.50000381469726562
51.00000000000000000
51.50000381469726562
51.99999618530273438
52.50000762939453125
53.00000381469726562
53.50000000000000000
54.00000762939453125
54.50000762939453125
55.00000381469726562
55.50000000000000000
55.99999618530273438
56.50000381469726562
57.00000000000000000
57.49998092651367188
58.00000762939453125
58.50000381469726562
59.00000381469726562
59.50000381469726562
59.99999618530273438
60.50000000000000000
61.00000762939453125
61.50000381469726562
61.99999237060546875
62.50000000000000000
62.99999618530273438
63.49999618530273438
63.99999618530273438
64.49998474121093750
65.00001525878906250
65.49999237060546875
65.99999237060546875
66.50002288818359375
67.00000762939453125
67.50000762939453125
68.00000762939453125
68.50000762939453125
68.99999237060546875
69.50000000000000000
70.00000762939453125
70.49998474121093750
71.00000000000000000
71.49998474121093750
72.00000762939453125
72.50000000000000000
73.00001525878906250
73.49999237060546875
73.99999237060546875
74.50000000000000000
75.00001525878906250
75.50001525878906250
76.00000000000000000
76.50000762939453125
76.99999237060546875
77.49999237060546875
78.00000762939453125
78.49998474121093750
79.00000762939453125
79.49996948242187500
80.00000762939453125
80.50002288818359375
81.00000762939453125
81.49999237060546875
82.00000762939453125
82.50000762939453125
82.99998474121093750
83.50000762939453125
83.99999237060546875
84.50001525878906250
84.99998474121093750
85.49999237060546875
86.00000000000000000
86.49999237060546875
87.00000000000000000
87.49998474121093750
88.00001525878906250
88.50000762939453125
88.99999237060546875
89.49998474121093750
89.99999237060546875
90.50000000000000000
90.99999237060546875
91.50000000000000000
91.99999237060546875
92.49999237060546875
92.99999237060546875
93.49998474121093750
94.00000000000000000
94.50000762939453125
95.00000000000000000
95.49999237060546875
95.99998474121093750
96.49999237060546875
96.99999237060546875
97.49999237060546875
97.99998474121093750
98.49998474121093750
99.00002288818359375
99.50000762939453125
